timestamp,__name__,endpoint,instance,job,method,namespace,pod,prometheus,service,value
2024-08-05 04:46:06.604000092,tgi_batch_inference_success,http,10.131.3.166:3000,tgis-bam,next_token,fmaas-monitoring,llama-2.1,openshift-user-workload-monitoring/user-workload,tgis-bam,24499.0
2024-08-05 04:46:11.604000092,tgi_batch_inference_success,http,10.131.3.166:3000,tgis-bam,next_token,fmaas-monitoring,llama-2.1,openshift-user-workload-monitoring/user-workload,tgis-bam,24555.0
2024-08-05 04:46:16.604000092,tgi_batch_inference_success,http,10.131.3.166:3000,tgis-bam,next_token,fmaas-monitoring,llama-2.1,openshift-user-workload-monitoring/user-workload,tgis-bam,24569.0
2024-08-05 04:46:21.604000092,tgi_batch_inference_success,http,10.131.3.166:3000,tgis-bam,next_token,fmaas-monitoring,llama-2.1,openshift-user-workload-monitoring/user-workload,tgis-bam,24586.0
2024-08-05 04:46:26.604000092,tgi_batch_inference_success,http,10.131.3.166:3000,tgis-bam,next_token,fmaas-monitoring,llama-2.1,openshift-user-workload-monitoring/user-workload,tgis-bam,24605.0
2024-08-05 04:46:31.604000092,tgi_batch_inference_success,http,10.131.3.166:3000,tgis-bam,next_token,fmaas-monitoring,llama-2.1,openshift-user-workload-monitoring/user-workload,tgis-bam,24619.0
2024-08-05 04:46:36.604000092,tgi_batch_inference_success,http,10.131.3.166:3000,tgis-bam,next_token,fmaas-monitoring,llama-2.1,openshift-user-workload-monitoring/user-workload,tgis-bam,24631.0
2024-08-05 04:46:41.604000092,tgi_batch_inference_success,http,10.131.3.166:3000,tgis-bam,next_token,fmaas-monitoring,llama-2.1,openshift-user-workload-monitoring/user-workload,tgis-bam,24643.0
2024-08-05 04:46:46.604000092,tgi_batch_inference_success,http,10.131.3.166:3000,tgis-bam,next_token,fmaas-monitoring,llama-2.1,openshift-user-workload-monitoring/user-workload,tgis-bam,24663.0
2024-08-05 04:46:51.604000092,tgi_batch_inference_success,http,10.131.3.166:3000,tgis-bam,next_token,fmaas-monitoring,llama-2.1,openshift-user-workload-monitoring/user-workload,tgis-bam,24685.0
2024-08-05 04:46:56.604000092,tgi_batch_inference_success,http,10.131.3.166:3000,tgis-bam,next_token,fmaas-monitoring,llama-2.1,openshift-user-workload-monitoring/user-workload,tgis-bam,24735.0
2024-08-05 04:47:01.604000092,tgi_batch_inference_success,http,10.131.3.166:3000,tgis-bam,next_token,fmaas-monitoring,llama-2.1,openshift-user-workload-monitoring/user-workload,tgis-bam,24765.0
2024-08-05 04:47:06.604000092,tgi_batch_inference_success,http,10.131.3.166:3000,tgis-bam,next_token,fmaas-monitoring,llama-2.1,openshift-user-workload-monitoring/user-workload,tgis-bam,24808.0
2024-08-05 04:47:11.604000092,tgi_batch_inference_success,http,10.131.3.166:3000,tgis-bam,next_token,fmaas-monitoring,llama-2.1,openshift-user-workload-monitoring/user-workload,tgis-bam,24847.0
2024-08-05 04:47:16.604000092,tgi_batch_inference_success,http,10.131.3.166:3000,tgis-bam,next_token,fmaas-monitoring,llama-2.1,openshift-user-workload-monitoring/user-workload,tgis-bam,24883.0
2024-08-05 04:47:21.604000092,tgi_batch_inference_success,http,10.131.3.166:3000,tgis-bam,next_token,fmaas-monitoring,llama-2.1,openshift-user-workload-monitoring/user-workload,tgis-bam,24903.0
2024-08-05 04:47:26.604000092,tgi_batch_inference_success,http,10.131.3.166:3000,tgis-bam,next_token,fmaas-monitoring,llama-2.1,openshift-user-workload-monitoring/user-workload,tgis-bam,24941.0
2024-08-05 04:47:31.604000092,tgi_batch_inference_success,http,10.131.3.166:3000,tgis-bam,next_token,fmaas-monitoring,llama-2.1,openshift-user-workload-monitoring/user-workload,tgis-bam,24987.0
2024-08-05 04:47:36.604000092,tgi_batch_inference_success,http,10.131.3.166:3000,tgis-bam,next_token,fmaas-monitoring,llama-2.1,openshift-user-workload-monitoring/user-workload,tgis-bam,25027.0
2024-08-05 04:47:41.604000092,tgi_batch_inference_success,http,10.131.3.166:3000,tgis-bam,next_token,fmaas-monitoring,llama-2.1,openshift-user-workload-monitoring/user-workload,tgis-bam,25072.0
2024-08-05 04:47:46.604000092,tgi_batch_inference_success,http,10.131.3.166:3000,tgis-bam,next_token,fmaas-monitoring,llama-2.1,openshift-user-workload-monitoring/user-workload,tgis-bam,25096.0
2024-08-05 04:47:51.604000092,tgi_batch_inference_success,http,10.131.3.166:3000,tgis-bam,next_token,fmaas-monitoring,llama-2.1,openshift-user-workload-monitoring/user-workload,tgis-bam,25146.0
2024-08-05 04:47:56.604000092,tgi_batch_inference_success,http,10.131.3.166:3000,tgis-bam,next_token,fmaas-monitoring,llama-2.1,openshift-user-workload-monitoring/user-workload,tgis-bam,25172.0
2024-08-05 04:48:01.604000092,tgi_batch_inference_success,http,10.131.3.166:3000,tgis-bam,next_token,fmaas-monitoring,llama-2.1,openshift-user-workload-monitoring/user-workload,tgis-bam,25194.0
2024-08-05 04:48:06.604000092,tgi_batch_inference_success,http,10.131.3.166:3000,tgis-bam,next_token,fmaas-monitoring,llama-2.1,openshift-user-workload-monitoring/user-workload,tgis-bam,25238.0
2024-08-05 04:48:11.604000092,tgi_batch_inference_success,http,10.131.3.166:3000,tgis-bam,next_token,fmaas-monitoring,llama-2.1,openshift-user-workload-monitoring/user-workload,tgis-bam,25281.0
2024-08-05 04:48:16.604000092,tgi_batch_inference_success,http,10.131.3.166:3000,tgis-bam,next_token,fmaas-monitoring,llama-2.1,openshift-user-workload-monitoring/user-workload,tgis-bam,25325.0
2024-08-05 04:48:21.604000092,tgi_batch_inference_success,http,10.131.3.166:3000,tgis-bam,next_token,fmaas-monitoring,llama-2.1,openshift-user-workload-monitoring/user-workload,tgis-bam,25365.0
2024-08-05 04:48:26.604000092,tgi_batch_inference_success,http,10.131.3.166:3000,tgis-bam,next_token,fmaas-monitoring,llama-2.1,openshift-user-workload-monitoring/user-workload,tgis-bam,25397.0
2024-08-05 04:48:31.604000092,tgi_batch_inference_success,http,10.131.3.166:3000,tgis-bam,next_token,fmaas-monitoring,llama-2.1,openshift-user-workload-monitoring/user-workload,tgis-bam,25442.0
2024-08-05 04:48:36.604000092,tgi_batch_inference_success,http,10.131.3.166:3000,tgis-bam,next_token,fmaas-monitoring,llama-2.1,openshift-user-workload-monitoring/user-workload,tgis-bam,25470.0
2024-08-05 04:48:41.604000092,tgi_batch_inference_success,http,10.131.3.166:3000,tgis-bam,next_token,fmaas-monitoring,llama-2.1,openshift-user-workload-monitoring/user-workload,tgis-bam,25487.0
2024-08-05 04:48:46.604000092,tgi_batch_inference_success,http,10.131.3.166:3000,tgis-bam,next_token,fmaas-monitoring,llama-2.1,openshift-user-workload-monitoring/user-workload,tgis-bam,25515.0
2024-08-05 04:48:51.604000092,tgi_batch_inference_success,http,10.131.3.166:3000,tgis-bam,next_token,fmaas-monitoring,llama-2.1,openshift-user-workload-monitoring/user-workload,tgis-bam,25531.0
2024-08-05 04:48:56.604000092,tgi_batch_inference_success,http,10.131.3.166:3000,tgis-bam,next_token,fmaas-monitoring,llama-2.1,openshift-user-workload-monitoring/user-workload,tgis-bam,25584.0
2024-08-05 04:49:01.604000092,tgi_batch_inference_success,http,10.131.3.166:3000,tgis-bam,next_token,fmaas-monitoring,llama-2.1,openshift-user-workload-monitoring/user-workload,tgis-bam,25617.0
2024-08-05 04:49:06.604000092,tgi_batch_inference_success,http,10.131.3.166:3000,tgis-bam,next_token,fmaas-monitoring,llama-2.1,openshift-user-workload-monitoring/user-workload,tgis-bam,25667.0
2024-08-05 04:49:11.604000092,tgi_batch_inference_success,http,10.131.3.166:3000,tgis-bam,next_token,fmaas-monitoring,llama-2.1,openshift-user-workload-monitoring/user-workload,tgis-bam,25733.0
2024-08-05 04:49:16.604000092,tgi_batch_inference_success,http,10.131.3.166:3000,tgis-bam,next_token,fmaas-monitoring,llama-2.1,openshift-user-workload-monitoring/user-workload,tgis-bam,25733.0
2024-08-05 04:49:21.604000092,tgi_batch_inference_success,http,10.131.3.166:3000,tgis-bam,next_token,fmaas-monitoring,llama-2.1,openshift-user-workload-monitoring/user-workload,tgis-bam,25761.0
2024-08-05 04:49:26.604000092,tgi_batch_inference_success,http,10.131.3.166:3000,tgis-bam,next_token,fmaas-monitoring,llama-2.1,openshift-user-workload-monitoring/user-workload,tgis-bam,25804.0
2024-08-05 04:49:31.604000092,tgi_batch_inference_success,http,10.131.3.166:3000,tgis-bam,next_token,fmaas-monitoring,llama-2.1,openshift-user-workload-monitoring/user-workload,tgis-bam,25830.0
2024-08-05 04:49:36.604000092,tgi_batch_inference_success,http,10.131.3.166:3000,tgis-bam,next_token,fmaas-monitoring,llama-2.1,openshift-user-workload-monitoring/user-workload,tgis-bam,25852.0
2024-08-05 04:49:41.604000092,tgi_batch_inference_success,http,10.131.3.166:3000,tgis-bam,next_token,fmaas-monitoring,llama-2.1,openshift-user-workload-monitoring/user-workload,tgis-bam,25863.0
2024-08-05 04:49:46.611999989,tgi_batch_inference_success,http,10.131.3.166:3000,tgis-bam,next_token,fmaas-monitoring,llama-2.1,openshift-user-workload-monitoring/user-workload,tgis-bam,25875.0
2024-08-05 04:49:51.604000092,tgi_batch_inference_success,http,10.131.3.166:3000,tgis-bam,next_token,fmaas-monitoring,llama-2.1,openshift-user-workload-monitoring/user-workload,tgis-bam,25885.0
2024-08-05 04:49:56.604000092,tgi_batch_inference_success,http,10.131.3.166:3000,tgis-bam,next_token,fmaas-monitoring,llama-2.1,openshift-user-workload-monitoring/user-workload,tgis-bam,25896.0
2024-08-05 04:50:01.604000092,tgi_batch_inference_success,http,10.131.3.166:3000,tgis-bam,next_token,fmaas-monitoring,llama-2.1,openshift-user-workload-monitoring/user-workload,tgis-bam,25910.0
2024-08-05 04:50:06.604000092,tgi_batch_inference_success,http,10.131.3.166:3000,tgis-bam,next_token,fmaas-monitoring,llama-2.1,openshift-user-workload-monitoring/user-workload,tgis-bam,25922.0
2024-08-05 04:50:11.604000092,tgi_batch_inference_success,http,10.131.3.166:3000,tgis-bam,next_token,fmaas-monitoring,llama-2.1,openshift-user-workload-monitoring/user-workload,tgis-bam,25933.0
2024-08-05 04:50:16.604000092,tgi_batch_inference_success,http,10.131.3.166:3000,tgis-bam,next_token,fmaas-monitoring,llama-2.1,openshift-user-workload-monitoring/user-workload,tgis-bam,25957.0
2024-08-05 04:50:21.604000092,tgi_batch_inference_success,http,10.131.3.166:3000,tgis-bam,next_token,fmaas-monitoring,llama-2.1,openshift-user-workload-monitoring/user-workload,tgis-bam,25981.0
2024-08-05 04:50:26.604000092,tgi_batch_inference_success,http,10.131.3.166:3000,tgis-bam,next_token,fmaas-monitoring,llama-2.1,openshift-user-workload-monitoring/user-workload,tgis-bam,25993.0
2024-08-05 04:50:31.604000092,tgi_batch_inference_success,http,10.131.3.166:3000,tgis-bam,next_token,fmaas-monitoring,llama-2.1,openshift-user-workload-monitoring/user-workload,tgis-bam,26017.0
2024-08-05 04:50:36.604000092,tgi_batch_inference_success,http,10.131.3.166:3000,tgis-bam,next_token,fmaas-monitoring,llama-2.1,openshift-user-workload-monitoring/user-workload,tgis-bam,26042.0
2024-08-05 04:50:41.604000092,tgi_batch_inference_success,http,10.131.3.166:3000,tgis-bam,next_token,fmaas-monitoring,llama-2.1,openshift-user-workload-monitoring/user-workload,tgis-bam,26069.0
2024-08-05 04:50:46.604000092,tgi_batch_inference_success,http,10.131.3.166:3000,tgis-bam,next_token,fmaas-monitoring,llama-2.1,openshift-user-workload-monitoring/user-workload,tgis-bam,26094.0
2024-08-05 04:50:51.604000092,tgi_batch_inference_success,http,10.131.3.166:3000,tgis-bam,next_token,fmaas-monitoring,llama-2.1,openshift-user-workload-monitoring/user-workload,tgis-bam,26109.0
2024-08-05 04:50:56.604000092,tgi_batch_inference_success,http,10.131.3.166:3000,tgis-bam,next_token,fmaas-monitoring,llama-2.1,openshift-user-workload-monitoring/user-workload,tgis-bam,26140.0
2024-08-05 04:51:01.604000092,tgi_batch_inference_success,http,10.131.3.166:3000,tgis-bam,next_token,fmaas-monitoring,llama-2.1,openshift-user-workload-monitoring/user-workload,tgis-bam,26165.0
2024-08-05 04:51:06.604000092,tgi_batch_inference_success,http,10.131.3.166:3000,tgis-bam,next_token,fmaas-monitoring,llama-2.1,openshift-user-workload-monitoring/user-workload,tgis-bam,26221.0
2024-08-05 04:51:11.604000092,tgi_batch_inference_success,http,10.131.3.166:3000,tgis-bam,next_token,fmaas-monitoring,llama-2.1,openshift-user-workload-monitoring/user-workload,tgis-bam,26235.0
2024-08-05 04:51:16.604000092,tgi_batch_inference_success,http,10.131.3.166:3000,tgis-bam,next_token,fmaas-monitoring,llama-2.1,openshift-user-workload-monitoring/user-workload,tgis-bam,26290.0
2024-08-05 04:51:21.604000092,tgi_batch_inference_success,http,10.131.3.166:3000,tgis-bam,next_token,fmaas-monitoring,llama-2.1,openshift-user-workload-monitoring/user-workload,tgis-bam,26348.0
2024-08-05 04:51:26.604000092,tgi_batch_inference_success,http,10.131.3.166:3000,tgis-bam,next_token,fmaas-monitoring,llama-2.1,openshift-user-workload-monitoring/user-workload,tgis-bam,26368.0
2024-08-05 04:51:31.604000092,tgi_batch_inference_success,http,10.131.3.166:3000,tgis-bam,next_token,fmaas-monitoring,llama-2.1,openshift-user-workload-monitoring/user-workload,tgis-bam,26394.0
2024-08-05 04:51:36.604000092,tgi_batch_inference_success,http,10.131.3.166:3000,tgis-bam,next_token,fmaas-monitoring,llama-2.1,openshift-user-workload-monitoring/user-workload,tgis-bam,26427.0
2024-08-05 04:51:41.604000092,tgi_batch_inference_success,http,10.131.3.166:3000,tgis-bam,next_token,fmaas-monitoring,llama-2.1,openshift-user-workload-monitoring/user-workload,tgis-bam,26443.0
2024-08-05 04:51:46.604000092,tgi_batch_inference_success,http,10.131.3.166:3000,tgis-bam,next_token,fmaas-monitoring,llama-2.1,openshift-user-workload-monitoring/user-workload,tgis-bam,26464.0
2024-08-05 04:51:51.604000092,tgi_batch_inference_success,http,10.131.3.166:3000,tgis-bam,next_token,fmaas-monitoring,llama-2.1,openshift-user-workload-monitoring/user-workload,tgis-bam,26478.0
2024-08-05 04:51:56.604000092,tgi_batch_inference_success,http,10.131.3.166:3000,tgis-bam,next_token,fmaas-monitoring,llama-2.1,openshift-user-workload-monitoring/user-workload,tgis-bam,26492.0
2024-08-05 04:52:01.604000092,tgi_batch_inference_success,http,10.131.3.166:3000,tgis-bam,next_token,fmaas-monitoring,llama-2.1,openshift-user-workload-monitoring/user-workload,tgis-bam,26506.0
2024-08-05 04:52:06.604000092,tgi_batch_inference_success,http,10.131.3.166:3000,tgis-bam,next_token,fmaas-monitoring,llama-2.1,openshift-user-workload-monitoring/user-workload,tgis-bam,26524.0
2024-08-05 04:52:11.604000092,tgi_batch_inference_success,http,10.131.3.166:3000,tgis-bam,next_token,fmaas-monitoring,llama-2.1,openshift-user-workload-monitoring/user-workload,tgis-bam,26537.0
2024-08-05 04:52:16.604000092,tgi_batch_inference_success,http,10.131.3.166:3000,tgis-bam,next_token,fmaas-monitoring,llama-2.1,openshift-user-workload-monitoring/user-workload,tgis-bam,26557.0
2024-08-05 04:52:21.604000092,tgi_batch_inference_success,http,10.131.3.166:3000,tgis-bam,next_token,fmaas-monitoring,llama-2.1,openshift-user-workload-monitoring/user-workload,tgis-bam,26570.0
2024-08-05 04:52:26.607000113,tgi_batch_inference_success,http,10.131.3.166:3000,tgis-bam,next_token,fmaas-monitoring,llama-2.1,openshift-user-workload-monitoring/user-workload,tgis-bam,26586.0
2024-08-05 04:52:31.604000092,tgi_batch_inference_success,http,10.131.3.166:3000,tgis-bam,next_token,fmaas-monitoring,llama-2.1,openshift-user-workload-monitoring/user-workload,tgis-bam,26604.0
2024-08-05 04:52:36.604000092,tgi_batch_inference_success,http,10.131.3.166:3000,tgis-bam,next_token,fmaas-monitoring,llama-2.1,openshift-user-workload-monitoring/user-workload,tgis-bam,26625.0
2024-08-05 04:52:41.604000092,tgi_batch_inference_success,http,10.131.3.166:3000,tgis-bam,next_token,fmaas-monitoring,llama-2.1,openshift-user-workload-monitoring/user-workload,tgis-bam,26651.0
2024-08-05 04:52:46.604000092,tgi_batch_inference_success,http,10.131.3.166:3000,tgis-bam,next_token,fmaas-monitoring,llama-2.1,openshift-user-workload-monitoring/user-workload,tgis-bam,26685.0
2024-08-05 04:52:51.604000092,tgi_batch_inference_success,http,10.131.3.166:3000,tgis-bam,next_token,fmaas-monitoring,llama-2.1,openshift-user-workload-monitoring/user-workload,tgis-bam,26703.0
2024-08-05 04:52:56.611000061,tgi_batch_inference_success,http,10.131.3.166:3000,tgis-bam,next_token,fmaas-monitoring,llama-2.1,openshift-user-workload-monitoring/user-workload,tgis-bam,26758.0
2024-08-05 04:53:01.604000092,tgi_batch_inference_success,http,10.131.3.166:3000,tgis-bam,next_token,fmaas-monitoring,llama-2.1,openshift-user-workload-monitoring/user-workload,tgis-bam,26805.0
2024-08-05 04:53:06.604000092,tgi_batch_inference_success,http,10.131.3.166:3000,tgis-bam,next_token,fmaas-monitoring,llama-2.1,openshift-user-workload-monitoring/user-workload,tgis-bam,26827.0
2024-08-05 04:53:11.604000092,tgi_batch_inference_success,http,10.131.3.166:3000,tgis-bam,next_token,fmaas-monitoring,llama-2.1,openshift-user-workload-monitoring/user-workload,tgis-bam,26873.0
2024-08-05 04:53:16.604000092,tgi_batch_inference_success,http,10.131.3.166:3000,tgis-bam,next_token,fmaas-monitoring,llama-2.1,openshift-user-workload-monitoring/user-workload,tgis-bam,26901.0
2024-08-05 04:53:21.604000092,tgi_batch_inference_success,http,10.131.3.166:3000,tgis-bam,next_token,fmaas-monitoring,llama-2.1,openshift-user-workload-monitoring/user-workload,tgis-bam,26911.0
2024-08-05 04:53:26.604000092,tgi_batch_inference_success,http,10.131.3.166:3000,tgis-bam,next_token,fmaas-monitoring,llama-2.1,openshift-user-workload-monitoring/user-workload,tgis-bam,26947.0
2024-08-05 04:53:31.604000092,tgi_batch_inference_success,http,10.131.3.166:3000,tgis-bam,next_token,fmaas-monitoring,llama-2.1,openshift-user-workload-monitoring/user-workload,tgis-bam,26965.0
2024-08-05 04:53:36.604000092,tgi_batch_inference_success,http,10.131.3.166:3000,tgis-bam,next_token,fmaas-monitoring,llama-2.1,openshift-user-workload-monitoring/user-workload,tgis-bam,27008.0
2024-08-05 04:53:41.604000092,tgi_batch_inference_success,http,10.131.3.166:3000,tgis-bam,next_token,fmaas-monitoring,llama-2.1,openshift-user-workload-monitoring/user-workload,tgis-bam,27042.0
2024-08-05 04:53:46.604000092,tgi_batch_inference_success,http,10.131.3.166:3000,tgis-bam,next_token,fmaas-monitoring,llama-2.1,openshift-user-workload-monitoring/user-workload,tgis-bam,27092.0
2024-08-05 04:53:51.604000092,tgi_batch_inference_success,http,10.131.3.166:3000,tgis-bam,next_token,fmaas-monitoring,llama-2.1,openshift-user-workload-monitoring/user-workload,tgis-bam,27154.0
2024-08-05 04:53:56.604000092,tgi_batch_inference_success,http,10.131.3.166:3000,tgis-bam,next_token,fmaas-monitoring,llama-2.1,openshift-user-workload-monitoring/user-workload,tgis-bam,27165.0
2024-08-05 04:54:01.604000092,tgi_batch_inference_success,http,10.131.3.166:3000,tgis-bam,next_token,fmaas-monitoring,llama-2.1,openshift-user-workload-monitoring/user-workload,tgis-bam,27209.0
2024-08-05 04:54:06.604000092,tgi_batch_inference_success,http,10.131.3.166:3000,tgis-bam,next_token,fmaas-monitoring,llama-2.1,openshift-user-workload-monitoring/user-workload,tgis-bam,27239.0
2024-08-05 04:54:11.604000092,tgi_batch_inference_success,http,10.131.3.166:3000,tgis-bam,next_token,fmaas-monitoring,llama-2.1,openshift-user-workload-monitoring/user-workload,tgis-bam,27272.0
2024-08-05 04:54:16.604000092,tgi_batch_inference_success,http,10.131.3.166:3000,tgis-bam,next_token,fmaas-monitoring,llama-2.1,openshift-user-workload-monitoring/user-workload,tgis-bam,27309.0
2024-08-05 04:54:21.604000092,tgi_batch_inference_success,http,10.131.3.166:3000,tgis-bam,next_token,fmaas-monitoring,llama-2.1,openshift-user-workload-monitoring/user-workload,tgis-bam,27342.0
2024-08-05 04:54:26.604000092,tgi_batch_inference_success,http,10.131.3.166:3000,tgis-bam,next_token,fmaas-monitoring,llama-2.1,openshift-user-workload-monitoring/user-workload,tgis-bam,27385.0
2024-08-05 04:54:31.604000092,tgi_batch_inference_success,http,10.131.3.166:3000,tgis-bam,next_token,fmaas-monitoring,llama-2.1,openshift-user-workload-monitoring/user-workload,tgis-bam,27452.0
2024-08-05 04:54:36.604000092,tgi_batch_inference_success,http,10.131.3.166:3000,tgis-bam,next_token,fmaas-monitoring,llama-2.1,openshift-user-workload-monitoring/user-workload,tgis-bam,27452.0
2024-08-05 04:54:41.604000092,tgi_batch_inference_success,http,10.131.3.166:3000,tgis-bam,next_token,fmaas-monitoring,llama-2.1,openshift-user-workload-monitoring/user-workload,tgis-bam,27520.0
2024-08-05 04:54:46.604000092,tgi_batch_inference_success,http,10.131.3.166:3000,tgis-bam,next_token,fmaas-monitoring,llama-2.1,openshift-user-workload-monitoring/user-workload,tgis-bam,27520.0
2024-08-05 04:54:51.604000092,tgi_batch_inference_success,http,10.131.3.166:3000,tgis-bam,next_token,fmaas-monitoring,llama-2.1,openshift-user-workload-monitoring/user-workload,tgis-bam,27545.0
2024-08-05 04:54:56.604000092,tgi_batch_inference_success,http,10.131.3.166:3000,tgis-bam,next_token,fmaas-monitoring,llama-2.1,openshift-user-workload-monitoring/user-workload,tgis-bam,27589.0
2024-08-05 04:55:01.604000092,tgi_batch_inference_success,http,10.131.3.166:3000,tgis-bam,next_token,fmaas-monitoring,llama-2.1,openshift-user-workload-monitoring/user-workload,tgis-bam,27616.0
2024-08-05 04:55:06.604000092,tgi_batch_inference_success,http,10.131.3.166:3000,tgis-bam,next_token,fmaas-monitoring,llama-2.1,openshift-user-workload-monitoring/user-workload,tgis-bam,27656.0
2024-08-05 04:55:11.604000092,tgi_batch_inference_success,http,10.131.3.166:3000,tgis-bam,next_token,fmaas-monitoring,llama-2.1,openshift-user-workload-monitoring/user-workload,tgis-bam,27682.0
2024-08-05 04:55:16.604000092,tgi_batch_inference_success,http,10.131.3.166:3000,tgis-bam,next_token,fmaas-monitoring,llama-2.1,openshift-user-workload-monitoring/user-workload,tgis-bam,27723.0
2024-08-05 04:55:21.604000092,tgi_batch_inference_success,http,10.131.3.166:3000,tgis-bam,next_token,fmaas-monitoring,llama-2.1,openshift-user-workload-monitoring/user-workload,tgis-bam,27784.0
2024-08-05 04:55:26.604000092,tgi_batch_inference_success,http,10.131.3.166:3000,tgis-bam,next_token,fmaas-monitoring,llama-2.1,openshift-user-workload-monitoring/user-workload,tgis-bam,27808.0
2024-08-05 04:55:31.604000092,tgi_batch_inference_success,http,10.131.3.166:3000,tgis-bam,next_token,fmaas-monitoring,llama-2.1,openshift-user-workload-monitoring/user-workload,tgis-bam,27822.0
2024-08-05 04:55:36.604000092,tgi_batch_inference_success,http,10.131.3.166:3000,tgis-bam,next_token,fmaas-monitoring,llama-2.1,openshift-user-workload-monitoring/user-workload,tgis-bam,27854.0
2024-08-05 04:55:41.604000092,tgi_batch_inference_success,http,10.131.3.166:3000,tgis-bam,next_token,fmaas-monitoring,llama-2.1,openshift-user-workload-monitoring/user-workload,tgis-bam,27870.0
2024-08-05 04:55:46.604000092,tgi_batch_inference_success,http,10.131.3.166:3000,tgis-bam,next_token,fmaas-monitoring,llama-2.1,openshift-user-workload-monitoring/user-workload,tgis-bam,27923.0
2024-08-05 04:55:51.604000092,tgi_batch_inference_success,http,10.131.3.166:3000,tgis-bam,next_token,fmaas-monitoring,llama-2.1,openshift-user-workload-monitoring/user-workload,tgis-bam,27974.0
2024-08-05 04:55:56.604000092,tgi_batch_inference_success,http,10.131.3.166:3000,tgis-bam,next_token,fmaas-monitoring,llama-2.1,openshift-user-workload-monitoring/user-workload,tgis-bam,27999.0
2024-08-05 04:56:01.604000092,tgi_batch_inference_success,http,10.131.3.166:3000,tgis-bam,next_token,fmaas-monitoring,llama-2.1,openshift-user-workload-monitoring/user-workload,tgis-bam,28038.0
2024-08-05 04:46:06.604000092,tgi_batch_inference_success,http,10.131.3.166:3000,tgis-bam,prefill,fmaas-monitoring,llama-2.1,openshift-user-workload-monitoring/user-workload,tgis-bam,2889.0
2024-08-05 04:46:11.604000092,tgi_batch_inference_success,http,10.131.3.166:3000,tgis-bam,prefill,fmaas-monitoring,llama-2.1,openshift-user-workload-monitoring/user-workload,tgis-bam,2894.0
2024-08-05 04:46:16.604000092,tgi_batch_inference_success,http,10.131.3.166:3000,tgis-bam,prefill,fmaas-monitoring,llama-2.1,openshift-user-workload-monitoring/user-workload,tgis-bam,2894.0
2024-08-05 04:46:21.604000092,tgi_batch_inference_success,http,10.131.3.166:3000,tgis-bam,prefill,fmaas-monitoring,llama-2.1,openshift-user-workload-monitoring/user-workload,tgis-bam,2902.0
2024-08-05 04:46:26.604000092,tgi_batch_inference_success,http,10.131.3.166:3000,tgis-bam,prefill,fmaas-monitoring,llama-2.1,openshift-user-workload-monitoring/user-workload,tgis-bam,2903.0
2024-08-05 04:46:31.604000092,tgi_batch_inference_success,http,10.131.3.166:3000,tgis-bam,prefill,fmaas-monitoring,llama-2.1,openshift-user-workload-monitoring/user-workload,tgis-bam,2907.0
2024-08-05 04:46:36.604000092,tgi_batch_inference_success,http,10.131.3.166:3000,tgis-bam,prefill,fmaas-monitoring,llama-2.1,openshift-user-workload-monitoring/user-workload,tgis-bam,2910.0
2024-08-05 04:46:41.604000092,tgi_batch_inference_success,http,10.131.3.166:3000,tgis-bam,prefill,fmaas-monitoring,llama-2.1,openshift-user-workload-monitoring/user-workload,tgis-bam,2914.0
2024-08-05 04:46:46.604000092,tgi_batch_inference_success,http,10.131.3.166:3000,tgis-bam,prefill,fmaas-monitoring,llama-2.1,openshift-user-workload-monitoring/user-workload,tgis-bam,2917.0
2024-08-05 04:46:51.604000092,tgi_batch_inference_success,http,10.131.3.166:3000,tgis-bam,prefill,fmaas-monitoring,llama-2.1,openshift-user-workload-monitoring/user-workload,tgis-bam,2921.0
2024-08-05 04:46:56.604000092,tgi_batch_inference_success,http,10.131.3.166:3000,tgis-bam,prefill,fmaas-monitoring,llama-2.1,openshift-user-workload-monitoring/user-workload,tgis-bam,2921.0
2024-08-05 04:47:01.604000092,tgi_batch_inference_success,http,10.131.3.166:3000,tgis-bam,prefill,fmaas-monitoring,llama-2.1,openshift-user-workload-monitoring/user-workload,tgis-bam,2927.0
2024-08-05 04:47:06.604000092,tgi_batch_inference_success,http,10.131.3.166:3000,tgis-bam,prefill,fmaas-monitoring,llama-2.1,openshift-user-workload-monitoring/user-workload,tgis-bam,2927.0
2024-08-05 04:47:11.604000092,tgi_batch_inference_success,http,10.131.3.166:3000,tgis-bam,prefill,fmaas-monitoring,llama-2.1,openshift-user-workload-monitoring/user-workload,tgis-bam,2933.0
2024-08-05 04:47:16.604000092,tgi_batch_inference_success,http,10.131.3.166:3000,tgis-bam,prefill,fmaas-monitoring,llama-2.1,openshift-user-workload-monitoring/user-workload,tgis-bam,2933.0
2024-08-05 04:47:21.604000092,tgi_batch_inference_success,http,10.131.3.166:3000,tgis-bam,prefill,fmaas-monitoring,llama-2.1,openshift-user-workload-monitoring/user-workload,tgis-bam,2939.0
2024-08-05 04:47:26.604000092,tgi_batch_inference_success,http,10.131.3.166:3000,tgis-bam,prefill,fmaas-monitoring,llama-2.1,openshift-user-workload-monitoring/user-workload,tgis-bam,2939.0
2024-08-05 04:47:31.604000092,tgi_batch_inference_success,http,10.131.3.166:3000,tgis-bam,prefill,fmaas-monitoring,llama-2.1,openshift-user-workload-monitoring/user-workload,tgis-bam,2945.0
2024-08-05 04:47:36.604000092,tgi_batch_inference_success,http,10.131.3.166:3000,tgis-bam,prefill,fmaas-monitoring,llama-2.1,openshift-user-workload-monitoring/user-workload,tgis-bam,2945.0
2024-08-05 04:47:41.604000092,tgi_batch_inference_success,http,10.131.3.166:3000,tgis-bam,prefill,fmaas-monitoring,llama-2.1,openshift-user-workload-monitoring/user-workload,tgis-bam,2951.0
2024-08-05 04:47:46.604000092,tgi_batch_inference_success,http,10.131.3.166:3000,tgis-bam,prefill,fmaas-monitoring,llama-2.1,openshift-user-workload-monitoring/user-workload,tgis-bam,2951.0
2024-08-05 04:47:51.604000092,tgi_batch_inference_success,http,10.131.3.166:3000,tgis-bam,prefill,fmaas-monitoring,llama-2.1,openshift-user-workload-monitoring/user-workload,tgis-bam,2957.0
2024-08-05 04:47:56.604000092,tgi_batch_inference_success,http,10.131.3.166:3000,tgis-bam,prefill,fmaas-monitoring,llama-2.1,openshift-user-workload-monitoring/user-workload,tgis-bam,2957.0
2024-08-05 04:48:01.604000092,tgi_batch_inference_success,http,10.131.3.166:3000,tgis-bam,prefill,fmaas-monitoring,llama-2.1,openshift-user-workload-monitoring/user-workload,tgis-bam,2962.0
2024-08-05 04:48:06.604000092,tgi_batch_inference_success,http,10.131.3.166:3000,tgis-bam,prefill,fmaas-monitoring,llama-2.1,openshift-user-workload-monitoring/user-workload,tgis-bam,2964.0
2024-08-05 04:48:11.604000092,tgi_batch_inference_success,http,10.131.3.166:3000,tgis-bam,prefill,fmaas-monitoring,llama-2.1,openshift-user-workload-monitoring/user-workload,tgis-bam,2971.0
2024-08-05 04:48:16.604000092,tgi_batch_inference_success,http,10.131.3.166:3000,tgis-bam,prefill,fmaas-monitoring,llama-2.1,openshift-user-workload-monitoring/user-workload,tgis-bam,2971.0
2024-08-05 04:48:21.604000092,tgi_batch_inference_success,http,10.131.3.166:3000,tgis-bam,prefill,fmaas-monitoring,llama-2.1,openshift-user-workload-monitoring/user-workload,tgis-bam,2977.0
2024-08-05 04:48:26.604000092,tgi_batch_inference_success,http,10.131.3.166:3000,tgis-bam,prefill,fmaas-monitoring,llama-2.1,openshift-user-workload-monitoring/user-workload,tgis-bam,2977.0
2024-08-05 04:48:31.604000092,tgi_batch_inference_success,http,10.131.3.166:3000,tgis-bam,prefill,fmaas-monitoring,llama-2.1,openshift-user-workload-monitoring/user-workload,tgis-bam,2983.0
2024-08-05 04:48:36.604000092,tgi_batch_inference_success,http,10.131.3.166:3000,tgis-bam,prefill,fmaas-monitoring,llama-2.1,openshift-user-workload-monitoring/user-workload,tgis-bam,2983.0
2024-08-05 04:48:41.604000092,tgi_batch_inference_success,http,10.131.3.166:3000,tgis-bam,prefill,fmaas-monitoring,llama-2.1,openshift-user-workload-monitoring/user-workload,tgis-bam,2991.0
2024-08-05 04:48:46.604000092,tgi_batch_inference_success,http,10.131.3.166:3000,tgis-bam,prefill,fmaas-monitoring,llama-2.1,openshift-user-workload-monitoring/user-workload,tgis-bam,2991.0
2024-08-05 04:48:51.604000092,tgi_batch_inference_success,http,10.131.3.166:3000,tgis-bam,prefill,fmaas-monitoring,llama-2.1,openshift-user-workload-monitoring/user-workload,tgis-bam,2996.0
2024-08-05 04:48:56.604000092,tgi_batch_inference_success,http,10.131.3.166:3000,tgis-bam,prefill,fmaas-monitoring,llama-2.1,openshift-user-workload-monitoring/user-workload,tgis-bam,2996.0
2024-08-05 04:49:01.604000092,tgi_batch_inference_success,http,10.131.3.166:3000,tgis-bam,prefill,fmaas-monitoring,llama-2.1,openshift-user-workload-monitoring/user-workload,tgis-bam,3004.0
2024-08-05 04:49:06.604000092,tgi_batch_inference_success,http,10.131.3.166:3000,tgis-bam,prefill,fmaas-monitoring,llama-2.1,openshift-user-workload-monitoring/user-workload,tgis-bam,3004.0
2024-08-05 04:49:11.604000092,tgi_batch_inference_success,http,10.131.3.166:3000,tgis-bam,prefill,fmaas-monitoring,llama-2.1,openshift-user-workload-monitoring/user-workload,tgis-bam,3010.0
2024-08-05 04:49:16.604000092,tgi_batch_inference_success,http,10.131.3.166:3000,tgis-bam,prefill,fmaas-monitoring,llama-2.1,openshift-user-workload-monitoring/user-workload,tgis-bam,3010.0
2024-08-05 04:49:21.604000092,tgi_batch_inference_success,http,10.131.3.166:3000,tgis-bam,prefill,fmaas-monitoring,llama-2.1,openshift-user-workload-monitoring/user-workload,tgis-bam,3018.0
2024-08-05 04:49:26.604000092,tgi_batch_inference_success,http,10.131.3.166:3000,tgis-bam,prefill,fmaas-monitoring,llama-2.1,openshift-user-workload-monitoring/user-workload,tgis-bam,3018.0
2024-08-05 04:49:31.604000092,tgi_batch_inference_success,http,10.131.3.166:3000,tgis-bam,prefill,fmaas-monitoring,llama-2.1,openshift-user-workload-monitoring/user-workload,tgis-bam,3026.0
2024-08-05 04:49:36.604000092,tgi_batch_inference_success,http,10.131.3.166:3000,tgis-bam,prefill,fmaas-monitoring,llama-2.1,openshift-user-workload-monitoring/user-workload,tgis-bam,3028.0
2024-08-05 04:49:41.604000092,tgi_batch_inference_success,http,10.131.3.166:3000,tgis-bam,prefill,fmaas-monitoring,llama-2.1,openshift-user-workload-monitoring/user-workload,tgis-bam,3033.0
2024-08-05 04:49:46.611999989,tgi_batch_inference_success,http,10.131.3.166:3000,tgis-bam,prefill,fmaas-monitoring,llama-2.1,openshift-user-workload-monitoring/user-workload,tgis-bam,3034.0
2024-08-05 04:49:51.604000092,tgi_batch_inference_success,http,10.131.3.166:3000,tgis-bam,prefill,fmaas-monitoring,llama-2.1,openshift-user-workload-monitoring/user-workload,tgis-bam,3039.0
2024-08-05 04:49:56.604000092,tgi_batch_inference_success,http,10.131.3.166:3000,tgis-bam,prefill,fmaas-monitoring,llama-2.1,openshift-user-workload-monitoring/user-workload,tgis-bam,3042.0
2024-08-05 04:50:01.604000092,tgi_batch_inference_success,http,10.131.3.166:3000,tgis-bam,prefill,fmaas-monitoring,llama-2.1,openshift-user-workload-monitoring/user-workload,tgis-bam,3042.0
2024-08-05 04:50:06.604000092,tgi_batch_inference_success,http,10.131.3.166:3000,tgis-bam,prefill,fmaas-monitoring,llama-2.1,openshift-user-workload-monitoring/user-workload,tgis-bam,3046.0
2024-08-05 04:50:11.604000092,tgi_batch_inference_success,http,10.131.3.166:3000,tgis-bam,prefill,fmaas-monitoring,llama-2.1,openshift-user-workload-monitoring/user-workload,tgis-bam,3052.0
2024-08-05 04:50:16.604000092,tgi_batch_inference_success,http,10.131.3.166:3000,tgis-bam,prefill,fmaas-monitoring,llama-2.1,openshift-user-workload-monitoring/user-workload,tgis-bam,3055.0
2024-08-05 04:50:21.604000092,tgi_batch_inference_success,http,10.131.3.166:3000,tgis-bam,prefill,fmaas-monitoring,llama-2.1,openshift-user-workload-monitoring/user-workload,tgis-bam,3057.0
2024-08-05 04:50:26.604000092,tgi_batch_inference_success,http,10.131.3.166:3000,tgis-bam,prefill,fmaas-monitoring,llama-2.1,openshift-user-workload-monitoring/user-workload,tgis-bam,3065.0
2024-08-05 04:50:31.604000092,tgi_batch_inference_success,http,10.131.3.166:3000,tgis-bam,prefill,fmaas-monitoring,llama-2.1,openshift-user-workload-monitoring/user-workload,tgis-bam,3066.0
2024-08-05 04:50:36.604000092,tgi_batch_inference_success,http,10.131.3.166:3000,tgis-bam,prefill,fmaas-monitoring,llama-2.1,openshift-user-workload-monitoring/user-workload,tgis-bam,3066.0
2024-08-05 04:50:41.604000092,tgi_batch_inference_success,http,10.131.3.166:3000,tgis-bam,prefill,fmaas-monitoring,llama-2.1,openshift-user-workload-monitoring/user-workload,tgis-bam,3071.0
2024-08-05 04:50:46.604000092,tgi_batch_inference_success,http,10.131.3.166:3000,tgis-bam,prefill,fmaas-monitoring,llama-2.1,openshift-user-workload-monitoring/user-workload,tgis-bam,3074.0
2024-08-05 04:50:51.604000092,tgi_batch_inference_success,http,10.131.3.166:3000,tgis-bam,prefill,fmaas-monitoring,llama-2.1,openshift-user-workload-monitoring/user-workload,tgis-bam,3080.0
2024-08-05 04:50:56.604000092,tgi_batch_inference_success,http,10.131.3.166:3000,tgis-bam,prefill,fmaas-monitoring,llama-2.1,openshift-user-workload-monitoring/user-workload,tgis-bam,3080.0
2024-08-05 04:51:01.604000092,tgi_batch_inference_success,http,10.131.3.166:3000,tgis-bam,prefill,fmaas-monitoring,llama-2.1,openshift-user-workload-monitoring/user-workload,tgis-bam,3085.0
2024-08-05 04:51:06.604000092,tgi_batch_inference_success,http,10.131.3.166:3000,tgis-bam,prefill,fmaas-monitoring,llama-2.1,openshift-user-workload-monitoring/user-workload,tgis-bam,3085.0
2024-08-05 04:51:11.604000092,tgi_batch_inference_success,http,10.131.3.166:3000,tgis-bam,prefill,fmaas-monitoring,llama-2.1,openshift-user-workload-monitoring/user-workload,tgis-bam,3089.0
2024-08-05 04:51:16.604000092,tgi_batch_inference_success,http,10.131.3.166:3000,tgis-bam,prefill,fmaas-monitoring,llama-2.1,openshift-user-workload-monitoring/user-workload,tgis-bam,3090.0
2024-08-05 04:51:21.604000092,tgi_batch_inference_success,http,10.131.3.166:3000,tgis-bam,prefill,fmaas-monitoring,llama-2.1,openshift-user-workload-monitoring/user-workload,tgis-bam,3095.0
2024-08-05 04:51:26.604000092,tgi_batch_inference_success,http,10.131.3.166:3000,tgis-bam,prefill,fmaas-monitoring,llama-2.1,openshift-user-workload-monitoring/user-workload,tgis-bam,3095.0
2024-08-05 04:51:31.604000092,tgi_batch_inference_success,http,10.131.3.166:3000,tgis-bam,prefill,fmaas-monitoring,llama-2.1,openshift-user-workload-monitoring/user-workload,tgis-bam,3103.0
2024-08-05 04:51:36.604000092,tgi_batch_inference_success,http,10.131.3.166:3000,tgis-bam,prefill,fmaas-monitoring,llama-2.1,openshift-user-workload-monitoring/user-workload,tgis-bam,3103.0
2024-08-05 04:51:41.604000092,tgi_batch_inference_success,http,10.131.3.166:3000,tgis-bam,prefill,fmaas-monitoring,llama-2.1,openshift-user-workload-monitoring/user-workload,tgis-bam,3110.0
2024-08-05 04:51:46.604000092,tgi_batch_inference_success,http,10.131.3.166:3000,tgis-bam,prefill,fmaas-monitoring,llama-2.1,openshift-user-workload-monitoring/user-workload,tgis-bam,3112.0
2024-08-05 04:51:51.604000092,tgi_batch_inference_success,http,10.131.3.166:3000,tgis-bam,prefill,fmaas-monitoring,llama-2.1,openshift-user-workload-monitoring/user-workload,tgis-bam,3117.0
2024-08-05 04:51:56.604000092,tgi_batch_inference_success,http,10.131.3.166:3000,tgis-bam,prefill,fmaas-monitoring,llama-2.1,openshift-user-workload-monitoring/user-workload,tgis-bam,3117.0
2024-08-05 04:52:01.604000092,tgi_batch_inference_success,http,10.131.3.166:3000,tgis-bam,prefill,fmaas-monitoring,llama-2.1,openshift-user-workload-monitoring/user-workload,tgis-bam,3124.0
2024-08-05 04:52:06.604000092,tgi_batch_inference_success,http,10.131.3.166:3000,tgis-bam,prefill,fmaas-monitoring,llama-2.1,openshift-user-workload-monitoring/user-workload,tgis-bam,3125.0
2024-08-05 04:52:11.604000092,tgi_batch_inference_success,http,10.131.3.166:3000,tgis-bam,prefill,fmaas-monitoring,llama-2.1,openshift-user-workload-monitoring/user-workload,tgis-bam,3130.0
2024-08-05 04:52:16.604000092,tgi_batch_inference_success,http,10.131.3.166:3000,tgis-bam,prefill,fmaas-monitoring,llama-2.1,openshift-user-workload-monitoring/user-workload,tgis-bam,3130.0
2024-08-05 04:52:21.604000092,tgi_batch_inference_success,http,10.131.3.166:3000,tgis-bam,prefill,fmaas-monitoring,llama-2.1,openshift-user-workload-monitoring/user-workload,tgis-bam,3136.0
2024-08-05 04:52:26.607000113,tgi_batch_inference_success,http,10.131.3.166:3000,tgis-bam,prefill,fmaas-monitoring,llama-2.1,openshift-user-workload-monitoring/user-workload,tgis-bam,3137.0
2024-08-05 04:52:31.604000092,tgi_batch_inference_success,http,10.131.3.166:3000,tgis-bam,prefill,fmaas-monitoring,llama-2.1,openshift-user-workload-monitoring/user-workload,tgis-bam,3141.0
2024-08-05 04:52:36.604000092,tgi_batch_inference_success,http,10.131.3.166:3000,tgis-bam,prefill,fmaas-monitoring,llama-2.1,openshift-user-workload-monitoring/user-workload,tgis-bam,3141.0
2024-08-05 04:52:41.604000092,tgi_batch_inference_success,http,10.131.3.166:3000,tgis-bam,prefill,fmaas-monitoring,llama-2.1,openshift-user-workload-monitoring/user-workload,tgis-bam,3149.0
2024-08-05 04:52:46.604000092,tgi_batch_inference_success,http,10.131.3.166:3000,tgis-bam,prefill,fmaas-monitoring,llama-2.1,openshift-user-workload-monitoring/user-workload,tgis-bam,3149.0
2024-08-05 04:52:51.604000092,tgi_batch_inference_success,http,10.131.3.166:3000,tgis-bam,prefill,fmaas-monitoring,llama-2.1,openshift-user-workload-monitoring/user-workload,tgis-bam,3153.0
2024-08-05 04:52:56.611000061,tgi_batch_inference_success,http,10.131.3.166:3000,tgis-bam,prefill,fmaas-monitoring,llama-2.1,openshift-user-workload-monitoring/user-workload,tgis-bam,3153.0
2024-08-05 04:53:01.604000092,tgi_batch_inference_success,http,10.131.3.166:3000,tgis-bam,prefill,fmaas-monitoring,llama-2.1,openshift-user-workload-monitoring/user-workload,tgis-bam,3158.0
2024-08-05 04:53:06.604000092,tgi_batch_inference_success,http,10.131.3.166:3000,tgis-bam,prefill,fmaas-monitoring,llama-2.1,openshift-user-workload-monitoring/user-workload,tgis-bam,3158.0
2024-08-05 04:53:11.604000092,tgi_batch_inference_success,http,10.131.3.166:3000,tgis-bam,prefill,fmaas-monitoring,llama-2.1,openshift-user-workload-monitoring/user-workload,tgis-bam,3165.0
2024-08-05 04:53:16.604000092,tgi_batch_inference_success,http,10.131.3.166:3000,tgis-bam,prefill,fmaas-monitoring,llama-2.1,openshift-user-workload-monitoring/user-workload,tgis-bam,3165.0
2024-08-05 04:53:21.604000092,tgi_batch_inference_success,http,10.131.3.166:3000,tgis-bam,prefill,fmaas-monitoring,llama-2.1,openshift-user-workload-monitoring/user-workload,tgis-bam,3170.0
2024-08-05 04:53:26.604000092,tgi_batch_inference_success,http,10.131.3.166:3000,tgis-bam,prefill,fmaas-monitoring,llama-2.1,openshift-user-workload-monitoring/user-workload,tgis-bam,3170.0
2024-08-05 04:53:31.604000092,tgi_batch_inference_success,http,10.131.3.166:3000,tgis-bam,prefill,fmaas-monitoring,llama-2.1,openshift-user-workload-monitoring/user-workload,tgis-bam,3175.0
2024-08-05 04:53:36.604000092,tgi_batch_inference_success,http,10.131.3.166:3000,tgis-bam,prefill,fmaas-monitoring,llama-2.1,openshift-user-workload-monitoring/user-workload,tgis-bam,3175.0
2024-08-05 04:53:41.604000092,tgi_batch_inference_success,http,10.131.3.166:3000,tgis-bam,prefill,fmaas-monitoring,llama-2.1,openshift-user-workload-monitoring/user-workload,tgis-bam,3183.0
2024-08-05 04:53:46.604000092,tgi_batch_inference_success,http,10.131.3.166:3000,tgis-bam,prefill,fmaas-monitoring,llama-2.1,openshift-user-workload-monitoring/user-workload,tgis-bam,3183.0
2024-08-05 04:53:51.604000092,tgi_batch_inference_success,http,10.131.3.166:3000,tgis-bam,prefill,fmaas-monitoring,llama-2.1,openshift-user-workload-monitoring/user-workload,tgis-bam,3189.0
2024-08-05 04:53:56.604000092,tgi_batch_inference_success,http,10.131.3.166:3000,tgis-bam,prefill,fmaas-monitoring,llama-2.1,openshift-user-workload-monitoring/user-workload,tgis-bam,3189.0
2024-08-05 04:54:01.604000092,tgi_batch_inference_success,http,10.131.3.166:3000,tgis-bam,prefill,fmaas-monitoring,llama-2.1,openshift-user-workload-monitoring/user-workload,tgis-bam,3194.0
2024-08-05 04:54:06.604000092,tgi_batch_inference_success,http,10.131.3.166:3000,tgis-bam,prefill,fmaas-monitoring,llama-2.1,openshift-user-workload-monitoring/user-workload,tgis-bam,3194.0
2024-08-05 04:54:11.604000092,tgi_batch_inference_success,http,10.131.3.166:3000,tgis-bam,prefill,fmaas-monitoring,llama-2.1,openshift-user-workload-monitoring/user-workload,tgis-bam,3201.0
2024-08-05 04:54:16.604000092,tgi_batch_inference_success,http,10.131.3.166:3000,tgis-bam,prefill,fmaas-monitoring,llama-2.1,openshift-user-workload-monitoring/user-workload,tgis-bam,3201.0
2024-08-05 04:54:21.604000092,tgi_batch_inference_success,http,10.131.3.166:3000,tgis-bam,prefill,fmaas-monitoring,llama-2.1,openshift-user-workload-monitoring/user-workload,tgis-bam,3207.0
2024-08-05 04:54:26.604000092,tgi_batch_inference_success,http,10.131.3.166:3000,tgis-bam,prefill,fmaas-monitoring,llama-2.1,openshift-user-workload-monitoring/user-workload,tgis-bam,3207.0
2024-08-05 04:54:31.604000092,tgi_batch_inference_success,http,10.131.3.166:3000,tgis-bam,prefill,fmaas-monitoring,llama-2.1,openshift-user-workload-monitoring/user-workload,tgis-bam,3211.0
2024-08-05 04:54:36.604000092,tgi_batch_inference_success,http,10.131.3.166:3000,tgis-bam,prefill,fmaas-monitoring,llama-2.1,openshift-user-workload-monitoring/user-workload,tgis-bam,3211.0
2024-08-05 04:54:41.604000092,tgi_batch_inference_success,http,10.131.3.166:3000,tgis-bam,prefill,fmaas-monitoring,llama-2.1,openshift-user-workload-monitoring/user-workload,tgis-bam,3215.0
2024-08-05 04:54:46.604000092,tgi_batch_inference_success,http,10.131.3.166:3000,tgis-bam,prefill,fmaas-monitoring,llama-2.1,openshift-user-workload-monitoring/user-workload,tgis-bam,3215.0
2024-08-05 04:54:51.604000092,tgi_batch_inference_success,http,10.131.3.166:3000,tgis-bam,prefill,fmaas-monitoring,llama-2.1,openshift-user-workload-monitoring/user-workload,tgis-bam,3222.0
2024-08-05 04:54:56.604000092,tgi_batch_inference_success,http,10.131.3.166:3000,tgis-bam,prefill,fmaas-monitoring,llama-2.1,openshift-user-workload-monitoring/user-workload,tgis-bam,3222.0
2024-08-05 04:55:01.604000092,tgi_batch_inference_success,http,10.131.3.166:3000,tgis-bam,prefill,fmaas-monitoring,llama-2.1,openshift-user-workload-monitoring/user-workload,tgis-bam,3228.0
2024-08-05 04:55:06.604000092,tgi_batch_inference_success,http,10.131.3.166:3000,tgis-bam,prefill,fmaas-monitoring,llama-2.1,openshift-user-workload-monitoring/user-workload,tgis-bam,3230.0
2024-08-05 04:55:11.604000092,tgi_batch_inference_success,http,10.131.3.166:3000,tgis-bam,prefill,fmaas-monitoring,llama-2.1,openshift-user-workload-monitoring/user-workload,tgis-bam,3238.0
2024-08-05 04:55:16.604000092,tgi_batch_inference_success,http,10.131.3.166:3000,tgis-bam,prefill,fmaas-monitoring,llama-2.1,openshift-user-workload-monitoring/user-workload,tgis-bam,3238.0
2024-08-05 04:55:21.604000092,tgi_batch_inference_success,http,10.131.3.166:3000,tgis-bam,prefill,fmaas-monitoring,llama-2.1,openshift-user-workload-monitoring/user-workload,tgis-bam,3244.0
2024-08-05 04:55:26.604000092,tgi_batch_inference_success,http,10.131.3.166:3000,tgis-bam,prefill,fmaas-monitoring,llama-2.1,openshift-user-workload-monitoring/user-workload,tgis-bam,3244.0
2024-08-05 04:55:31.604000092,tgi_batch_inference_success,http,10.131.3.166:3000,tgis-bam,prefill,fmaas-monitoring,llama-2.1,openshift-user-workload-monitoring/user-workload,tgis-bam,3250.0
2024-08-05 04:55:36.604000092,tgi_batch_inference_success,http,10.131.3.166:3000,tgis-bam,prefill,fmaas-monitoring,llama-2.1,openshift-user-workload-monitoring/user-workload,tgis-bam,3251.0
2024-08-05 04:55:41.604000092,tgi_batch_inference_success,http,10.131.3.166:3000,tgis-bam,prefill,fmaas-monitoring,llama-2.1,openshift-user-workload-monitoring/user-workload,tgis-bam,3256.0
2024-08-05 04:55:46.604000092,tgi_batch_inference_success,http,10.131.3.166:3000,tgis-bam,prefill,fmaas-monitoring,llama-2.1,openshift-user-workload-monitoring/user-workload,tgis-bam,3256.0
2024-08-05 04:55:51.604000092,tgi_batch_inference_success,http,10.131.3.166:3000,tgis-bam,prefill,fmaas-monitoring,llama-2.1,openshift-user-workload-monitoring/user-workload,tgis-bam,3260.0
2024-08-05 04:55:56.604000092,tgi_batch_inference_success,http,10.131.3.166:3000,tgis-bam,prefill,fmaas-monitoring,llama-2.1,openshift-user-workload-monitoring/user-workload,tgis-bam,3260.0
2024-08-05 04:56:01.604000092,tgi_batch_inference_success,http,10.131.3.166:3000,tgis-bam,prefill,fmaas-monitoring,llama-2.1,openshift-user-workload-monitoring/user-workload,tgis-bam,3267.0
2024-08-05 04:56:06.604000092,tgi_batch_inference_success,http,10.131.3.166:3000,tgis-bam,next_token,fmaas-monitoring,llama-2.1,openshift-user-workload-monitoring/user-workload,tgis-bam,28069.0
2024-08-05 04:56:11.604000092,tgi_batch_inference_success,http,10.131.3.166:3000,tgis-bam,next_token,fmaas-monitoring,llama-2.1,openshift-user-workload-monitoring/user-workload,tgis-bam,28110.0
2024-08-05 04:56:16.604000092,tgi_batch_inference_success,http,10.131.3.166:3000,tgis-bam,next_token,fmaas-monitoring,llama-2.1,openshift-user-workload-monitoring/user-workload,tgis-bam,28139.0
2024-08-05 04:56:21.604000092,tgi_batch_inference_success,http,10.131.3.166:3000,tgis-bam,next_token,fmaas-monitoring,llama-2.1,openshift-user-workload-monitoring/user-workload,tgis-bam,28168.0
2024-08-05 04:56:26.604000092,tgi_batch_inference_success,http,10.131.3.166:3000,tgis-bam,next_token,fmaas-monitoring,llama-2.1,openshift-user-workload-monitoring/user-workload,tgis-bam,28216.0
2024-08-05 04:56:31.617000103,tgi_batch_inference_success,http,10.131.3.166:3000,tgis-bam,next_token,fmaas-monitoring,llama-2.1,openshift-user-workload-monitoring/user-workload,tgis-bam,28263.0
2024-08-05 04:56:36.604000092,tgi_batch_inference_success,http,10.131.3.166:3000,tgis-bam,next_token,fmaas-monitoring,llama-2.1,openshift-user-workload-monitoring/user-workload,tgis-bam,28283.0
2024-08-05 04:56:41.604000092,tgi_batch_inference_success,http,10.131.3.166:3000,tgis-bam,next_token,fmaas-monitoring,llama-2.1,openshift-user-workload-monitoring/user-workload,tgis-bam,28297.0
2024-08-05 04:56:46.604000092,tgi_batch_inference_success,http,10.131.3.166:3000,tgis-bam,next_token,fmaas-monitoring,llama-2.1,openshift-user-workload-monitoring/user-workload,tgis-bam,28323.0
2024-08-05 04:56:51.604000092,tgi_batch_inference_success,http,10.131.3.166:3000,tgis-bam,next_token,fmaas-monitoring,llama-2.1,openshift-user-workload-monitoring/user-workload,tgis-bam,28337.0
2024-08-05 04:56:56.604000092,tgi_batch_inference_success,http,10.131.3.166:3000,tgis-bam,next_token,fmaas-monitoring,llama-2.1,openshift-user-workload-monitoring/user-workload,tgis-bam,28351.0
2024-08-05 04:57:01.604000092,tgi_batch_inference_success,http,10.131.3.166:3000,tgis-bam,next_token,fmaas-monitoring,llama-2.1,openshift-user-workload-monitoring/user-workload,tgis-bam,28364.0
2024-08-05 04:57:06.604000092,tgi_batch_inference_success,http,10.131.3.166:3000,tgis-bam,next_token,fmaas-monitoring,llama-2.1,openshift-user-workload-monitoring/user-workload,tgis-bam,28381.0
2024-08-05 04:57:11.604000092,tgi_batch_inference_success,http,10.131.3.166:3000,tgis-bam,next_token,fmaas-monitoring,llama-2.1,openshift-user-workload-monitoring/user-workload,tgis-bam,28399.0
2024-08-05 04:57:16.604000092,tgi_batch_inference_success,http,10.131.3.166:3000,tgis-bam,next_token,fmaas-monitoring,llama-2.1,openshift-user-workload-monitoring/user-workload,tgis-bam,28434.0
2024-08-05 04:57:21.604000092,tgi_batch_inference_success,http,10.131.3.166:3000,tgis-bam,next_token,fmaas-monitoring,llama-2.1,openshift-user-workload-monitoring/user-workload,tgis-bam,28478.0
2024-08-05 04:57:26.604000092,tgi_batch_inference_success,http,10.131.3.166:3000,tgis-bam,next_token,fmaas-monitoring,llama-2.1,openshift-user-workload-monitoring/user-workload,tgis-bam,28520.0
2024-08-05 04:57:31.604000092,tgi_batch_inference_success,http,10.131.3.166:3000,tgis-bam,next_token,fmaas-monitoring,llama-2.1,openshift-user-workload-monitoring/user-workload,tgis-bam,28543.0
2024-08-05 04:57:36.604000092,tgi_batch_inference_success,http,10.131.3.166:3000,tgis-bam,next_token,fmaas-monitoring,llama-2.1,openshift-user-workload-monitoring/user-workload,tgis-bam,28563.0
2024-08-05 04:57:41.604000092,tgi_batch_inference_success,http,10.131.3.166:3000,tgis-bam,next_token,fmaas-monitoring,llama-2.1,openshift-user-workload-monitoring/user-workload,tgis-bam,28580.0
2024-08-05 04:57:46.604000092,tgi_batch_inference_success,http,10.131.3.166:3000,tgis-bam,next_token,fmaas-monitoring,llama-2.1,openshift-user-workload-monitoring/user-workload,tgis-bam,28593.0
2024-08-05 04:57:51.604000092,tgi_batch_inference_success,http,10.131.3.166:3000,tgis-bam,next_token,fmaas-monitoring,llama-2.1,openshift-user-workload-monitoring/user-workload,tgis-bam,28602.0
2024-08-05 04:57:56.604000092,tgi_batch_inference_success,http,10.131.3.166:3000,tgis-bam,next_token,fmaas-monitoring,llama-2.1,openshift-user-workload-monitoring/user-workload,tgis-bam,28616.0
2024-08-05 04:58:01.604000092,tgi_batch_inference_success,http,10.131.3.166:3000,tgis-bam,next_token,fmaas-monitoring,llama-2.1,openshift-user-workload-monitoring/user-workload,tgis-bam,28629.0
2024-08-05 04:58:06.604000092,tgi_batch_inference_success,http,10.131.3.166:3000,tgis-bam,next_token,fmaas-monitoring,llama-2.1,openshift-user-workload-monitoring/user-workload,tgis-bam,28644.0
2024-08-05 04:58:11.604000092,tgi_batch_inference_success,http,10.131.3.166:3000,tgis-bam,next_token,fmaas-monitoring,llama-2.1,openshift-user-workload-monitoring/user-workload,tgis-bam,28655.0
2024-08-05 04:58:16.604000092,tgi_batch_inference_success,http,10.131.3.166:3000,tgis-bam,next_token,fmaas-monitoring,llama-2.1,openshift-user-workload-monitoring/user-workload,tgis-bam,28663.0
2024-08-05 04:58:21.604000092,tgi_batch_inference_success,http,10.131.3.166:3000,tgis-bam,next_token,fmaas-monitoring,llama-2.1,openshift-user-workload-monitoring/user-workload,tgis-bam,28674.0
2024-08-05 04:58:26.604000092,tgi_batch_inference_success,http,10.131.3.166:3000,tgis-bam,next_token,fmaas-monitoring,llama-2.1,openshift-user-workload-monitoring/user-workload,tgis-bam,28687.0
2024-08-05 04:58:31.604000092,tgi_batch_inference_success,http,10.131.3.166:3000,tgis-bam,next_token,fmaas-monitoring,llama-2.1,openshift-user-workload-monitoring/user-workload,tgis-bam,28702.0
2024-08-05 04:58:36.604000092,tgi_batch_inference_success,http,10.131.3.166:3000,tgis-bam,next_token,fmaas-monitoring,llama-2.1,openshift-user-workload-monitoring/user-workload,tgis-bam,28720.0
2024-08-05 04:58:41.604000092,tgi_batch_inference_success,http,10.131.3.166:3000,tgis-bam,next_token,fmaas-monitoring,llama-2.1,openshift-user-workload-monitoring/user-workload,tgis-bam,28736.0
2024-08-05 04:58:46.604000092,tgi_batch_inference_success,http,10.131.3.166:3000,tgis-bam,next_token,fmaas-monitoring,llama-2.1,openshift-user-workload-monitoring/user-workload,tgis-bam,28762.0
2024-08-05 04:58:51.604000092,tgi_batch_inference_success,http,10.131.3.166:3000,tgis-bam,next_token,fmaas-monitoring,llama-2.1,openshift-user-workload-monitoring/user-workload,tgis-bam,28792.0
2024-08-05 04:58:56.604000092,tgi_batch_inference_success,http,10.131.3.166:3000,tgis-bam,next_token,fmaas-monitoring,llama-2.1,openshift-user-workload-monitoring/user-workload,tgis-bam,28851.0
2024-08-05 04:59:01.604000092,tgi_batch_inference_success,http,10.131.3.166:3000,tgis-bam,next_token,fmaas-monitoring,llama-2.1,openshift-user-workload-monitoring/user-workload,tgis-bam,28879.0
2024-08-05 04:59:06.604000092,tgi_batch_inference_success,http,10.131.3.166:3000,tgis-bam,next_token,fmaas-monitoring,llama-2.1,openshift-user-workload-monitoring/user-workload,tgis-bam,28917.0
2024-08-05 04:59:11.604000092,tgi_batch_inference_success,http,10.131.3.166:3000,tgis-bam,next_token,fmaas-monitoring,llama-2.1,openshift-user-workload-monitoring/user-workload,tgis-bam,28962.0
2024-08-05 04:59:16.604000092,tgi_batch_inference_success,http,10.131.3.166:3000,tgis-bam,next_token,fmaas-monitoring,llama-2.1,openshift-user-workload-monitoring/user-workload,tgis-bam,29008.0
2024-08-05 04:59:21.604000092,tgi_batch_inference_success,http,10.131.3.166:3000,tgis-bam,next_token,fmaas-monitoring,llama-2.1,openshift-user-workload-monitoring/user-workload,tgis-bam,29046.0
2024-08-05 04:59:26.604000092,tgi_batch_inference_success,http,10.131.3.166:3000,tgis-bam,next_token,fmaas-monitoring,llama-2.1,openshift-user-workload-monitoring/user-workload,tgis-bam,29082.0
2024-08-05 04:59:31.604000092,tgi_batch_inference_success,http,10.131.3.166:3000,tgis-bam,next_token,fmaas-monitoring,llama-2.1,openshift-user-workload-monitoring/user-workload,tgis-bam,29105.0
2024-08-05 04:59:36.604000092,tgi_batch_inference_success,http,10.131.3.166:3000,tgis-bam,next_token,fmaas-monitoring,llama-2.1,openshift-user-workload-monitoring/user-workload,tgis-bam,29142.0
2024-08-05 04:59:41.604000092,tgi_batch_inference_success,http,10.131.3.166:3000,tgis-bam,next_token,fmaas-monitoring,llama-2.1,openshift-user-workload-monitoring/user-workload,tgis-bam,29176.0
2024-08-05 04:59:46.604000092,tgi_batch_inference_success,http,10.131.3.166:3000,tgis-bam,next_token,fmaas-monitoring,llama-2.1,openshift-user-workload-monitoring/user-workload,tgis-bam,29220.0
2024-08-05 04:59:51.604000092,tgi_batch_inference_success,http,10.131.3.166:3000,tgis-bam,next_token,fmaas-monitoring,llama-2.1,openshift-user-workload-monitoring/user-workload,tgis-bam,29274.0
2024-08-05 04:59:56.604000092,tgi_batch_inference_success,http,10.131.3.166:3000,tgis-bam,next_token,fmaas-monitoring,llama-2.1,openshift-user-workload-monitoring/user-workload,tgis-bam,29306.0
2024-08-05 05:00:01.604000092,tgi_batch_inference_success,http,10.131.3.166:3000,tgis-bam,next_token,fmaas-monitoring,llama-2.1,openshift-user-workload-monitoring/user-workload,tgis-bam,29366.0
2024-08-05 05:00:06.604000092,tgi_batch_inference_success,http,10.131.3.166:3000,tgis-bam,next_token,fmaas-monitoring,llama-2.1,openshift-user-workload-monitoring/user-workload,tgis-bam,29366.0
2024-08-05 05:00:11.604000092,tgi_batch_inference_success,http,10.131.3.166:3000,tgis-bam,next_token,fmaas-monitoring,llama-2.1,openshift-user-workload-monitoring/user-workload,tgis-bam,29387.0
2024-08-05 05:00:16.604000092,tgi_batch_inference_success,http,10.131.3.166:3000,tgis-bam,next_token,fmaas-monitoring,llama-2.1,openshift-user-workload-monitoring/user-workload,tgis-bam,29421.0
2024-08-05 05:00:21.604000092,tgi_batch_inference_success,http,10.131.3.166:3000,tgis-bam,next_token,fmaas-monitoring,llama-2.1,openshift-user-workload-monitoring/user-workload,tgis-bam,29484.0
2024-08-05 05:00:26.604000092,tgi_batch_inference_success,http,10.131.3.166:3000,tgis-bam,next_token,fmaas-monitoring,llama-2.1,openshift-user-workload-monitoring/user-workload,tgis-bam,29491.0
2024-08-05 05:00:31.604000092,tgi_batch_inference_success,http,10.131.3.166:3000,tgis-bam,next_token,fmaas-monitoring,llama-2.1,openshift-user-workload-monitoring/user-workload,tgis-bam,29523.0
2024-08-05 05:00:36.607000113,tgi_batch_inference_success,http,10.131.3.166:3000,tgis-bam,next_token,fmaas-monitoring,llama-2.1,openshift-user-workload-monitoring/user-workload,tgis-bam,29563.0
2024-08-05 05:00:41.604000092,tgi_batch_inference_success,http,10.131.3.166:3000,tgis-bam,next_token,fmaas-monitoring,llama-2.1,openshift-user-workload-monitoring/user-workload,tgis-bam,29619.0
2024-08-05 05:00:46.604000092,tgi_batch_inference_success,http,10.131.3.166:3000,tgis-bam,next_token,fmaas-monitoring,llama-2.1,openshift-user-workload-monitoring/user-workload,tgis-bam,29634.0
2024-08-05 05:00:51.604000092,tgi_batch_inference_success,http,10.131.3.166:3000,tgis-bam,next_token,fmaas-monitoring,llama-2.1,openshift-user-workload-monitoring/user-workload,tgis-bam,29659.0
2024-08-05 05:00:56.604000092,tgi_batch_inference_success,http,10.131.3.166:3000,tgis-bam,next_token,fmaas-monitoring,llama-2.1,openshift-user-workload-monitoring/user-workload,tgis-bam,29701.0
2024-08-05 05:01:01.604000092,tgi_batch_inference_success,http,10.131.3.166:3000,tgis-bam,next_token,fmaas-monitoring,llama-2.1,openshift-user-workload-monitoring/user-workload,tgis-bam,29734.0
2024-08-05 05:01:06.604000092,tgi_batch_inference_success,http,10.131.3.166:3000,tgis-bam,next_token,fmaas-monitoring,llama-2.1,openshift-user-workload-monitoring/user-workload,tgis-bam,29763.0
2024-08-05 05:01:11.604000092,tgi_batch_inference_success,http,10.131.3.166:3000,tgis-bam,next_token,fmaas-monitoring,llama-2.1,openshift-user-workload-monitoring/user-workload,tgis-bam,29778.0
2024-08-05 05:01:16.604000092,tgi_batch_inference_success,http,10.131.3.166:3000,tgis-bam,next_token,fmaas-monitoring,llama-2.1,openshift-user-workload-monitoring/user-workload,tgis-bam,29810.0
2024-08-05 05:01:21.604000092,tgi_batch_inference_success,http,10.131.3.166:3000,tgis-bam,next_token,fmaas-monitoring,llama-2.1,openshift-user-workload-monitoring/user-workload,tgis-bam,29833.0
2024-08-05 05:01:26.604000092,tgi_batch_inference_success,http,10.131.3.166:3000,tgis-bam,next_token,fmaas-monitoring,llama-2.1,openshift-user-workload-monitoring/user-workload,tgis-bam,29881.0
2024-08-05 05:01:31.604000092,tgi_batch_inference_success,http,10.131.3.166:3000,tgis-bam,next_token,fmaas-monitoring,llama-2.1,openshift-user-workload-monitoring/user-workload,tgis-bam,29906.0
2024-08-05 05:01:36.604000092,tgi_batch_inference_success,http,10.131.3.166:3000,tgis-bam,next_token,fmaas-monitoring,llama-2.1,openshift-user-workload-monitoring/user-workload,tgis-bam,29949.0
2024-08-05 05:01:41.604000092,tgi_batch_inference_success,http,10.131.3.166:3000,tgis-bam,next_token,fmaas-monitoring,llama-2.1,openshift-user-workload-monitoring/user-workload,tgis-bam,29987.0
2024-08-05 05:01:46.604000092,tgi_batch_inference_success,http,10.131.3.166:3000,tgis-bam,next_token,fmaas-monitoring,llama-2.1,openshift-user-workload-monitoring/user-workload,tgis-bam,30021.0
2024-08-05 05:01:51.604000092,tgi_batch_inference_success,http,10.131.3.166:3000,tgis-bam,next_token,fmaas-monitoring,llama-2.1,openshift-user-workload-monitoring/user-workload,tgis-bam,30041.0
2024-08-05 05:01:56.604000092,tgi_batch_inference_success,http,10.131.3.166:3000,tgis-bam,next_token,fmaas-monitoring,llama-2.1,openshift-user-workload-monitoring/user-workload,tgis-bam,30066.0
2024-08-05 05:02:01.604000092,tgi_batch_inference_success,http,10.131.3.166:3000,tgis-bam,next_token,fmaas-monitoring,llama-2.1,openshift-user-workload-monitoring/user-workload,tgis-bam,30079.0
2024-08-05 05:02:06.604000092,tgi_batch_inference_success,http,10.131.3.166:3000,tgis-bam,next_token,fmaas-monitoring,llama-2.1,openshift-user-workload-monitoring/user-workload,tgis-bam,30100.0
2024-08-05 05:02:11.604000092,tgi_batch_inference_success,http,10.131.3.166:3000,tgis-bam,next_token,fmaas-monitoring,llama-2.1,openshift-user-workload-monitoring/user-workload,tgis-bam,30134.0
2024-08-05 05:02:16.604000092,tgi_batch_inference_success,http,10.131.3.166:3000,tgis-bam,next_token,fmaas-monitoring,llama-2.1,openshift-user-workload-monitoring/user-workload,tgis-bam,30178.0
2024-08-05 05:02:21.604000092,tgi_batch_inference_success,http,10.131.3.166:3000,tgis-bam,next_token,fmaas-monitoring,llama-2.1,openshift-user-workload-monitoring/user-workload,tgis-bam,30210.0
2024-08-05 05:02:26.604000092,tgi_batch_inference_success,http,10.131.3.166:3000,tgis-bam,next_token,fmaas-monitoring,llama-2.1,openshift-user-workload-monitoring/user-workload,tgis-bam,30256.0
2024-08-05 05:02:31.604000092,tgi_batch_inference_success,http,10.131.3.166:3000,tgis-bam,next_token,fmaas-monitoring,llama-2.1,openshift-user-workload-monitoring/user-workload,tgis-bam,30276.0
2024-08-05 05:02:36.615000010,tgi_batch_inference_success,http,10.131.3.166:3000,tgis-bam,next_token,fmaas-monitoring,llama-2.1,openshift-user-workload-monitoring/user-workload,tgis-bam,30310.0
2024-08-05 05:02:41.604000092,tgi_batch_inference_success,http,10.131.3.166:3000,tgis-bam,next_token,fmaas-monitoring,llama-2.1,openshift-user-workload-monitoring/user-workload,tgis-bam,30343.0
2024-08-05 05:02:46.604000092,tgi_batch_inference_success,http,10.131.3.166:3000,tgis-bam,next_token,fmaas-monitoring,llama-2.1,openshift-user-workload-monitoring/user-workload,tgis-bam,30386.0
2024-08-05 05:02:51.604000092,tgi_batch_inference_success,http,10.131.3.166:3000,tgis-bam,next_token,fmaas-monitoring,llama-2.1,openshift-user-workload-monitoring/user-workload,tgis-bam,30414.0
2024-08-05 05:02:56.604000092,tgi_batch_inference_success,http,10.131.3.166:3000,tgis-bam,next_token,fmaas-monitoring,llama-2.1,openshift-user-workload-monitoring/user-workload,tgis-bam,30465.0
2024-08-05 05:03:01.604000092,tgi_batch_inference_success,http,10.131.3.166:3000,tgis-bam,next_token,fmaas-monitoring,llama-2.1,openshift-user-workload-monitoring/user-workload,tgis-bam,30496.0
2024-08-05 05:03:06.604000092,tgi_batch_inference_success,http,10.131.3.166:3000,tgis-bam,next_token,fmaas-monitoring,llama-2.1,openshift-user-workload-monitoring/user-workload,tgis-bam,30540.0
2024-08-05 05:03:11.604000092,tgi_batch_inference_success,http,10.131.3.166:3000,tgis-bam,next_token,fmaas-monitoring,llama-2.1,openshift-user-workload-monitoring/user-workload,tgis-bam,30587.0
2024-08-05 05:03:16.604000092,tgi_batch_inference_success,http,10.131.3.166:3000,tgis-bam,next_token,fmaas-monitoring,llama-2.1,openshift-user-workload-monitoring/user-workload,tgis-bam,30614.0
2024-08-05 05:03:21.604000092,tgi_batch_inference_success,http,10.131.3.166:3000,tgis-bam,next_token,fmaas-monitoring,llama-2.1,openshift-user-workload-monitoring/user-workload,tgis-bam,30661.0
2024-08-05 05:03:26.604000092,tgi_batch_inference_success,http,10.131.3.166:3000,tgis-bam,next_token,fmaas-monitoring,llama-2.1,openshift-user-workload-monitoring/user-workload,tgis-bam,30687.0
2024-08-05 05:03:31.604000092,tgi_batch_inference_success,http,10.131.3.166:3000,tgis-bam,next_token,fmaas-monitoring,llama-2.1,openshift-user-workload-monitoring/user-workload,tgis-bam,30717.0
2024-08-05 05:03:36.604000092,tgi_batch_inference_success,http,10.131.3.166:3000,tgis-bam,next_token,fmaas-monitoring,llama-2.1,openshift-user-workload-monitoring/user-workload,tgis-bam,30760.0
2024-08-05 05:03:41.604000092,tgi_batch_inference_success,http,10.131.3.166:3000,tgis-bam,next_token,fmaas-monitoring,llama-2.1,openshift-user-workload-monitoring/user-workload,tgis-bam,30807.0
2024-08-05 05:03:46.604000092,tgi_batch_inference_success,http,10.131.3.166:3000,tgis-bam,next_token,fmaas-monitoring,llama-2.1,openshift-user-workload-monitoring/user-workload,tgis-bam,30833.0
2024-08-05 05:03:51.604000092,tgi_batch_inference_success,http,10.131.3.166:3000,tgis-bam,next_token,fmaas-monitoring,llama-2.1,openshift-user-workload-monitoring/user-workload,tgis-bam,30856.0
2024-08-05 05:03:56.604000092,tgi_batch_inference_success,http,10.131.3.166:3000,tgis-bam,next_token,fmaas-monitoring,llama-2.1,openshift-user-workload-monitoring/user-workload,tgis-bam,30909.0
2024-08-05 05:04:01.604000092,tgi_batch_inference_success,http,10.131.3.166:3000,tgis-bam,next_token,fmaas-monitoring,llama-2.1,openshift-user-workload-monitoring/user-workload,tgis-bam,30942.0
2024-08-05 05:04:06.604000092,tgi_batch_inference_success,http,10.131.3.166:3000,tgis-bam,next_token,fmaas-monitoring,llama-2.1,openshift-user-workload-monitoring/user-workload,tgis-bam,30981.0
2024-08-05 05:04:11.604000092,tgi_batch_inference_success,http,10.131.3.166:3000,tgis-bam,next_token,fmaas-monitoring,llama-2.1,openshift-user-workload-monitoring/user-workload,tgis-bam,31006.0
2024-08-05 05:04:16.604000092,tgi_batch_inference_success,http,10.131.3.166:3000,tgis-bam,next_token,fmaas-monitoring,llama-2.1,openshift-user-workload-monitoring/user-workload,tgis-bam,31061.0
2024-08-05 05:04:21.604000092,tgi_batch_inference_success,http,10.131.3.166:3000,tgis-bam,next_token,fmaas-monitoring,llama-2.1,openshift-user-workload-monitoring/user-workload,tgis-bam,31121.0
2024-08-05 05:04:26.608000040,tgi_batch_inference_success,http,10.131.3.166:3000,tgis-bam,next_token,fmaas-monitoring,llama-2.1,openshift-user-workload-monitoring/user-workload,tgis-bam,31129.0
2024-08-05 05:04:31.604000092,tgi_batch_inference_success,http,10.131.3.166:3000,tgis-bam,next_token,fmaas-monitoring,llama-2.1,openshift-user-workload-monitoring/user-workload,tgis-bam,31174.0
2024-08-05 05:04:36.607000113,tgi_batch_inference_success,http,10.131.3.166:3000,tgis-bam,next_token,fmaas-monitoring,llama-2.1,openshift-user-workload-monitoring/user-workload,tgis-bam,31201.0
2024-08-05 05:04:41.604000092,tgi_batch_inference_success,http,10.131.3.166:3000,tgis-bam,next_token,fmaas-monitoring,llama-2.1,openshift-user-workload-monitoring/user-workload,tgis-bam,31242.0
2024-08-05 05:04:46.604000092,tgi_batch_inference_success,http,10.131.3.166:3000,tgis-bam,next_token,fmaas-monitoring,llama-2.1,openshift-user-workload-monitoring/user-workload,tgis-bam,31269.0
2024-08-05 05:04:51.604000092,tgi_batch_inference_success,http,10.131.3.166:3000,tgis-bam,next_token,fmaas-monitoring,llama-2.1,openshift-user-workload-monitoring/user-workload,tgis-bam,31299.0
2024-08-05 05:04:56.604000092,tgi_batch_inference_success,http,10.131.3.166:3000,tgis-bam,next_token,fmaas-monitoring,llama-2.1,openshift-user-workload-monitoring/user-workload,tgis-bam,31345.0
2024-08-05 05:05:01.604000092,tgi_batch_inference_success,http,10.131.3.166:3000,tgis-bam,next_token,fmaas-monitoring,llama-2.1,openshift-user-workload-monitoring/user-workload,tgis-bam,31376.0
2024-08-05 05:05:06.604000092,tgi_batch_inference_success,http,10.131.3.166:3000,tgis-bam,next_token,fmaas-monitoring,llama-2.1,openshift-user-workload-monitoring/user-workload,tgis-bam,31410.0
2024-08-05 05:05:11.604000092,tgi_batch_inference_success,http,10.131.3.166:3000,tgis-bam,next_token,fmaas-monitoring,llama-2.1,openshift-user-workload-monitoring/user-workload,tgis-bam,31428.0
2024-08-05 05:05:16.604000092,tgi_batch_inference_success,http,10.131.3.166:3000,tgis-bam,next_token,fmaas-monitoring,llama-2.1,openshift-user-workload-monitoring/user-workload,tgis-bam,31481.0
2024-08-05 05:05:21.604000092,tgi_batch_inference_success,http,10.131.3.166:3000,tgis-bam,next_token,fmaas-monitoring,llama-2.1,openshift-user-workload-monitoring/user-workload,tgis-bam,31521.0
2024-08-05 05:05:26.604000092,tgi_batch_inference_success,http,10.131.3.166:3000,tgis-bam,next_token,fmaas-monitoring,llama-2.1,openshift-user-workload-monitoring/user-workload,tgis-bam,31553.0
2024-08-05 05:05:31.604000092,tgi_batch_inference_success,http,10.131.3.166:3000,tgis-bam,next_token,fmaas-monitoring,llama-2.1,openshift-user-workload-monitoring/user-workload,tgis-bam,31585.0
2024-08-05 05:05:36.604000092,tgi_batch_inference_success,http,10.131.3.166:3000,tgis-bam,next_token,fmaas-monitoring,llama-2.1,openshift-user-workload-monitoring/user-workload,tgis-bam,31625.0
2024-08-05 05:05:41.604000092,tgi_batch_inference_success,http,10.131.3.166:3000,tgis-bam,next_token,fmaas-monitoring,llama-2.1,openshift-user-workload-monitoring/user-workload,tgis-bam,31660.0
2024-08-05 05:05:46.604000092,tgi_batch_inference_success,http,10.131.3.166:3000,tgis-bam,next_token,fmaas-monitoring,llama-2.1,openshift-user-workload-monitoring/user-workload,tgis-bam,31702.0
2024-08-05 05:05:51.604000092,tgi_batch_inference_success,http,10.131.3.166:3000,tgis-bam,next_token,fmaas-monitoring,llama-2.1,openshift-user-workload-monitoring/user-workload,tgis-bam,31734.0
2024-08-05 05:05:56.604000092,tgi_batch_inference_success,http,10.131.3.166:3000,tgis-bam,next_token,fmaas-monitoring,llama-2.1,openshift-user-workload-monitoring/user-workload,tgis-bam,31777.0
2024-08-05 05:06:01.604000092,tgi_batch_inference_success,http,10.131.3.166:3000,tgis-bam,next_token,fmaas-monitoring,llama-2.1,openshift-user-workload-monitoring/user-workload,tgis-bam,31843.0
2024-08-05 04:56:06.604000092,tgi_batch_inference_success,http,10.131.3.166:3000,tgis-bam,prefill,fmaas-monitoring,llama-2.1,openshift-user-workload-monitoring/user-workload,tgis-bam,3267.0
2024-08-05 04:56:11.604000092,tgi_batch_inference_success,http,10.131.3.166:3000,tgis-bam,prefill,fmaas-monitoring,llama-2.1,openshift-user-workload-monitoring/user-workload,tgis-bam,3275.0
2024-08-05 04:56:16.604000092,tgi_batch_inference_success,http,10.131.3.166:3000,tgis-bam,prefill,fmaas-monitoring,llama-2.1,openshift-user-workload-monitoring/user-workload,tgis-bam,3275.0
2024-08-05 04:56:21.604000092,tgi_batch_inference_success,http,10.131.3.166:3000,tgis-bam,prefill,fmaas-monitoring,llama-2.1,openshift-user-workload-monitoring/user-workload,tgis-bam,3281.0
2024-08-05 04:56:26.604000092,tgi_batch_inference_success,http,10.131.3.166:3000,tgis-bam,prefill,fmaas-monitoring,llama-2.1,openshift-user-workload-monitoring/user-workload,tgis-bam,3281.0
2024-08-05 04:56:31.617000103,tgi_batch_inference_success,http,10.131.3.166:3000,tgis-bam,prefill,fmaas-monitoring,llama-2.1,openshift-user-workload-monitoring/user-workload,tgis-bam,3285.0
2024-08-05 04:56:36.604000092,tgi_batch_inference_success,http,10.131.3.166:3000,tgis-bam,prefill,fmaas-monitoring,llama-2.1,openshift-user-workload-monitoring/user-workload,tgis-bam,3285.0
2024-08-05 04:56:41.604000092,tgi_batch_inference_success,http,10.131.3.166:3000,tgis-bam,prefill,fmaas-monitoring,llama-2.1,openshift-user-workload-monitoring/user-workload,tgis-bam,3292.0
2024-08-05 04:56:46.604000092,tgi_batch_inference_success,http,10.131.3.166:3000,tgis-bam,prefill,fmaas-monitoring,llama-2.1,openshift-user-workload-monitoring/user-workload,tgis-bam,3292.0
2024-08-05 04:56:51.604000092,tgi_batch_inference_success,http,10.131.3.166:3000,tgis-bam,prefill,fmaas-monitoring,llama-2.1,openshift-user-workload-monitoring/user-workload,tgis-bam,3296.0
2024-08-05 04:56:56.604000092,tgi_batch_inference_success,http,10.131.3.166:3000,tgis-bam,prefill,fmaas-monitoring,llama-2.1,openshift-user-workload-monitoring/user-workload,tgis-bam,3299.0
2024-08-05 04:57:01.604000092,tgi_batch_inference_success,http,10.131.3.166:3000,tgis-bam,prefill,fmaas-monitoring,llama-2.1,openshift-user-workload-monitoring/user-workload,tgis-bam,3304.0
2024-08-05 04:57:06.604000092,tgi_batch_inference_success,http,10.131.3.166:3000,tgis-bam,prefill,fmaas-monitoring,llama-2.1,openshift-user-workload-monitoring/user-workload,tgis-bam,3304.0
2024-08-05 04:57:11.604000092,tgi_batch_inference_success,http,10.131.3.166:3000,tgis-bam,prefill,fmaas-monitoring,llama-2.1,openshift-user-workload-monitoring/user-workload,tgis-bam,3311.0
2024-08-05 04:57:16.604000092,tgi_batch_inference_success,http,10.131.3.166:3000,tgis-bam,prefill,fmaas-monitoring,llama-2.1,openshift-user-workload-monitoring/user-workload,tgis-bam,3311.0
2024-08-05 04:57:21.604000092,tgi_batch_inference_success,http,10.131.3.166:3000,tgis-bam,prefill,fmaas-monitoring,llama-2.1,openshift-user-workload-monitoring/user-workload,tgis-bam,3317.0
2024-08-05 04:57:26.604000092,tgi_batch_inference_success,http,10.131.3.166:3000,tgis-bam,prefill,fmaas-monitoring,llama-2.1,openshift-user-workload-monitoring/user-workload,tgis-bam,3317.0
2024-08-05 04:57:31.604000092,tgi_batch_inference_success,http,10.131.3.166:3000,tgis-bam,prefill,fmaas-monitoring,llama-2.1,openshift-user-workload-monitoring/user-workload,tgis-bam,3325.0
2024-08-05 04:57:36.604000092,tgi_batch_inference_success,http,10.131.3.166:3000,tgis-bam,prefill,fmaas-monitoring,llama-2.1,openshift-user-workload-monitoring/user-workload,tgis-bam,3326.0
2024-08-05 04:57:41.604000092,tgi_batch_inference_success,http,10.131.3.166:3000,tgis-bam,prefill,fmaas-monitoring,llama-2.1,openshift-user-workload-monitoring/user-workload,tgis-bam,3328.0
2024-08-05 04:57:46.604000092,tgi_batch_inference_success,http,10.131.3.166:3000,tgis-bam,prefill,fmaas-monitoring,llama-2.1,openshift-user-workload-monitoring/user-workload,tgis-bam,3332.0
2024-08-05 04:57:51.604000092,tgi_batch_inference_success,http,10.131.3.166:3000,tgis-bam,prefill,fmaas-monitoring,llama-2.1,openshift-user-workload-monitoring/user-workload,tgis-bam,3338.0
2024-08-05 04:57:56.604000092,tgi_batch_inference_success,http,10.131.3.166:3000,tgis-bam,prefill,fmaas-monitoring,llama-2.1,openshift-user-workload-monitoring/user-workload,tgis-bam,3339.0
2024-08-05 04:58:01.604000092,tgi_batch_inference_success,http,10.131.3.166:3000,tgis-bam,prefill,fmaas-monitoring,llama-2.1,openshift-user-workload-monitoring/user-workload,tgis-bam,3341.0
2024-08-05 04:58:06.604000092,tgi_batch_inference_success,http,10.131.3.166:3000,tgis-bam,prefill,fmaas-monitoring,llama-2.1,openshift-user-workload-monitoring/user-workload,tgis-bam,3341.0
2024-08-05 04:58:11.604000092,tgi_batch_inference_success,http,10.131.3.166:3000,tgis-bam,prefill,fmaas-monitoring,llama-2.1,openshift-user-workload-monitoring/user-workload,tgis-bam,3345.0
2024-08-05 04:58:16.604000092,tgi_batch_inference_success,http,10.131.3.166:3000,tgis-bam,prefill,fmaas-monitoring,llama-2.1,openshift-user-workload-monitoring/user-workload,tgis-bam,3349.0
2024-08-05 04:58:21.604000092,tgi_batch_inference_success,http,10.131.3.166:3000,tgis-bam,prefill,fmaas-monitoring,llama-2.1,openshift-user-workload-monitoring/user-workload,tgis-bam,3354.0
2024-08-05 04:58:26.604000092,tgi_batch_inference_success,http,10.131.3.166:3000,tgis-bam,prefill,fmaas-monitoring,llama-2.1,openshift-user-workload-monitoring/user-workload,tgis-bam,3355.0
2024-08-05 04:58:31.604000092,tgi_batch_inference_success,http,10.131.3.166:3000,tgis-bam,prefill,fmaas-monitoring,llama-2.1,openshift-user-workload-monitoring/user-workload,tgis-bam,3355.0
2024-08-05 04:58:36.604000092,tgi_batch_inference_success,http,10.131.3.166:3000,tgis-bam,prefill,fmaas-monitoring,llama-2.1,openshift-user-workload-monitoring/user-workload,tgis-bam,3355.0
2024-08-05 04:58:41.604000092,tgi_batch_inference_success,http,10.131.3.166:3000,tgis-bam,prefill,fmaas-monitoring,llama-2.1,openshift-user-workload-monitoring/user-workload,tgis-bam,3366.0
2024-08-05 04:58:46.604000092,tgi_batch_inference_success,http,10.131.3.166:3000,tgis-bam,prefill,fmaas-monitoring,llama-2.1,openshift-user-workload-monitoring/user-workload,tgis-bam,3368.0
2024-08-05 04:58:51.604000092,tgi_batch_inference_success,http,10.131.3.166:3000,tgis-bam,prefill,fmaas-monitoring,llama-2.1,openshift-user-workload-monitoring/user-workload,tgis-bam,3371.0
2024-08-05 04:58:56.604000092,tgi_batch_inference_success,http,10.131.3.166:3000,tgis-bam,prefill,fmaas-monitoring,llama-2.1,openshift-user-workload-monitoring/user-workload,tgis-bam,3377.0
2024-08-05 04:59:01.604000092,tgi_batch_inference_success,http,10.131.3.166:3000,tgis-bam,prefill,fmaas-monitoring,llama-2.1,openshift-user-workload-monitoring/user-workload,tgis-bam,3381.0
2024-08-05 04:59:06.604000092,tgi_batch_inference_success,http,10.131.3.166:3000,tgis-bam,prefill,fmaas-monitoring,llama-2.1,openshift-user-workload-monitoring/user-workload,tgis-bam,3384.0
2024-08-05 04:59:11.604000092,tgi_batch_inference_success,http,10.131.3.166:3000,tgis-bam,prefill,fmaas-monitoring,llama-2.1,openshift-user-workload-monitoring/user-workload,tgis-bam,3393.0
2024-08-05 04:59:16.604000092,tgi_batch_inference_success,http,10.131.3.166:3000,tgis-bam,prefill,fmaas-monitoring,llama-2.1,openshift-user-workload-monitoring/user-workload,tgis-bam,3393.0
2024-08-05 04:59:21.604000092,tgi_batch_inference_success,http,10.131.3.166:3000,tgis-bam,prefill,fmaas-monitoring,llama-2.1,openshift-user-workload-monitoring/user-workload,tgis-bam,3399.0
2024-08-05 04:59:26.604000092,tgi_batch_inference_success,http,10.131.3.166:3000,tgis-bam,prefill,fmaas-monitoring,llama-2.1,openshift-user-workload-monitoring/user-workload,tgis-bam,3399.0
2024-08-05 04:59:31.604000092,tgi_batch_inference_success,http,10.131.3.166:3000,tgis-bam,prefill,fmaas-monitoring,llama-2.1,openshift-user-workload-monitoring/user-workload,tgis-bam,3407.0
2024-08-05 04:59:36.604000092,tgi_batch_inference_success,http,10.131.3.166:3000,tgis-bam,prefill,fmaas-monitoring,llama-2.1,openshift-user-workload-monitoring/user-workload,tgis-bam,3407.0
2024-08-05 04:59:41.604000092,tgi_batch_inference_success,http,10.131.3.166:3000,tgis-bam,prefill,fmaas-monitoring,llama-2.1,openshift-user-workload-monitoring/user-workload,tgis-bam,3412.0
2024-08-05 04:59:46.604000092,tgi_batch_inference_success,http,10.131.3.166:3000,tgis-bam,prefill,fmaas-monitoring,llama-2.1,openshift-user-workload-monitoring/user-workload,tgis-bam,3414.0
2024-08-05 04:59:51.604000092,tgi_batch_inference_success,http,10.131.3.166:3000,tgis-bam,prefill,fmaas-monitoring,llama-2.1,openshift-user-workload-monitoring/user-workload,tgis-bam,3422.0
2024-08-05 04:59:56.604000092,tgi_batch_inference_success,http,10.131.3.166:3000,tgis-bam,prefill,fmaas-monitoring,llama-2.1,openshift-user-workload-monitoring/user-workload,tgis-bam,3422.0
2024-08-05 05:00:01.604000092,tgi_batch_inference_success,http,10.131.3.166:3000,tgis-bam,prefill,fmaas-monitoring,llama-2.1,openshift-user-workload-monitoring/user-workload,tgis-bam,3425.0
2024-08-05 05:00:06.604000092,tgi_batch_inference_success,http,10.131.3.166:3000,tgis-bam,prefill,fmaas-monitoring,llama-2.1,openshift-user-workload-monitoring/user-workload,tgis-bam,3425.0
2024-08-05 05:00:11.604000092,tgi_batch_inference_success,http,10.131.3.166:3000,tgis-bam,prefill,fmaas-monitoring,llama-2.1,openshift-user-workload-monitoring/user-workload,tgis-bam,3433.0
2024-08-05 05:00:16.604000092,tgi_batch_inference_success,http,10.131.3.166:3000,tgis-bam,prefill,fmaas-monitoring,llama-2.1,openshift-user-workload-monitoring/user-workload,tgis-bam,3433.0
2024-08-05 05:00:21.604000092,tgi_batch_inference_success,http,10.131.3.166:3000,tgis-bam,prefill,fmaas-monitoring,llama-2.1,openshift-user-workload-monitoring/user-workload,tgis-bam,3438.0
2024-08-05 05:00:26.604000092,tgi_batch_inference_success,http,10.131.3.166:3000,tgis-bam,prefill,fmaas-monitoring,llama-2.1,openshift-user-workload-monitoring/user-workload,tgis-bam,3438.0
2024-08-05 05:00:31.604000092,tgi_batch_inference_success,http,10.131.3.166:3000,tgis-bam,prefill,fmaas-monitoring,llama-2.1,openshift-user-workload-monitoring/user-workload,tgis-bam,3445.0
2024-08-05 05:00:36.607000113,tgi_batch_inference_success,http,10.131.3.166:3000,tgis-bam,prefill,fmaas-monitoring,llama-2.1,openshift-user-workload-monitoring/user-workload,tgis-bam,3445.0
2024-08-05 05:00:41.604000092,tgi_batch_inference_success,http,10.131.3.166:3000,tgis-bam,prefill,fmaas-monitoring,llama-2.1,openshift-user-workload-monitoring/user-workload,tgis-bam,3451.0
2024-08-05 05:00:46.604000092,tgi_batch_inference_success,http,10.131.3.166:3000,tgis-bam,prefill,fmaas-monitoring,llama-2.1,openshift-user-workload-monitoring/user-workload,tgis-bam,3451.0
2024-08-05 05:00:51.604000092,tgi_batch_inference_success,http,10.131.3.166:3000,tgis-bam,prefill,fmaas-monitoring,llama-2.1,openshift-user-workload-monitoring/user-workload,tgis-bam,3461.0
2024-08-05 05:00:56.604000092,tgi_batch_inference_success,http,10.131.3.166:3000,tgis-bam,prefill,fmaas-monitoring,llama-2.1,openshift-user-workload-monitoring/user-workload,tgis-bam,3461.0
2024-08-05 05:01:01.604000092,tgi_batch_inference_success,http,10.131.3.166:3000,tgis-bam,prefill,fmaas-monitoring,llama-2.1,openshift-user-workload-monitoring/user-workload,tgis-bam,3468.0
2024-08-05 05:01:06.604000092,tgi_batch_inference_success,http,10.131.3.166:3000,tgis-bam,prefill,fmaas-monitoring,llama-2.1,openshift-user-workload-monitoring/user-workload,tgis-bam,3468.0
2024-08-05 05:01:11.604000092,tgi_batch_inference_success,http,10.131.3.166:3000,tgis-bam,prefill,fmaas-monitoring,llama-2.1,openshift-user-workload-monitoring/user-workload,tgis-bam,3474.0
2024-08-05 05:01:16.604000092,tgi_batch_inference_success,http,10.131.3.166:3000,tgis-bam,prefill,fmaas-monitoring,llama-2.1,openshift-user-workload-monitoring/user-workload,tgis-bam,3474.0
2024-08-05 05:01:21.604000092,tgi_batch_inference_success,http,10.131.3.166:3000,tgis-bam,prefill,fmaas-monitoring,llama-2.1,openshift-user-workload-monitoring/user-workload,tgis-bam,3479.0
2024-08-05 05:01:26.604000092,tgi_batch_inference_success,http,10.131.3.166:3000,tgis-bam,prefill,fmaas-monitoring,llama-2.1,openshift-user-workload-monitoring/user-workload,tgis-bam,3479.0
2024-08-05 05:01:31.604000092,tgi_batch_inference_success,http,10.131.3.166:3000,tgis-bam,prefill,fmaas-monitoring,llama-2.1,openshift-user-workload-monitoring/user-workload,tgis-bam,3485.0
2024-08-05 05:01:36.604000092,tgi_batch_inference_success,http,10.131.3.166:3000,tgis-bam,prefill,fmaas-monitoring,llama-2.1,openshift-user-workload-monitoring/user-workload,tgis-bam,3485.0
2024-08-05 05:01:41.604000092,tgi_batch_inference_success,http,10.131.3.166:3000,tgis-bam,prefill,fmaas-monitoring,llama-2.1,openshift-user-workload-monitoring/user-workload,tgis-bam,3491.0
2024-08-05 05:01:46.604000092,tgi_batch_inference_success,http,10.131.3.166:3000,tgis-bam,prefill,fmaas-monitoring,llama-2.1,openshift-user-workload-monitoring/user-workload,tgis-bam,3491.0
2024-08-05 05:01:51.604000092,tgi_batch_inference_success,http,10.131.3.166:3000,tgis-bam,prefill,fmaas-monitoring,llama-2.1,openshift-user-workload-monitoring/user-workload,tgis-bam,3498.0
2024-08-05 05:01:56.604000092,tgi_batch_inference_success,http,10.131.3.166:3000,tgis-bam,prefill,fmaas-monitoring,llama-2.1,openshift-user-workload-monitoring/user-workload,tgis-bam,3499.0
2024-08-05 05:02:01.604000092,tgi_batch_inference_success,http,10.131.3.166:3000,tgis-bam,prefill,fmaas-monitoring,llama-2.1,openshift-user-workload-monitoring/user-workload,tgis-bam,3504.0
2024-08-05 05:02:06.604000092,tgi_batch_inference_success,http,10.131.3.166:3000,tgis-bam,prefill,fmaas-monitoring,llama-2.1,openshift-user-workload-monitoring/user-workload,tgis-bam,3504.0
2024-08-05 05:02:11.604000092,tgi_batch_inference_success,http,10.131.3.166:3000,tgis-bam,prefill,fmaas-monitoring,llama-2.1,openshift-user-workload-monitoring/user-workload,tgis-bam,3511.0
2024-08-05 05:02:16.604000092,tgi_batch_inference_success,http,10.131.3.166:3000,tgis-bam,prefill,fmaas-monitoring,llama-2.1,openshift-user-workload-monitoring/user-workload,tgis-bam,3511.0
2024-08-05 05:02:21.604000092,tgi_batch_inference_success,http,10.131.3.166:3000,tgis-bam,prefill,fmaas-monitoring,llama-2.1,openshift-user-workload-monitoring/user-workload,tgis-bam,3519.0
2024-08-05 05:02:26.604000092,tgi_batch_inference_success,http,10.131.3.166:3000,tgis-bam,prefill,fmaas-monitoring,llama-2.1,openshift-user-workload-monitoring/user-workload,tgis-bam,3519.0
2024-08-05 05:02:31.604000092,tgi_batch_inference_success,http,10.131.3.166:3000,tgis-bam,prefill,fmaas-monitoring,llama-2.1,openshift-user-workload-monitoring/user-workload,tgis-bam,3524.0
2024-08-05 05:02:36.615000010,tgi_batch_inference_success,http,10.131.3.166:3000,tgis-bam,prefill,fmaas-monitoring,llama-2.1,openshift-user-workload-monitoring/user-workload,tgis-bam,3525.0
2024-08-05 05:02:41.604000092,tgi_batch_inference_success,http,10.131.3.166:3000,tgis-bam,prefill,fmaas-monitoring,llama-2.1,openshift-user-workload-monitoring/user-workload,tgis-bam,3529.0
2024-08-05 05:02:46.604000092,tgi_batch_inference_success,http,10.131.3.166:3000,tgis-bam,prefill,fmaas-monitoring,llama-2.1,openshift-user-workload-monitoring/user-workload,tgis-bam,3529.0
2024-08-05 05:02:51.604000092,tgi_batch_inference_success,http,10.131.3.166:3000,tgis-bam,prefill,fmaas-monitoring,llama-2.1,openshift-user-workload-monitoring/user-workload,tgis-bam,3535.0
2024-08-05 05:02:56.604000092,tgi_batch_inference_success,http,10.131.3.166:3000,tgis-bam,prefill,fmaas-monitoring,llama-2.1,openshift-user-workload-monitoring/user-workload,tgis-bam,3535.0
2024-08-05 05:03:01.604000092,tgi_batch_inference_success,http,10.131.3.166:3000,tgis-bam,prefill,fmaas-monitoring,llama-2.1,openshift-user-workload-monitoring/user-workload,tgis-bam,3543.0
2024-08-05 05:03:06.604000092,tgi_batch_inference_success,http,10.131.3.166:3000,tgis-bam,prefill,fmaas-monitoring,llama-2.1,openshift-user-workload-monitoring/user-workload,tgis-bam,3543.0
2024-08-05 05:03:11.604000092,tgi_batch_inference_success,http,10.131.3.166:3000,tgis-bam,prefill,fmaas-monitoring,llama-2.1,openshift-user-workload-monitoring/user-workload,tgis-bam,3549.0
2024-08-05 05:03:16.604000092,tgi_batch_inference_success,http,10.131.3.166:3000,tgis-bam,prefill,fmaas-monitoring,llama-2.1,openshift-user-workload-monitoring/user-workload,tgis-bam,3549.0
2024-08-05 05:03:21.604000092,tgi_batch_inference_success,http,10.131.3.166:3000,tgis-bam,prefill,fmaas-monitoring,llama-2.1,openshift-user-workload-monitoring/user-workload,tgis-bam,3556.0
2024-08-05 05:03:26.604000092,tgi_batch_inference_success,http,10.131.3.166:3000,tgis-bam,prefill,fmaas-monitoring,llama-2.1,openshift-user-workload-monitoring/user-workload,tgis-bam,3556.0
2024-08-05 05:03:31.604000092,tgi_batch_inference_success,http,10.131.3.166:3000,tgis-bam,prefill,fmaas-monitoring,llama-2.1,openshift-user-workload-monitoring/user-workload,tgis-bam,3562.0
2024-08-05 05:03:36.604000092,tgi_batch_inference_success,http,10.131.3.166:3000,tgis-bam,prefill,fmaas-monitoring,llama-2.1,openshift-user-workload-monitoring/user-workload,tgis-bam,3562.0
2024-08-05 05:03:41.604000092,tgi_batch_inference_success,http,10.131.3.166:3000,tgis-bam,prefill,fmaas-monitoring,llama-2.1,openshift-user-workload-monitoring/user-workload,tgis-bam,3569.0
2024-08-05 05:03:46.604000092,tgi_batch_inference_success,http,10.131.3.166:3000,tgis-bam,prefill,fmaas-monitoring,llama-2.1,openshift-user-workload-monitoring/user-workload,tgis-bam,3569.0
2024-08-05 05:03:51.604000092,tgi_batch_inference_success,http,10.131.3.166:3000,tgis-bam,prefill,fmaas-monitoring,llama-2.1,openshift-user-workload-monitoring/user-workload,tgis-bam,3577.0
2024-08-05 05:03:56.604000092,tgi_batch_inference_success,http,10.131.3.166:3000,tgis-bam,prefill,fmaas-monitoring,llama-2.1,openshift-user-workload-monitoring/user-workload,tgis-bam,3577.0
2024-08-05 05:04:01.604000092,tgi_batch_inference_success,http,10.131.3.166:3000,tgis-bam,prefill,fmaas-monitoring,llama-2.1,openshift-user-workload-monitoring/user-workload,tgis-bam,3585.0
2024-08-05 05:04:06.604000092,tgi_batch_inference_success,http,10.131.3.166:3000,tgis-bam,prefill,fmaas-monitoring,llama-2.1,openshift-user-workload-monitoring/user-workload,tgis-bam,3585.0
2024-08-05 05:04:11.604000092,tgi_batch_inference_success,http,10.131.3.166:3000,tgis-bam,prefill,fmaas-monitoring,llama-2.1,openshift-user-workload-monitoring/user-workload,tgis-bam,3590.0
2024-08-05 05:04:16.604000092,tgi_batch_inference_success,http,10.131.3.166:3000,tgis-bam,prefill,fmaas-monitoring,llama-2.1,openshift-user-workload-monitoring/user-workload,tgis-bam,3590.0
2024-08-05 05:04:21.604000092,tgi_batch_inference_success,http,10.131.3.166:3000,tgis-bam,prefill,fmaas-monitoring,llama-2.1,openshift-user-workload-monitoring/user-workload,tgis-bam,3595.0
2024-08-05 05:04:26.608000040,tgi_batch_inference_success,http,10.131.3.166:3000,tgis-bam,prefill,fmaas-monitoring,llama-2.1,openshift-user-workload-monitoring/user-workload,tgis-bam,3595.0
2024-08-05 05:04:31.604000092,tgi_batch_inference_success,http,10.131.3.166:3000,tgis-bam,prefill,fmaas-monitoring,llama-2.1,openshift-user-workload-monitoring/user-workload,tgis-bam,3601.0
2024-08-05 05:04:36.607000113,tgi_batch_inference_success,http,10.131.3.166:3000,tgis-bam,prefill,fmaas-monitoring,llama-2.1,openshift-user-workload-monitoring/user-workload,tgis-bam,3601.0
2024-08-05 05:04:41.604000092,tgi_batch_inference_success,http,10.131.3.166:3000,tgis-bam,prefill,fmaas-monitoring,llama-2.1,openshift-user-workload-monitoring/user-workload,tgis-bam,3607.0
2024-08-05 05:04:46.604000092,tgi_batch_inference_success,http,10.131.3.166:3000,tgis-bam,prefill,fmaas-monitoring,llama-2.1,openshift-user-workload-monitoring/user-workload,tgis-bam,3607.0
2024-08-05 05:04:51.604000092,tgi_batch_inference_success,http,10.131.3.166:3000,tgis-bam,prefill,fmaas-monitoring,llama-2.1,openshift-user-workload-monitoring/user-workload,tgis-bam,3613.0
2024-08-05 05:04:56.604000092,tgi_batch_inference_success,http,10.131.3.166:3000,tgis-bam,prefill,fmaas-monitoring,llama-2.1,openshift-user-workload-monitoring/user-workload,tgis-bam,3613.0
2024-08-05 05:05:01.604000092,tgi_batch_inference_success,http,10.131.3.166:3000,tgis-bam,prefill,fmaas-monitoring,llama-2.1,openshift-user-workload-monitoring/user-workload,tgis-bam,3621.0
2024-08-05 05:05:06.604000092,tgi_batch_inference_success,http,10.131.3.166:3000,tgis-bam,prefill,fmaas-monitoring,llama-2.1,openshift-user-workload-monitoring/user-workload,tgis-bam,3623.0
2024-08-05 05:05:11.604000092,tgi_batch_inference_success,http,10.131.3.166:3000,tgis-bam,prefill,fmaas-monitoring,llama-2.1,openshift-user-workload-monitoring/user-workload,tgis-bam,3627.0
2024-08-05 05:05:16.604000092,tgi_batch_inference_success,http,10.131.3.166:3000,tgis-bam,prefill,fmaas-monitoring,llama-2.1,openshift-user-workload-monitoring/user-workload,tgis-bam,3627.0
2024-08-05 05:05:21.604000092,tgi_batch_inference_success,http,10.131.3.166:3000,tgis-bam,prefill,fmaas-monitoring,llama-2.1,openshift-user-workload-monitoring/user-workload,tgis-bam,3632.0
2024-08-05 05:05:26.604000092,tgi_batch_inference_success,http,10.131.3.166:3000,tgis-bam,prefill,fmaas-monitoring,llama-2.1,openshift-user-workload-monitoring/user-workload,tgis-bam,3632.0
2024-08-05 05:05:31.604000092,tgi_batch_inference_success,http,10.131.3.166:3000,tgis-bam,prefill,fmaas-monitoring,llama-2.1,openshift-user-workload-monitoring/user-workload,tgis-bam,3639.0
2024-08-05 05:05:36.604000092,tgi_batch_inference_success,http,10.131.3.166:3000,tgis-bam,prefill,fmaas-monitoring,llama-2.1,openshift-user-workload-monitoring/user-workload,tgis-bam,3639.0
2024-08-05 05:05:41.604000092,tgi_batch_inference_success,http,10.131.3.166:3000,tgis-bam,prefill,fmaas-monitoring,llama-2.1,openshift-user-workload-monitoring/user-workload,tgis-bam,3647.0
2024-08-05 05:05:46.604000092,tgi_batch_inference_success,http,10.131.3.166:3000,tgis-bam,prefill,fmaas-monitoring,llama-2.1,openshift-user-workload-monitoring/user-workload,tgis-bam,3647.0
2024-08-05 05:05:51.604000092,tgi_batch_inference_success,http,10.131.3.166:3000,tgis-bam,prefill,fmaas-monitoring,llama-2.1,openshift-user-workload-monitoring/user-workload,tgis-bam,3655.0
2024-08-05 05:05:56.604000092,tgi_batch_inference_success,http,10.131.3.166:3000,tgis-bam,prefill,fmaas-monitoring,llama-2.1,openshift-user-workload-monitoring/user-workload,tgis-bam,3655.0
2024-08-05 05:06:01.604000092,tgi_batch_inference_success,http,10.131.3.166:3000,tgis-bam,prefill,fmaas-monitoring,llama-2.1,openshift-user-workload-monitoring/user-workload,tgis-bam,3661.0
2024-08-05 05:06:06.604000092,tgi_batch_inference_success,http,10.131.3.166:3000,tgis-bam,next_token,fmaas-monitoring,llama-2.1,openshift-user-workload-monitoring/user-workload,tgis-bam,31843.0
2024-08-05 05:06:11.604000092,tgi_batch_inference_success,http,10.131.3.166:3000,tgis-bam,next_token,fmaas-monitoring,llama-2.1,openshift-user-workload-monitoring/user-workload,tgis-bam,31882.0
2024-08-05 05:06:16.644999981,tgi_batch_inference_success,http,10.131.3.166:3000,tgis-bam,next_token,fmaas-monitoring,llama-2.1,openshift-user-workload-monitoring/user-workload,tgis-bam,31916.0
2024-08-05 05:06:21.604000092,tgi_batch_inference_success,http,10.131.3.166:3000,tgis-bam,next_token,fmaas-monitoring,llama-2.1,openshift-user-workload-monitoring/user-workload,tgis-bam,31962.0
2024-08-05 05:06:26.604000092,tgi_batch_inference_success,http,10.131.3.166:3000,tgis-bam,next_token,fmaas-monitoring,llama-2.1,openshift-user-workload-monitoring/user-workload,tgis-bam,31983.0
2024-08-05 05:06:31.604000092,tgi_batch_inference_success,http,10.131.3.166:3000,tgis-bam,next_token,fmaas-monitoring,llama-2.1,openshift-user-workload-monitoring/user-workload,tgis-bam,32032.0
2024-08-05 05:06:36.604000092,tgi_batch_inference_success,http,10.131.3.166:3000,tgis-bam,next_token,fmaas-monitoring,llama-2.1,openshift-user-workload-monitoring/user-workload,tgis-bam,32057.0
2024-08-05 05:06:41.604000092,tgi_batch_inference_success,http,10.131.3.166:3000,tgis-bam,next_token,fmaas-monitoring,llama-2.1,openshift-user-workload-monitoring/user-workload,tgis-bam,32084.0
2024-08-05 05:06:46.604000092,tgi_batch_inference_success,http,10.131.3.166:3000,tgis-bam,next_token,fmaas-monitoring,llama-2.1,openshift-user-workload-monitoring/user-workload,tgis-bam,32133.0
2024-08-05 05:06:51.604000092,tgi_batch_inference_success,http,10.131.3.166:3000,tgis-bam,next_token,fmaas-monitoring,llama-2.1,openshift-user-workload-monitoring/user-workload,tgis-bam,32150.0
2024-08-05 05:06:56.604000092,tgi_batch_inference_success,http,10.131.3.166:3000,tgis-bam,next_token,fmaas-monitoring,llama-2.1,openshift-user-workload-monitoring/user-workload,tgis-bam,32187.0
2024-08-05 05:07:01.604000092,tgi_batch_inference_success,http,10.131.3.166:3000,tgis-bam,next_token,fmaas-monitoring,llama-2.1,openshift-user-workload-monitoring/user-workload,tgis-bam,32205.0
2024-08-05 05:07:06.604000092,tgi_batch_inference_success,http,10.131.3.166:3000,tgis-bam,next_token,fmaas-monitoring,llama-2.1,openshift-user-workload-monitoring/user-workload,tgis-bam,32236.0
2024-08-05 05:07:11.604000092,tgi_batch_inference_success,http,10.131.3.166:3000,tgis-bam,next_token,fmaas-monitoring,llama-2.1,openshift-user-workload-monitoring/user-workload,tgis-bam,32258.0
2024-08-05 05:07:16.604000092,tgi_batch_inference_success,http,10.131.3.166:3000,tgis-bam,next_token,fmaas-monitoring,llama-2.1,openshift-user-workload-monitoring/user-workload,tgis-bam,32308.0
2024-08-05 05:07:21.604000092,tgi_batch_inference_success,http,10.131.3.166:3000,tgis-bam,next_token,fmaas-monitoring,llama-2.1,openshift-user-workload-monitoring/user-workload,tgis-bam,32342.0
2024-08-05 05:07:26.607000113,tgi_batch_inference_success,http,10.131.3.166:3000,tgis-bam,next_token,fmaas-monitoring,llama-2.1,openshift-user-workload-monitoring/user-workload,tgis-bam,32384.0
2024-08-05 05:07:31.604000092,tgi_batch_inference_success,http,10.131.3.166:3000,tgis-bam,next_token,fmaas-monitoring,llama-2.1,openshift-user-workload-monitoring/user-workload,tgis-bam,32403.0
2024-08-05 05:07:36.638000011,tgi_batch_inference_success,http,10.131.3.166:3000,tgis-bam,next_token,fmaas-monitoring,llama-2.1,openshift-user-workload-monitoring/user-workload,tgis-bam,32429.0
2024-08-05 05:07:41.604000092,tgi_batch_inference_success,http,10.131.3.166:3000,tgis-bam,next_token,fmaas-monitoring,llama-2.1,openshift-user-workload-monitoring/user-workload,tgis-bam,32441.0
2024-08-05 05:07:46.604000092,tgi_batch_inference_success,http,10.131.3.166:3000,tgis-bam,next_token,fmaas-monitoring,llama-2.1,openshift-user-workload-monitoring/user-workload,tgis-bam,32461.0
2024-08-05 05:07:51.604000092,tgi_batch_inference_success,http,10.131.3.166:3000,tgis-bam,next_token,fmaas-monitoring,llama-2.1,openshift-user-workload-monitoring/user-workload,tgis-bam,32476.0
2024-08-05 05:07:56.604000092,tgi_batch_inference_success,http,10.131.3.166:3000,tgis-bam,next_token,fmaas-monitoring,llama-2.1,openshift-user-workload-monitoring/user-workload,tgis-bam,32483.0
2024-08-05 05:08:01.604000092,tgi_batch_inference_success,http,10.131.3.166:3000,tgis-bam,next_token,fmaas-monitoring,llama-2.1,openshift-user-workload-monitoring/user-workload,tgis-bam,32496.0
2024-08-05 05:08:06.604000092,tgi_batch_inference_success,http,10.131.3.166:3000,tgis-bam,next_token,fmaas-monitoring,llama-2.1,openshift-user-workload-monitoring/user-workload,tgis-bam,32517.0
2024-08-05 05:08:11.604000092,tgi_batch_inference_success,http,10.131.3.166:3000,tgis-bam,next_token,fmaas-monitoring,llama-2.1,openshift-user-workload-monitoring/user-workload,tgis-bam,32531.0
2024-08-05 05:08:16.604000092,tgi_batch_inference_success,http,10.131.3.166:3000,tgis-bam,next_token,fmaas-monitoring,llama-2.1,openshift-user-workload-monitoring/user-workload,tgis-bam,32539.0
2024-08-05 05:08:21.604000092,tgi_batch_inference_success,http,10.131.3.166:3000,tgis-bam,next_token,fmaas-monitoring,llama-2.1,openshift-user-workload-monitoring/user-workload,tgis-bam,32557.0
2024-08-05 05:08:26.604000092,tgi_batch_inference_success,http,10.131.3.166:3000,tgis-bam,next_token,fmaas-monitoring,llama-2.1,openshift-user-workload-monitoring/user-workload,tgis-bam,32578.0
2024-08-05 05:08:31.604000092,tgi_batch_inference_success,http,10.131.3.166:3000,tgis-bam,next_token,fmaas-monitoring,llama-2.1,openshift-user-workload-monitoring/user-workload,tgis-bam,32595.0
2024-08-05 05:08:36.604000092,tgi_batch_inference_success,http,10.131.3.166:3000,tgis-bam,next_token,fmaas-monitoring,llama-2.1,openshift-user-workload-monitoring/user-workload,tgis-bam,32647.0
2024-08-05 05:08:41.604000092,tgi_batch_inference_success,http,10.131.3.166:3000,tgis-bam,next_token,fmaas-monitoring,llama-2.1,openshift-user-workload-monitoring/user-workload,tgis-bam,32679.0
2024-08-05 05:08:46.604000092,tgi_batch_inference_success,http,10.131.3.166:3000,tgis-bam,next_token,fmaas-monitoring,llama-2.1,openshift-user-workload-monitoring/user-workload,tgis-bam,32693.0
2024-08-05 05:08:51.604000092,tgi_batch_inference_success,http,10.131.3.166:3000,tgis-bam,next_token,fmaas-monitoring,llama-2.1,openshift-user-workload-monitoring/user-workload,tgis-bam,32705.0
2024-08-05 05:08:56.604000092,tgi_batch_inference_success,http,10.131.3.166:3000,tgis-bam,next_token,fmaas-monitoring,llama-2.1,openshift-user-workload-monitoring/user-workload,tgis-bam,32720.0
2024-08-05 05:09:01.604000092,tgi_batch_inference_success,http,10.131.3.166:3000,tgis-bam,next_token,fmaas-monitoring,llama-2.1,openshift-user-workload-monitoring/user-workload,tgis-bam,32730.0
2024-08-05 05:09:06.604000092,tgi_batch_inference_success,http,10.131.3.166:3000,tgis-bam,next_token,fmaas-monitoring,llama-2.1,openshift-user-workload-monitoring/user-workload,tgis-bam,32740.0
2024-08-05 05:06:06.604000092,tgi_batch_inference_success,http,10.131.3.166:3000,tgis-bam,prefill,fmaas-monitoring,llama-2.1,openshift-user-workload-monitoring/user-workload,tgis-bam,3661.0
2024-08-05 05:06:11.604000092,tgi_batch_inference_success,http,10.131.3.166:3000,tgis-bam,prefill,fmaas-monitoring,llama-2.1,openshift-user-workload-monitoring/user-workload,tgis-bam,3667.0
2024-08-05 05:06:16.644999981,tgi_batch_inference_success,http,10.131.3.166:3000,tgis-bam,prefill,fmaas-monitoring,llama-2.1,openshift-user-workload-monitoring/user-workload,tgis-bam,3667.0
2024-08-05 05:06:21.604000092,tgi_batch_inference_success,http,10.131.3.166:3000,tgis-bam,prefill,fmaas-monitoring,llama-2.1,openshift-user-workload-monitoring/user-workload,tgis-bam,3674.0
2024-08-05 05:06:26.604000092,tgi_batch_inference_success,http,10.131.3.166:3000,tgis-bam,prefill,fmaas-monitoring,llama-2.1,openshift-user-workload-monitoring/user-workload,tgis-bam,3674.0
2024-08-05 05:06:31.604000092,tgi_batch_inference_success,http,10.131.3.166:3000,tgis-bam,prefill,fmaas-monitoring,llama-2.1,openshift-user-workload-monitoring/user-workload,tgis-bam,3681.0
2024-08-05 05:06:36.604000092,tgi_batch_inference_success,http,10.131.3.166:3000,tgis-bam,prefill,fmaas-monitoring,llama-2.1,openshift-user-workload-monitoring/user-workload,tgis-bam,3681.0
2024-08-05 05:06:41.604000092,tgi_batch_inference_success,http,10.131.3.166:3000,tgis-bam,prefill,fmaas-monitoring,llama-2.1,openshift-user-workload-monitoring/user-workload,tgis-bam,3687.0
2024-08-05 05:06:46.604000092,tgi_batch_inference_success,http,10.131.3.166:3000,tgis-bam,prefill,fmaas-monitoring,llama-2.1,openshift-user-workload-monitoring/user-workload,tgis-bam,3687.0
2024-08-05 05:06:51.604000092,tgi_batch_inference_success,http,10.131.3.166:3000,tgis-bam,prefill,fmaas-monitoring,llama-2.1,openshift-user-workload-monitoring/user-workload,tgis-bam,3692.0
2024-08-05 05:06:56.604000092,tgi_batch_inference_success,http,10.131.3.166:3000,tgis-bam,prefill,fmaas-monitoring,llama-2.1,openshift-user-workload-monitoring/user-workload,tgis-bam,3693.0
2024-08-05 05:07:01.604000092,tgi_batch_inference_success,http,10.131.3.166:3000,tgis-bam,prefill,fmaas-monitoring,llama-2.1,openshift-user-workload-monitoring/user-workload,tgis-bam,3698.0
2024-08-05 05:07:06.604000092,tgi_batch_inference_success,http,10.131.3.166:3000,tgis-bam,prefill,fmaas-monitoring,llama-2.1,openshift-user-workload-monitoring/user-workload,tgis-bam,3700.0
2024-08-05 05:07:11.604000092,tgi_batch_inference_success,http,10.131.3.166:3000,tgis-bam,prefill,fmaas-monitoring,llama-2.1,openshift-user-workload-monitoring/user-workload,tgis-bam,3704.0
2024-08-05 05:07:16.604000092,tgi_batch_inference_success,http,10.131.3.166:3000,tgis-bam,prefill,fmaas-monitoring,llama-2.1,openshift-user-workload-monitoring/user-workload,tgis-bam,3704.0
2024-08-05 05:07:21.604000092,tgi_batch_inference_success,http,10.131.3.166:3000,tgis-bam,prefill,fmaas-monitoring,llama-2.1,openshift-user-workload-monitoring/user-workload,tgis-bam,3710.0
2024-08-05 05:07:26.607000113,tgi_batch_inference_success,http,10.131.3.166:3000,tgis-bam,prefill,fmaas-monitoring,llama-2.1,openshift-user-workload-monitoring/user-workload,tgis-bam,3710.0
2024-08-05 05:07:31.604000092,tgi_batch_inference_success,http,10.131.3.166:3000,tgis-bam,prefill,fmaas-monitoring,llama-2.1,openshift-user-workload-monitoring/user-workload,tgis-bam,3719.0
2024-08-05 05:07:36.638000011,tgi_batch_inference_success,http,10.131.3.166:3000,tgis-bam,prefill,fmaas-monitoring,llama-2.1,openshift-user-workload-monitoring/user-workload,tgis-bam,3719.0
2024-08-05 05:07:41.604000092,tgi_batch_inference_success,http,10.131.3.166:3000,tgis-bam,prefill,fmaas-monitoring,llama-2.1,openshift-user-workload-monitoring/user-workload,tgis-bam,3724.0
2024-08-05 05:07:46.604000092,tgi_batch_inference_success,http,10.131.3.166:3000,tgis-bam,prefill,fmaas-monitoring,llama-2.1,openshift-user-workload-monitoring/user-workload,tgis-bam,3724.0
2024-08-05 05:07:51.604000092,tgi_batch_inference_success,http,10.131.3.166:3000,tgis-bam,prefill,fmaas-monitoring,llama-2.1,openshift-user-workload-monitoring/user-workload,tgis-bam,3730.0
2024-08-05 05:07:56.604000092,tgi_batch_inference_success,http,10.131.3.166:3000,tgis-bam,prefill,fmaas-monitoring,llama-2.1,openshift-user-workload-monitoring/user-workload,tgis-bam,3732.0
2024-08-05 05:08:01.604000092,tgi_batch_inference_success,http,10.131.3.166:3000,tgis-bam,prefill,fmaas-monitoring,llama-2.1,openshift-user-workload-monitoring/user-workload,tgis-bam,3735.0
2024-08-05 05:08:06.604000092,tgi_batch_inference_success,http,10.131.3.166:3000,tgis-bam,prefill,fmaas-monitoring,llama-2.1,openshift-user-workload-monitoring/user-workload,tgis-bam,3735.0
2024-08-05 05:08:11.604000092,tgi_batch_inference_success,http,10.131.3.166:3000,tgis-bam,prefill,fmaas-monitoring,llama-2.1,openshift-user-workload-monitoring/user-workload,tgis-bam,3738.0
2024-08-05 05:08:16.604000092,tgi_batch_inference_success,http,10.131.3.166:3000,tgis-bam,prefill,fmaas-monitoring,llama-2.1,openshift-user-workload-monitoring/user-workload,tgis-bam,3744.0
2024-08-05 05:08:21.604000092,tgi_batch_inference_success,http,10.131.3.166:3000,tgis-bam,prefill,fmaas-monitoring,llama-2.1,openshift-user-workload-monitoring/user-workload,tgis-bam,3745.0
2024-08-05 05:08:26.604000092,tgi_batch_inference_success,http,10.131.3.166:3000,tgis-bam,prefill,fmaas-monitoring,llama-2.1,openshift-user-workload-monitoring/user-workload,tgis-bam,3745.0
2024-08-05 05:08:31.604000092,tgi_batch_inference_success,http,10.131.3.166:3000,tgis-bam,prefill,fmaas-monitoring,llama-2.1,openshift-user-workload-monitoring/user-workload,tgis-bam,3749.0
2024-08-05 05:08:36.604000092,tgi_batch_inference_success,http,10.131.3.166:3000,tgis-bam,prefill,fmaas-monitoring,llama-2.1,openshift-user-workload-monitoring/user-workload,tgis-bam,3752.0
2024-08-05 05:08:41.604000092,tgi_batch_inference_success,http,10.131.3.166:3000,tgis-bam,prefill,fmaas-monitoring,llama-2.1,openshift-user-workload-monitoring/user-workload,tgis-bam,3759.0
2024-08-05 05:08:46.604000092,tgi_batch_inference_success,http,10.131.3.166:3000,tgis-bam,prefill,fmaas-monitoring,llama-2.1,openshift-user-workload-monitoring/user-workload,tgis-bam,3761.0
2024-08-05 05:08:51.604000092,tgi_batch_inference_success,http,10.131.3.166:3000,tgis-bam,prefill,fmaas-monitoring,llama-2.1,openshift-user-workload-monitoring/user-workload,tgis-bam,3763.0
2024-08-05 05:08:56.604000092,tgi_batch_inference_success,http,10.131.3.166:3000,tgis-bam,prefill,fmaas-monitoring,llama-2.1,openshift-user-workload-monitoring/user-workload,tgis-bam,3764.0
2024-08-05 05:09:01.604000092,tgi_batch_inference_success,http,10.131.3.166:3000,tgis-bam,prefill,fmaas-monitoring,llama-2.1,openshift-user-workload-monitoring/user-workload,tgis-bam,3768.0
2024-08-05 05:09:06.604000092,tgi_batch_inference_success,http,10.131.3.166:3000,tgis-bam,prefill,fmaas-monitoring,llama-2.1,openshift-user-workload-monitoring/user-workload,tgis-bam,3775.0
