timestamp,__name__,endpoint,instance,job,namespace,pod,prometheus,service,value
2024-05-17 13:45:01.105999947,tgi_queue_size,http,10.128.4.158:3000,tgis-bam,fmaas-monitoring,llama3,openshift-user-workload-monitoring/user-workload,tgis-bam,0.0
2024-05-17 13:45:06.105999947,tgi_queue_size,http,10.128.4.158:3000,tgis-bam,fmaas-monitoring,llama3,openshift-user-workload-monitoring/user-workload,tgis-bam,0.0
2024-05-17 13:45:11.105999947,tgi_queue_size,http,10.128.4.158:3000,tgis-bam,fmaas-monitoring,llama3,openshift-user-workload-monitoring/user-workload,tgis-bam,1.0
2024-05-17 13:45:16.105999947,tgi_queue_size,http,10.128.4.158:3000,tgis-bam,fmaas-monitoring,llama3,openshift-user-workload-monitoring/user-workload,tgis-bam,1.0
2024-05-17 13:45:21.105999947,tgi_queue_size,http,10.128.4.158:3000,tgis-bam,fmaas-monitoring,llama3,openshift-user-workload-monitoring/user-workload,tgis-bam,3.0
2024-05-17 13:45:26.105999947,tgi_queue_size,http,10.128.4.158:3000,tgis-bam,fmaas-monitoring,llama3,openshift-user-workload-monitoring/user-workload,tgis-bam,3.0
2024-05-17 13:45:31.105999947,tgi_queue_size,http,10.128.4.158:3000,tgis-bam,fmaas-monitoring,llama3,openshift-user-workload-monitoring/user-workload,tgis-bam,5.0
2024-05-17 13:45:36.105999947,tgi_queue_size,http,10.128.4.158:3000,tgis-bam,fmaas-monitoring,llama3,openshift-user-workload-monitoring/user-workload,tgis-bam,10.0
2024-05-17 13:45:41.105999947,tgi_queue_size,http,10.128.4.158:3000,tgis-bam,fmaas-monitoring,llama3,openshift-user-workload-monitoring/user-workload,tgis-bam,9.0
2024-05-17 13:45:46.105999947,tgi_queue_size,http,10.128.4.158:3000,tgis-bam,fmaas-monitoring,llama3,openshift-user-workload-monitoring/user-workload,tgis-bam,13.0
2024-05-17 13:45:51.105999947,tgi_queue_size,http,10.128.4.158:3000,tgis-bam,fmaas-monitoring,llama3,openshift-user-workload-monitoring/user-workload,tgis-bam,16.0
2024-05-17 13:45:56.105999947,tgi_queue_size,http,10.128.4.158:3000,tgis-bam,fmaas-monitoring,llama3,openshift-user-workload-monitoring/user-workload,tgis-bam,15.0
2024-05-17 13:46:01.105999947,tgi_queue_size,http,10.128.4.158:3000,tgis-bam,fmaas-monitoring,llama3,openshift-user-workload-monitoring/user-workload,tgis-bam,22.0
2024-05-17 13:46:06.105999947,tgi_queue_size,http,10.128.4.158:3000,tgis-bam,fmaas-monitoring,llama3,openshift-user-workload-monitoring/user-workload,tgis-bam,24.0
2024-05-17 13:46:11.105999947,tgi_queue_size,http,10.128.4.158:3000,tgis-bam,fmaas-monitoring,llama3,openshift-user-workload-monitoring/user-workload,tgis-bam,27.0
2024-05-17 13:46:16.105999947,tgi_queue_size,http,10.128.4.158:3000,tgis-bam,fmaas-monitoring,llama3,openshift-user-workload-monitoring/user-workload,tgis-bam,32.0
2024-05-17 13:46:21.105999947,tgi_queue_size,http,10.128.4.158:3000,tgis-bam,fmaas-monitoring,llama3,openshift-user-workload-monitoring/user-workload,tgis-bam,34.0
2024-05-17 13:46:26.105999947,tgi_queue_size,http,10.128.4.158:3000,tgis-bam,fmaas-monitoring,llama3,openshift-user-workload-monitoring/user-workload,tgis-bam,42.0
2024-05-17 13:46:31.105999947,tgi_queue_size,http,10.128.4.158:3000,tgis-bam,fmaas-monitoring,llama3,openshift-user-workload-monitoring/user-workload,tgis-bam,47.0
2024-05-17 13:46:36.105999947,tgi_queue_size,http,10.128.4.158:3000,tgis-bam,fmaas-monitoring,llama3,openshift-user-workload-monitoring/user-workload,tgis-bam,68.0
2024-05-17 13:46:41.105999947,tgi_queue_size,http,10.128.4.158:3000,tgis-bam,fmaas-monitoring,llama3,openshift-user-workload-monitoring/user-workload,tgis-bam,74.0
2024-05-17 13:46:46.105999947,tgi_queue_size,http,10.128.4.158:3000,tgis-bam,fmaas-monitoring,llama3,openshift-user-workload-monitoring/user-workload,tgis-bam,74.0
2024-05-17 13:46:51.105999947,tgi_queue_size,http,10.128.4.158:3000,tgis-bam,fmaas-monitoring,llama3,openshift-user-workload-monitoring/user-workload,tgis-bam,73.0
2024-05-17 13:46:56.105999947,tgi_queue_size,http,10.128.4.158:3000,tgis-bam,fmaas-monitoring,llama3,openshift-user-workload-monitoring/user-workload,tgis-bam,73.0
2024-05-17 13:47:01.105999947,tgi_queue_size,http,10.128.4.158:3000,tgis-bam,fmaas-monitoring,llama3,openshift-user-workload-monitoring/user-workload,tgis-bam,79.0
2024-05-17 13:47:06.105999947,tgi_queue_size,http,10.128.4.158:3000,tgis-bam,fmaas-monitoring,llama3,openshift-user-workload-monitoring/user-workload,tgis-bam,89.0
2024-05-17 13:47:11.105999947,tgi_queue_size,http,10.128.4.158:3000,tgis-bam,fmaas-monitoring,llama3,openshift-user-workload-monitoring/user-workload,tgis-bam,96.0
2024-05-17 13:47:16.105999947,tgi_queue_size,http,10.128.4.158:3000,tgis-bam,fmaas-monitoring,llama3,openshift-user-workload-monitoring/user-workload,tgis-bam,120.0
2024-05-17 13:47:21.105999947,tgi_queue_size,http,10.128.4.158:3000,tgis-bam,fmaas-monitoring,llama3,openshift-user-workload-monitoring/user-workload,tgis-bam,135.0
2024-05-17 13:47:26.105999947,tgi_queue_size,http,10.128.4.158:3000,tgis-bam,fmaas-monitoring,llama3,openshift-user-workload-monitoring/user-workload,tgis-bam,148.0
2024-05-17 13:47:31.105999947,tgi_queue_size,http,10.128.4.158:3000,tgis-bam,fmaas-monitoring,llama3,openshift-user-workload-monitoring/user-workload,tgis-bam,148.0
2024-05-17 13:47:36.105999947,tgi_queue_size,http,10.128.4.158:3000,tgis-bam,fmaas-monitoring,llama3,openshift-user-workload-monitoring/user-workload,tgis-bam,147.0
2024-05-17 13:47:41.105999947,tgi_queue_size,http,10.128.4.158:3000,tgis-bam,fmaas-monitoring,llama3,openshift-user-workload-monitoring/user-workload,tgis-bam,147.0
2024-05-17 13:47:46.105999947,tgi_queue_size,http,10.128.4.158:3000,tgis-bam,fmaas-monitoring,llama3,openshift-user-workload-monitoring/user-workload,tgis-bam,147.0
2024-05-17 13:47:51.112999916,tgi_queue_size,http,10.128.4.158:3000,tgis-bam,fmaas-monitoring,llama3,openshift-user-workload-monitoring/user-workload,tgis-bam,146.0
2024-05-17 13:47:56.105999947,tgi_queue_size,http,10.128.4.158:3000,tgis-bam,fmaas-monitoring,llama3,openshift-user-workload-monitoring/user-workload,tgis-bam,145.0
2024-05-17 13:48:01.105999947,tgi_queue_size,http,10.128.4.158:3000,tgis-bam,fmaas-monitoring,llama3,openshift-user-workload-monitoring/user-workload,tgis-bam,149.0
2024-05-17 13:48:06.105999947,tgi_queue_size,http,10.128.4.158:3000,tgis-bam,fmaas-monitoring,llama3,openshift-user-workload-monitoring/user-workload,tgis-bam,162.0
2024-05-17 13:48:11.105999947,tgi_queue_size,http,10.128.4.158:3000,tgis-bam,fmaas-monitoring,llama3,openshift-user-workload-monitoring/user-workload,tgis-bam,171.0
2024-05-17 13:48:16.105999947,tgi_queue_size,http,10.128.4.158:3000,tgis-bam,fmaas-monitoring,llama3,openshift-user-workload-monitoring/user-workload,tgis-bam,178.0
2024-05-17 13:48:21.105999947,tgi_queue_size,http,10.128.4.158:3000,tgis-bam,fmaas-monitoring,llama3,openshift-user-workload-monitoring/user-workload,tgis-bam,181.0
2024-05-17 13:48:26.105999947,tgi_queue_size,http,10.128.4.158:3000,tgis-bam,fmaas-monitoring,llama3,openshift-user-workload-monitoring/user-workload,tgis-bam,189.0
2024-05-17 13:48:31.105999947,tgi_queue_size,http,10.128.4.158:3000,tgis-bam,fmaas-monitoring,llama3,openshift-user-workload-monitoring/user-workload,tgis-bam,196.0
2024-05-17 13:48:36.105999947,tgi_queue_size,http,10.128.4.158:3000,tgis-bam,fmaas-monitoring,llama3,openshift-user-workload-monitoring/user-workload,tgis-bam,205.0
2024-05-17 13:48:41.105999947,tgi_queue_size,http,10.128.4.158:3000,tgis-bam,fmaas-monitoring,llama3,openshift-user-workload-monitoring/user-workload,tgis-bam,204.0
2024-05-17 13:48:46.105999947,tgi_queue_size,http,10.128.4.158:3000,tgis-bam,fmaas-monitoring,llama3,openshift-user-workload-monitoring/user-workload,tgis-bam,203.0
2024-05-17 13:48:51.105999947,tgi_queue_size,http,10.128.4.158:3000,tgis-bam,fmaas-monitoring,llama3,openshift-user-workload-monitoring/user-workload,tgis-bam,203.0
2024-05-17 13:48:56.105999947,tgi_queue_size,http,10.128.4.158:3000,tgis-bam,fmaas-monitoring,llama3,openshift-user-workload-monitoring/user-workload,tgis-bam,201.0
2024-05-17 13:49:01.105999947,tgi_queue_size,http,10.128.4.158:3000,tgis-bam,fmaas-monitoring,llama3,openshift-user-workload-monitoring/user-workload,tgis-bam,202.0
2024-05-17 13:49:06.117000103,tgi_queue_size,http,10.128.4.158:3000,tgis-bam,fmaas-monitoring,llama3,openshift-user-workload-monitoring/user-workload,tgis-bam,219.0
2024-05-17 13:49:11.105999947,tgi_queue_size,http,10.128.4.158:3000,tgis-bam,fmaas-monitoring,llama3,openshift-user-workload-monitoring/user-workload,tgis-bam,224.0
2024-05-17 13:49:16.105999947,tgi_queue_size,http,10.128.4.158:3000,tgis-bam,fmaas-monitoring,llama3,openshift-user-workload-monitoring/user-workload,tgis-bam,231.0
2024-05-17 13:49:21.105999947,tgi_queue_size,http,10.128.4.158:3000,tgis-bam,fmaas-monitoring,llama3,openshift-user-workload-monitoring/user-workload,tgis-bam,247.0
2024-05-17 13:49:26.109999895,tgi_queue_size,http,10.128.4.158:3000,tgis-bam,fmaas-monitoring,llama3,openshift-user-workload-monitoring/user-workload,tgis-bam,261.0
2024-05-17 13:49:31.105999947,tgi_queue_size,http,10.128.4.158:3000,tgis-bam,fmaas-monitoring,llama3,openshift-user-workload-monitoring/user-workload,tgis-bam,259.0
2024-05-17 13:49:36.105999947,tgi_queue_size,http,10.128.4.158:3000,tgis-bam,fmaas-monitoring,llama3,openshift-user-workload-monitoring/user-workload,tgis-bam,259.0
2024-05-17 13:49:41.105999947,tgi_queue_size,http,10.128.4.158:3000,tgis-bam,fmaas-monitoring,llama3,openshift-user-workload-monitoring/user-workload,tgis-bam,258.0
2024-05-17 13:49:46.105999947,tgi_queue_size,http,10.128.4.158:3000,tgis-bam,fmaas-monitoring,llama3,openshift-user-workload-monitoring/user-workload,tgis-bam,256.0
2024-05-17 13:49:51.105999947,tgi_queue_size,http,10.128.4.158:3000,tgis-bam,fmaas-monitoring,llama3,openshift-user-workload-monitoring/user-workload,tgis-bam,256.0
2024-05-17 13:49:56.105999947,tgi_queue_size,http,10.128.4.158:3000,tgis-bam,fmaas-monitoring,llama3,openshift-user-workload-monitoring/user-workload,tgis-bam,254.0
2024-05-17 13:50:01.105999947,tgi_queue_size,http,10.128.4.158:3000,tgis-bam,fmaas-monitoring,llama3,openshift-user-workload-monitoring/user-workload,tgis-bam,257.0
2024-05-17 13:50:06.105999947,tgi_queue_size,http,10.128.4.158:3000,tgis-bam,fmaas-monitoring,llama3,openshift-user-workload-monitoring/user-workload,tgis-bam,265.0
2024-05-17 13:50:11.105999947,tgi_queue_size,http,10.128.4.158:3000,tgis-bam,fmaas-monitoring,llama3,openshift-user-workload-monitoring/user-workload,tgis-bam,279.0
2024-05-17 13:50:16.105999947,tgi_queue_size,http,10.128.4.158:3000,tgis-bam,fmaas-monitoring,llama3,openshift-user-workload-monitoring/user-workload,tgis-bam,282.0
2024-05-17 13:50:21.105999947,tgi_queue_size,http,10.128.4.158:3000,tgis-bam,fmaas-monitoring,llama3,openshift-user-workload-monitoring/user-workload,tgis-bam,284.0
2024-05-17 13:50:26.105999947,tgi_queue_size,http,10.128.4.158:3000,tgis-bam,fmaas-monitoring,llama3,openshift-user-workload-monitoring/user-workload,tgis-bam,290.0
2024-05-17 13:50:31.105999947,tgi_queue_size,http,10.128.4.158:3000,tgis-bam,fmaas-monitoring,llama3,openshift-user-workload-monitoring/user-workload,tgis-bam,285.0
2024-05-17 13:50:36.105999947,tgi_queue_size,http,10.128.4.158:3000,tgis-bam,fmaas-monitoring,llama3,openshift-user-workload-monitoring/user-workload,tgis-bam,280.0
2024-05-17 13:50:41.105999947,tgi_queue_size,http,10.128.4.158:3000,tgis-bam,fmaas-monitoring,llama3,openshift-user-workload-monitoring/user-workload,tgis-bam,278.0
2024-05-17 13:50:46.105999947,tgi_queue_size,http,10.128.4.158:3000,tgis-bam,fmaas-monitoring,llama3,openshift-user-workload-monitoring/user-workload,tgis-bam,275.0
2024-05-17 13:50:51.105999947,tgi_queue_size,http,10.128.4.158:3000,tgis-bam,fmaas-monitoring,llama3,openshift-user-workload-monitoring/user-workload,tgis-bam,270.0
2024-05-17 13:50:56.105999947,tgi_queue_size,http,10.128.4.158:3000,tgis-bam,fmaas-monitoring,llama3,openshift-user-workload-monitoring/user-workload,tgis-bam,269.0
2024-05-17 13:51:01.105999947,tgi_queue_size,http,10.128.4.158:3000,tgis-bam,fmaas-monitoring,llama3,openshift-user-workload-monitoring/user-workload,tgis-bam,278.0
2024-05-17 13:51:06.108000040,tgi_queue_size,http,10.128.4.158:3000,tgis-bam,fmaas-monitoring,llama3,openshift-user-workload-monitoring/user-workload,tgis-bam,276.0
2024-05-17 13:51:11.105999947,tgi_queue_size,http,10.128.4.158:3000,tgis-bam,fmaas-monitoring,llama3,openshift-user-workload-monitoring/user-workload,tgis-bam,283.0
2024-05-17 13:51:16.105999947,tgi_queue_size,http,10.128.4.158:3000,tgis-bam,fmaas-monitoring,llama3,openshift-user-workload-monitoring/user-workload,tgis-bam,283.0
2024-05-17 13:51:21.112999916,tgi_queue_size,http,10.128.4.158:3000,tgis-bam,fmaas-monitoring,llama3,openshift-user-workload-monitoring/user-workload,tgis-bam,282.0
2024-05-17 13:51:26.105999947,tgi_queue_size,http,10.128.4.158:3000,tgis-bam,fmaas-monitoring,llama3,openshift-user-workload-monitoring/user-workload,tgis-bam,296.0
2024-05-17 13:51:31.105999947,tgi_queue_size,http,10.128.4.158:3000,tgis-bam,fmaas-monitoring,llama3,openshift-user-workload-monitoring/user-workload,tgis-bam,294.0
2024-05-17 13:51:36.105999947,tgi_queue_size,http,10.128.4.158:3000,tgis-bam,fmaas-monitoring,llama3,openshift-user-workload-monitoring/user-workload,tgis-bam,300.0
2024-05-17 13:51:41.105999947,tgi_queue_size,http,10.128.4.158:3000,tgis-bam,fmaas-monitoring,llama3,openshift-user-workload-monitoring/user-workload,tgis-bam,290.0
2024-05-17 13:51:46.105999947,tgi_queue_size,http,10.128.4.158:3000,tgis-bam,fmaas-monitoring,llama3,openshift-user-workload-monitoring/user-workload,tgis-bam,277.0
2024-05-17 13:51:51.105999947,tgi_queue_size,http,10.128.4.158:3000,tgis-bam,fmaas-monitoring,llama3,openshift-user-workload-monitoring/user-workload,tgis-bam,270.0
2024-05-17 13:51:56.105999947,tgi_queue_size,http,10.128.4.158:3000,tgis-bam,fmaas-monitoring,llama3,openshift-user-workload-monitoring/user-workload,tgis-bam,270.0
2024-05-17 13:52:01.105999947,tgi_queue_size,http,10.128.4.158:3000,tgis-bam,fmaas-monitoring,llama3,openshift-user-workload-monitoring/user-workload,tgis-bam,271.0
2024-05-17 13:52:06.105999947,tgi_queue_size,http,10.128.4.158:3000,tgis-bam,fmaas-monitoring,llama3,openshift-user-workload-monitoring/user-workload,tgis-bam,277.0
2024-05-17 13:52:11.105999947,tgi_queue_size,http,10.128.4.158:3000,tgis-bam,fmaas-monitoring,llama3,openshift-user-workload-monitoring/user-workload,tgis-bam,271.0
2024-05-17 13:52:16.105999947,tgi_queue_size,http,10.128.4.158:3000,tgis-bam,fmaas-monitoring,llama3,openshift-user-workload-monitoring/user-workload,tgis-bam,277.0
2024-05-17 13:52:21.105999947,tgi_queue_size,http,10.128.4.158:3000,tgis-bam,fmaas-monitoring,llama3,openshift-user-workload-monitoring/user-workload,tgis-bam,277.0
2024-05-17 13:52:26.105999947,tgi_queue_size,http,10.128.4.158:3000,tgis-bam,fmaas-monitoring,llama3,openshift-user-workload-monitoring/user-workload,tgis-bam,272.0
2024-05-17 13:52:31.105999947,tgi_queue_size,http,10.128.4.158:3000,tgis-bam,fmaas-monitoring,llama3,openshift-user-workload-monitoring/user-workload,tgis-bam,273.0
2024-05-17 13:52:36.105999947,tgi_queue_size,http,10.128.4.158:3000,tgis-bam,fmaas-monitoring,llama3,openshift-user-workload-monitoring/user-workload,tgis-bam,274.0
2024-05-17 13:52:41.105999947,tgi_queue_size,http,10.128.4.158:3000,tgis-bam,fmaas-monitoring,llama3,openshift-user-workload-monitoring/user-workload,tgis-bam,274.0
2024-05-17 13:52:46.105999947,tgi_queue_size,http,10.128.4.158:3000,tgis-bam,fmaas-monitoring,llama3,openshift-user-workload-monitoring/user-workload,tgis-bam,273.0
2024-05-17 13:52:51.105999947,tgi_queue_size,http,10.128.4.158:3000,tgis-bam,fmaas-monitoring,llama3,openshift-user-workload-monitoring/user-workload,tgis-bam,273.0
2024-05-17 13:52:56.105999947,tgi_queue_size,http,10.128.4.158:3000,tgis-bam,fmaas-monitoring,llama3,openshift-user-workload-monitoring/user-workload,tgis-bam,272.0
2024-05-17 13:53:01.105999947,tgi_queue_size,http,10.128.4.158:3000,tgis-bam,fmaas-monitoring,llama3,openshift-user-workload-monitoring/user-workload,tgis-bam,275.0
2024-05-17 13:53:06.105999947,tgi_queue_size,http,10.128.4.158:3000,tgis-bam,fmaas-monitoring,llama3,openshift-user-workload-monitoring/user-workload,tgis-bam,292.0
2024-05-17 13:53:11.105999947,tgi_queue_size,http,10.128.4.158:3000,tgis-bam,fmaas-monitoring,llama3,openshift-user-workload-monitoring/user-workload,tgis-bam,294.0
2024-05-17 13:53:16.105999947,tgi_queue_size,http,10.128.4.158:3000,tgis-bam,fmaas-monitoring,llama3,openshift-user-workload-monitoring/user-workload,tgis-bam,289.0
2024-05-17 13:53:21.105999947,tgi_queue_size,http,10.128.4.158:3000,tgis-bam,fmaas-monitoring,llama3,openshift-user-workload-monitoring/user-workload,tgis-bam,290.0
2024-05-17 13:53:26.105999947,tgi_queue_size,http,10.128.4.158:3000,tgis-bam,fmaas-monitoring,llama3,openshift-user-workload-monitoring/user-workload,tgis-bam,288.0
2024-05-17 13:53:31.108000040,tgi_queue_size,http,10.128.4.158:3000,tgis-bam,fmaas-monitoring,llama3,openshift-user-workload-monitoring/user-workload,tgis-bam,283.0
2024-05-17 13:53:36.105999947,tgi_queue_size,http,10.128.4.158:3000,tgis-bam,fmaas-monitoring,llama3,openshift-user-workload-monitoring/user-workload,tgis-bam,269.0
2024-05-17 13:53:41.105999947,tgi_queue_size,http,10.128.4.158:3000,tgis-bam,fmaas-monitoring,llama3,openshift-user-workload-monitoring/user-workload,tgis-bam,261.0
2024-05-17 13:53:46.105999947,tgi_queue_size,http,10.128.4.158:3000,tgis-bam,fmaas-monitoring,llama3,openshift-user-workload-monitoring/user-workload,tgis-bam,261.0
2024-05-17 13:53:51.105999947,tgi_queue_size,http,10.128.4.158:3000,tgis-bam,fmaas-monitoring,llama3,openshift-user-workload-monitoring/user-workload,tgis-bam,260.0
2024-05-17 13:53:56.105999947,tgi_queue_size,http,10.128.4.158:3000,tgis-bam,fmaas-monitoring,llama3,openshift-user-workload-monitoring/user-workload,tgis-bam,260.0
2024-05-17 13:54:01.105999947,tgi_queue_size,http,10.128.4.158:3000,tgis-bam,fmaas-monitoring,llama3,openshift-user-workload-monitoring/user-workload,tgis-bam,264.0
2024-05-17 13:54:06.105999947,tgi_queue_size,http,10.128.4.158:3000,tgis-bam,fmaas-monitoring,llama3,openshift-user-workload-monitoring/user-workload,tgis-bam,266.0
2024-05-17 13:54:11.114000082,tgi_queue_size,http,10.128.4.158:3000,tgis-bam,fmaas-monitoring,llama3,openshift-user-workload-monitoring/user-workload,tgis-bam,264.0
2024-05-17 13:54:16.105999947,tgi_queue_size,http,10.128.4.158:3000,tgis-bam,fmaas-monitoring,llama3,openshift-user-workload-monitoring/user-workload,tgis-bam,279.0
2024-05-17 13:54:21.105999947,tgi_queue_size,http,10.128.4.158:3000,tgis-bam,fmaas-monitoring,llama3,openshift-user-workload-monitoring/user-workload,tgis-bam,273.0
2024-05-17 13:54:26.105999947,tgi_queue_size,http,10.128.4.158:3000,tgis-bam,fmaas-monitoring,llama3,openshift-user-workload-monitoring/user-workload,tgis-bam,273.0
2024-05-17 13:54:31.157999992,tgi_queue_size,http,10.128.4.158:3000,tgis-bam,fmaas-monitoring,llama3,openshift-user-workload-monitoring/user-workload,tgis-bam,278.0
2024-05-17 13:54:36.105999947,tgi_queue_size,http,10.128.4.158:3000,tgis-bam,fmaas-monitoring,llama3,openshift-user-workload-monitoring/user-workload,tgis-bam,277.0
2024-05-17 13:54:41.105999947,tgi_queue_size,http,10.128.4.158:3000,tgis-bam,fmaas-monitoring,llama3,openshift-user-workload-monitoring/user-workload,tgis-bam,277.0
2024-05-17 13:54:46.105999947,tgi_queue_size,http,10.128.4.158:3000,tgis-bam,fmaas-monitoring,llama3,openshift-user-workload-monitoring/user-workload,tgis-bam,277.0
2024-05-17 13:54:51.105999947,tgi_queue_size,http,10.128.4.158:3000,tgis-bam,fmaas-monitoring,llama3,openshift-user-workload-monitoring/user-workload,tgis-bam,277.0
2024-05-17 13:54:56.105999947,tgi_queue_size,http,10.128.4.158:3000,tgis-bam,fmaas-monitoring,llama3,openshift-user-workload-monitoring/user-workload,tgis-bam,277.0
2024-05-17 13:55:01.112999916,tgi_queue_size,http,10.128.4.158:3000,tgis-bam,fmaas-monitoring,llama3,openshift-user-workload-monitoring/user-workload,tgis-bam,282.0
2024-05-17 13:55:06.105999947,tgi_queue_size,http,10.128.4.158:3000,tgis-bam,fmaas-monitoring,llama3,openshift-user-workload-monitoring/user-workload,tgis-bam,288.0
2024-05-17 13:55:11.105999947,tgi_queue_size,http,10.128.4.158:3000,tgis-bam,fmaas-monitoring,llama3,openshift-user-workload-monitoring/user-workload,tgis-bam,292.0
2024-05-17 13:55:16.105999947,tgi_queue_size,http,10.128.4.158:3000,tgis-bam,fmaas-monitoring,llama3,openshift-user-workload-monitoring/user-workload,tgis-bam,292.0
2024-05-17 13:55:21.105999947,tgi_queue_size,http,10.128.4.158:3000,tgis-bam,fmaas-monitoring,llama3,openshift-user-workload-monitoring/user-workload,tgis-bam,300.0
2024-05-17 13:55:26.105999947,tgi_queue_size,http,10.128.4.158:3000,tgis-bam,fmaas-monitoring,llama3,openshift-user-workload-monitoring/user-workload,tgis-bam,296.0
2024-05-17 13:55:31.105999947,tgi_queue_size,http,10.128.4.158:3000,tgis-bam,fmaas-monitoring,llama3,openshift-user-workload-monitoring/user-workload,tgis-bam,296.0
2024-05-17 13:55:36.105999947,tgi_queue_size,http,10.128.4.158:3000,tgis-bam,fmaas-monitoring,llama3,openshift-user-workload-monitoring/user-workload,tgis-bam,296.0
2024-05-17 13:55:41.105999947,tgi_queue_size,http,10.128.4.158:3000,tgis-bam,fmaas-monitoring,llama3,openshift-user-workload-monitoring/user-workload,tgis-bam,296.0
2024-05-17 13:55:46.105999947,tgi_queue_size,http,10.128.4.158:3000,tgis-bam,fmaas-monitoring,llama3,openshift-user-workload-monitoring/user-workload,tgis-bam,295.0
2024-05-17 13:55:51.105999947,tgi_queue_size,http,10.128.4.158:3000,tgis-bam,fmaas-monitoring,llama3,openshift-user-workload-monitoring/user-workload,tgis-bam,295.0
2024-05-17 13:55:56.105999947,tgi_queue_size,http,10.128.4.158:3000,tgis-bam,fmaas-monitoring,llama3,openshift-user-workload-monitoring/user-workload,tgis-bam,295.0
2024-05-17 13:56:01.105999947,tgi_queue_size,http,10.128.4.158:3000,tgis-bam,fmaas-monitoring,llama3,openshift-user-workload-monitoring/user-workload,tgis-bam,295.0
2024-05-17 13:56:06.105999947,tgi_queue_size,http,10.128.4.158:3000,tgis-bam,fmaas-monitoring,llama3,openshift-user-workload-monitoring/user-workload,tgis-bam,299.0
2024-05-17 13:56:11.105999947,tgi_queue_size,http,10.128.4.158:3000,tgis-bam,fmaas-monitoring,llama3,openshift-user-workload-monitoring/user-workload,tgis-bam,292.0
2024-05-17 13:56:16.105999947,tgi_queue_size,http,10.128.4.158:3000,tgis-bam,fmaas-monitoring,llama3,openshift-user-workload-monitoring/user-workload,tgis-bam,295.0
2024-05-17 13:56:21.105999947,tgi_queue_size,http,10.128.4.158:3000,tgis-bam,fmaas-monitoring,llama3,openshift-user-workload-monitoring/user-workload,tgis-bam,290.0
2024-05-17 13:56:26.105999947,tgi_queue_size,http,10.128.4.158:3000,tgis-bam,fmaas-monitoring,llama3,openshift-user-workload-monitoring/user-workload,tgis-bam,291.0
2024-05-17 13:56:31.105999947,tgi_queue_size,http,10.128.4.158:3000,tgis-bam,fmaas-monitoring,llama3,openshift-user-workload-monitoring/user-workload,tgis-bam,295.0
2024-05-17 13:56:36.105999947,tgi_queue_size,http,10.128.4.158:3000,tgis-bam,fmaas-monitoring,llama3,openshift-user-workload-monitoring/user-workload,tgis-bam,287.0
2024-05-17 13:56:41.105999947,tgi_queue_size,http,10.128.4.158:3000,tgis-bam,fmaas-monitoring,llama3,openshift-user-workload-monitoring/user-workload,tgis-bam,283.0
2024-05-17 13:56:46.105999947,tgi_queue_size,http,10.128.4.158:3000,tgis-bam,fmaas-monitoring,llama3,openshift-user-workload-monitoring/user-workload,tgis-bam,282.0
2024-05-17 13:56:51.105999947,tgi_queue_size,http,10.128.4.158:3000,tgis-bam,fmaas-monitoring,llama3,openshift-user-workload-monitoring/user-workload,tgis-bam,284.0
2024-05-17 13:56:56.105999947,tgi_queue_size,http,10.128.4.158:3000,tgis-bam,fmaas-monitoring,llama3,openshift-user-workload-monitoring/user-workload,tgis-bam,284.0
2024-05-17 13:57:01.105999947,tgi_queue_size,http,10.128.4.158:3000,tgis-bam,fmaas-monitoring,llama3,openshift-user-workload-monitoring/user-workload,tgis-bam,288.0
2024-05-17 13:57:06.105999947,tgi_queue_size,http,10.128.4.158:3000,tgis-bam,fmaas-monitoring,llama3,openshift-user-workload-monitoring/user-workload,tgis-bam,296.0
2024-05-17 13:57:11.105999947,tgi_queue_size,http,10.128.4.158:3000,tgis-bam,fmaas-monitoring,llama3,openshift-user-workload-monitoring/user-workload,tgis-bam,298.0
2024-05-17 13:57:16.105999947,tgi_queue_size,http,10.128.4.158:3000,tgis-bam,fmaas-monitoring,llama3,openshift-user-workload-monitoring/user-workload,tgis-bam,306.0
2024-05-17 13:57:21.105999947,tgi_queue_size,http,10.128.4.158:3000,tgis-bam,fmaas-monitoring,llama3,openshift-user-workload-monitoring/user-workload,tgis-bam,318.0
2024-05-17 13:57:26.105999947,tgi_queue_size,http,10.128.4.158:3000,tgis-bam,fmaas-monitoring,llama3,openshift-user-workload-monitoring/user-workload,tgis-bam,312.0
2024-05-17 13:57:31.105999947,tgi_queue_size,http,10.128.4.158:3000,tgis-bam,fmaas-monitoring,llama3,openshift-user-workload-monitoring/user-workload,tgis-bam,298.0
2024-05-17 13:57:36.105999947,tgi_queue_size,http,10.128.4.158:3000,tgis-bam,fmaas-monitoring,llama3,openshift-user-workload-monitoring/user-workload,tgis-bam,290.0
2024-05-17 13:57:41.105999947,tgi_queue_size,http,10.128.4.158:3000,tgis-bam,fmaas-monitoring,llama3,openshift-user-workload-monitoring/user-workload,tgis-bam,290.0
2024-05-17 13:57:46.105999947,tgi_queue_size,http,10.128.4.158:3000,tgis-bam,fmaas-monitoring,llama3,openshift-user-workload-monitoring/user-workload,tgis-bam,290.0
2024-05-17 13:57:51.105999947,tgi_queue_size,http,10.128.4.158:3000,tgis-bam,fmaas-monitoring,llama3,openshift-user-workload-monitoring/user-workload,tgis-bam,290.0
2024-05-17 13:57:56.105999947,tgi_queue_size,http,10.128.4.158:3000,tgis-bam,fmaas-monitoring,llama3,openshift-user-workload-monitoring/user-workload,tgis-bam,290.0
2024-05-17 13:58:01.105999947,tgi_queue_size,http,10.128.4.158:3000,tgis-bam,fmaas-monitoring,llama3,openshift-user-workload-monitoring/user-workload,tgis-bam,291.0
2024-05-17 13:58:06.105999947,tgi_queue_size,http,10.128.4.158:3000,tgis-bam,fmaas-monitoring,llama3,openshift-user-workload-monitoring/user-workload,tgis-bam,298.0
2024-05-17 13:58:11.105999947,tgi_queue_size,http,10.128.4.158:3000,tgis-bam,fmaas-monitoring,llama3,openshift-user-workload-monitoring/user-workload,tgis-bam,298.0
2024-05-17 13:58:16.178999901,tgi_queue_size,http,10.128.4.158:3000,tgis-bam,fmaas-monitoring,llama3,openshift-user-workload-monitoring/user-workload,tgis-bam,289.0
2024-05-17 13:58:21.105999947,tgi_queue_size,http,10.128.4.158:3000,tgis-bam,fmaas-monitoring,llama3,openshift-user-workload-monitoring/user-workload,tgis-bam,288.0
2024-05-17 13:58:26.105999947,tgi_queue_size,http,10.128.4.158:3000,tgis-bam,fmaas-monitoring,llama3,openshift-user-workload-monitoring/user-workload,tgis-bam,285.0
2024-05-17 13:58:31.105999947,tgi_queue_size,http,10.128.4.158:3000,tgis-bam,fmaas-monitoring,llama3,openshift-user-workload-monitoring/user-workload,tgis-bam,276.0
2024-05-17 13:58:36.105999947,tgi_queue_size,http,10.128.4.158:3000,tgis-bam,fmaas-monitoring,llama3,openshift-user-workload-monitoring/user-workload,tgis-bam,274.0
2024-05-17 13:58:41.105999947,tgi_queue_size,http,10.128.4.158:3000,tgis-bam,fmaas-monitoring,llama3,openshift-user-workload-monitoring/user-workload,tgis-bam,274.0
2024-05-17 13:58:46.105999947,tgi_queue_size,http,10.128.4.158:3000,tgis-bam,fmaas-monitoring,llama3,openshift-user-workload-monitoring/user-workload,tgis-bam,274.0
2024-05-17 13:58:51.105999947,tgi_queue_size,http,10.128.4.158:3000,tgis-bam,fmaas-monitoring,llama3,openshift-user-workload-monitoring/user-workload,tgis-bam,274.0
2024-05-17 13:58:56.105999947,tgi_queue_size,http,10.128.4.158:3000,tgis-bam,fmaas-monitoring,llama3,openshift-user-workload-monitoring/user-workload,tgis-bam,274.0
2024-05-17 13:59:01.105999947,tgi_queue_size,http,10.128.4.158:3000,tgis-bam,fmaas-monitoring,llama3,openshift-user-workload-monitoring/user-workload,tgis-bam,275.0
2024-05-17 13:59:06.105999947,tgi_queue_size,http,10.128.4.158:3000,tgis-bam,fmaas-monitoring,llama3,openshift-user-workload-monitoring/user-workload,tgis-bam,292.0
2024-05-17 13:59:11.105999947,tgi_queue_size,http,10.128.4.158:3000,tgis-bam,fmaas-monitoring,llama3,openshift-user-workload-monitoring/user-workload,tgis-bam,294.0
2024-05-17 13:59:16.105999947,tgi_queue_size,http,10.128.4.158:3000,tgis-bam,fmaas-monitoring,llama3,openshift-user-workload-monitoring/user-workload,tgis-bam,291.0
2024-05-17 13:59:21.105999947,tgi_queue_size,http,10.128.4.158:3000,tgis-bam,fmaas-monitoring,llama3,openshift-user-workload-monitoring/user-workload,tgis-bam,288.0
2024-05-17 13:59:26.105999947,tgi_queue_size,http,10.128.4.158:3000,tgis-bam,fmaas-monitoring,llama3,openshift-user-workload-monitoring/user-workload,tgis-bam,282.0
2024-05-17 13:59:31.105999947,tgi_queue_size,http,10.128.4.158:3000,tgis-bam,fmaas-monitoring,llama3,openshift-user-workload-monitoring/user-workload,tgis-bam,293.0
2024-05-17 13:59:36.105999947,tgi_queue_size,http,10.128.4.158:3000,tgis-bam,fmaas-monitoring,llama3,openshift-user-workload-monitoring/user-workload,tgis-bam,289.0
2024-05-17 13:59:41.105999947,tgi_queue_size,http,10.128.4.158:3000,tgis-bam,fmaas-monitoring,llama3,openshift-user-workload-monitoring/user-workload,tgis-bam,287.0
2024-05-17 13:59:46.105999947,tgi_queue_size,http,10.128.4.158:3000,tgis-bam,fmaas-monitoring,llama3,openshift-user-workload-monitoring/user-workload,tgis-bam,287.0
2024-05-17 13:59:51.105999947,tgi_queue_size,http,10.128.4.158:3000,tgis-bam,fmaas-monitoring,llama3,openshift-user-workload-monitoring/user-workload,tgis-bam,286.0
2024-05-17 13:59:56.105999947,tgi_queue_size,http,10.128.4.158:3000,tgis-bam,fmaas-monitoring,llama3,openshift-user-workload-monitoring/user-workload,tgis-bam,285.0
2024-05-17 14:00:01.105999947,tgi_queue_size,http,10.128.4.158:3000,tgis-bam,fmaas-monitoring,llama3,openshift-user-workload-monitoring/user-workload,tgis-bam,284.0
2024-05-17 14:00:06.105999947,tgi_queue_size,http,10.128.4.158:3000,tgis-bam,fmaas-monitoring,llama3,openshift-user-workload-monitoring/user-workload,tgis-bam,275.0
2024-05-17 14:00:11.105999947,tgi_queue_size,http,10.128.4.158:3000,tgis-bam,fmaas-monitoring,llama3,openshift-user-workload-monitoring/user-workload,tgis-bam,276.0
2024-05-17 14:00:16.105999947,tgi_queue_size,http,10.128.4.158:3000,tgis-bam,fmaas-monitoring,llama3,openshift-user-workload-monitoring/user-workload,tgis-bam,268.0
2024-05-17 14:00:21.105999947,tgi_queue_size,http,10.128.4.158:3000,tgis-bam,fmaas-monitoring,llama3,openshift-user-workload-monitoring/user-workload,tgis-bam,265.0
2024-05-17 14:00:26.105999947,tgi_queue_size,http,10.128.4.158:3000,tgis-bam,fmaas-monitoring,llama3,openshift-user-workload-monitoring/user-workload,tgis-bam,264.0
2024-05-17 14:00:31.105999947,tgi_queue_size,http,10.128.4.158:3000,tgis-bam,fmaas-monitoring,llama3,openshift-user-workload-monitoring/user-workload,tgis-bam,255.0
2024-05-17 14:00:36.105999947,tgi_queue_size,http,10.128.4.158:3000,tgis-bam,fmaas-monitoring,llama3,openshift-user-workload-monitoring/user-workload,tgis-bam,258.0
2024-05-17 14:00:41.105999947,tgi_queue_size,http,10.128.4.158:3000,tgis-bam,fmaas-monitoring,llama3,openshift-user-workload-monitoring/user-workload,tgis-bam,266.0
2024-05-17 14:00:46.105999947,tgi_queue_size,http,10.128.4.158:3000,tgis-bam,fmaas-monitoring,llama3,openshift-user-workload-monitoring/user-workload,tgis-bam,265.0
2024-05-17 14:00:51.105999947,tgi_queue_size,http,10.128.4.158:3000,tgis-bam,fmaas-monitoring,llama3,openshift-user-workload-monitoring/user-workload,tgis-bam,265.0
2024-05-17 14:00:56.105999947,tgi_queue_size,http,10.128.4.158:3000,tgis-bam,fmaas-monitoring,llama3,openshift-user-workload-monitoring/user-workload,tgis-bam,264.0
2024-05-17 14:01:01.105999947,tgi_queue_size,http,10.128.4.158:3000,tgis-bam,fmaas-monitoring,llama3,openshift-user-workload-monitoring/user-workload,tgis-bam,267.0
2024-05-17 14:01:06.105999947,tgi_queue_size,http,10.128.4.158:3000,tgis-bam,fmaas-monitoring,llama3,openshift-user-workload-monitoring/user-workload,tgis-bam,273.0
2024-05-17 14:01:11.105999947,tgi_queue_size,http,10.128.4.158:3000,tgis-bam,fmaas-monitoring,llama3,openshift-user-workload-monitoring/user-workload,tgis-bam,273.0
2024-05-17 14:01:16.105999947,tgi_queue_size,http,10.128.4.158:3000,tgis-bam,fmaas-monitoring,llama3,openshift-user-workload-monitoring/user-workload,tgis-bam,281.0
2024-05-17 14:01:21.105999947,tgi_queue_size,http,10.128.4.158:3000,tgis-bam,fmaas-monitoring,llama3,openshift-user-workload-monitoring/user-workload,tgis-bam,285.0
2024-05-17 14:01:26.105999947,tgi_queue_size,http,10.128.4.158:3000,tgis-bam,fmaas-monitoring,llama3,openshift-user-workload-monitoring/user-workload,tgis-bam,286.0
2024-05-17 14:01:31.105999947,tgi_queue_size,http,10.128.4.158:3000,tgis-bam,fmaas-monitoring,llama3,openshift-user-workload-monitoring/user-workload,tgis-bam,294.0
2024-05-17 14:01:36.105999947,tgi_queue_size,http,10.128.4.158:3000,tgis-bam,fmaas-monitoring,llama3,openshift-user-workload-monitoring/user-workload,tgis-bam,285.0
2024-05-17 14:01:41.111000061,tgi_queue_size,http,10.128.4.158:3000,tgis-bam,fmaas-monitoring,llama3,openshift-user-workload-monitoring/user-workload,tgis-bam,280.0
2024-05-17 14:01:46.105999947,tgi_queue_size,http,10.128.4.158:3000,tgis-bam,fmaas-monitoring,llama3,openshift-user-workload-monitoring/user-workload,tgis-bam,277.0
2024-05-17 14:01:51.105999947,tgi_queue_size,http,10.128.4.158:3000,tgis-bam,fmaas-monitoring,llama3,openshift-user-workload-monitoring/user-workload,tgis-bam,275.0
2024-05-17 14:01:56.105999947,tgi_queue_size,http,10.128.4.158:3000,tgis-bam,fmaas-monitoring,llama3,openshift-user-workload-monitoring/user-workload,tgis-bam,274.0
2024-05-17 14:02:01.105999947,tgi_queue_size,http,10.128.4.158:3000,tgis-bam,fmaas-monitoring,llama3,openshift-user-workload-monitoring/user-workload,tgis-bam,276.0
2024-05-17 14:02:06.105999947,tgi_queue_size,http,10.128.4.158:3000,tgis-bam,fmaas-monitoring,llama3,openshift-user-workload-monitoring/user-workload,tgis-bam,287.0
2024-05-17 14:02:11.105999947,tgi_queue_size,http,10.128.4.158:3000,tgis-bam,fmaas-monitoring,llama3,openshift-user-workload-monitoring/user-workload,tgis-bam,309.0
2024-05-17 14:02:16.105999947,tgi_queue_size,http,10.128.4.158:3000,tgis-bam,fmaas-monitoring,llama3,openshift-user-workload-monitoring/user-workload,tgis-bam,307.0
2024-05-17 14:02:21.105999947,tgi_queue_size,http,10.128.4.158:3000,tgis-bam,fmaas-monitoring,llama3,openshift-user-workload-monitoring/user-workload,tgis-bam,308.0
2024-05-17 14:02:26.105999947,tgi_queue_size,http,10.128.4.158:3000,tgis-bam,fmaas-monitoring,llama3,openshift-user-workload-monitoring/user-workload,tgis-bam,294.0
2024-05-17 14:02:31.105999947,tgi_queue_size,http,10.128.4.158:3000,tgis-bam,fmaas-monitoring,llama3,openshift-user-workload-monitoring/user-workload,tgis-bam,293.0
2024-05-17 14:02:36.105999947,tgi_queue_size,http,10.128.4.158:3000,tgis-bam,fmaas-monitoring,llama3,openshift-user-workload-monitoring/user-workload,tgis-bam,292.0
2024-05-17 14:02:41.105999947,tgi_queue_size,http,10.128.4.158:3000,tgis-bam,fmaas-monitoring,llama3,openshift-user-workload-monitoring/user-workload,tgis-bam,292.0
2024-05-17 14:02:46.105999947,tgi_queue_size,http,10.128.4.158:3000,tgis-bam,fmaas-monitoring,llama3,openshift-user-workload-monitoring/user-workload,tgis-bam,292.0
2024-05-17 14:02:51.105999947,tgi_queue_size,http,10.128.4.158:3000,tgis-bam,fmaas-monitoring,llama3,openshift-user-workload-monitoring/user-workload,tgis-bam,292.0
2024-05-17 14:02:56.105999947,tgi_queue_size,http,10.128.4.158:3000,tgis-bam,fmaas-monitoring,llama3,openshift-user-workload-monitoring/user-workload,tgis-bam,292.0
2024-05-17 14:03:01.105999947,tgi_queue_size,http,10.128.4.158:3000,tgis-bam,fmaas-monitoring,llama3,openshift-user-workload-monitoring/user-workload,tgis-bam,295.0
2024-05-17 14:03:06.105999947,tgi_queue_size,http,10.128.4.158:3000,tgis-bam,fmaas-monitoring,llama3,openshift-user-workload-monitoring/user-workload,tgis-bam,308.0
2024-05-17 14:03:11.105999947,tgi_queue_size,http,10.128.4.158:3000,tgis-bam,fmaas-monitoring,llama3,openshift-user-workload-monitoring/user-workload,tgis-bam,304.0
2024-05-17 14:03:16.105999947,tgi_queue_size,http,10.128.4.158:3000,tgis-bam,fmaas-monitoring,llama3,openshift-user-workload-monitoring/user-workload,tgis-bam,285.0
2024-05-17 14:03:21.105999947,tgi_queue_size,http,10.128.4.158:3000,tgis-bam,fmaas-monitoring,llama3,openshift-user-workload-monitoring/user-workload,tgis-bam,282.0
2024-05-17 14:03:26.105999947,tgi_queue_size,http,10.128.4.158:3000,tgis-bam,fmaas-monitoring,llama3,openshift-user-workload-monitoring/user-workload,tgis-bam,275.0
2024-05-17 14:03:31.105999947,tgi_queue_size,http,10.128.4.158:3000,tgis-bam,fmaas-monitoring,llama3,openshift-user-workload-monitoring/user-workload,tgis-bam,280.0
2024-05-17 14:03:36.105999947,tgi_queue_size,http,10.128.4.158:3000,tgis-bam,fmaas-monitoring,llama3,openshift-user-workload-monitoring/user-workload,tgis-bam,282.0
2024-05-17 14:03:41.105999947,tgi_queue_size,http,10.128.4.158:3000,tgis-bam,fmaas-monitoring,llama3,openshift-user-workload-monitoring/user-workload,tgis-bam,282.0
2024-05-17 14:03:46.105999947,tgi_queue_size,http,10.128.4.158:3000,tgis-bam,fmaas-monitoring,llama3,openshift-user-workload-monitoring/user-workload,tgis-bam,281.0
2024-05-17 14:03:51.105999947,tgi_queue_size,http,10.128.4.158:3000,tgis-bam,fmaas-monitoring,llama3,openshift-user-workload-monitoring/user-workload,tgis-bam,281.0
2024-05-17 14:03:56.105999947,tgi_queue_size,http,10.128.4.158:3000,tgis-bam,fmaas-monitoring,llama3,openshift-user-workload-monitoring/user-workload,tgis-bam,281.0
2024-05-17 14:04:01.105999947,tgi_queue_size,http,10.128.4.158:3000,tgis-bam,fmaas-monitoring,llama3,openshift-user-workload-monitoring/user-workload,tgis-bam,284.0
2024-05-17 14:04:06.105999947,tgi_queue_size,http,10.128.4.158:3000,tgis-bam,fmaas-monitoring,llama3,openshift-user-workload-monitoring/user-workload,tgis-bam,286.0
2024-05-17 14:04:11.105999947,tgi_queue_size,http,10.128.4.158:3000,tgis-bam,fmaas-monitoring,llama3,openshift-user-workload-monitoring/user-workload,tgis-bam,276.0
2024-05-17 14:04:16.105999947,tgi_queue_size,http,10.128.4.158:3000,tgis-bam,fmaas-monitoring,llama3,openshift-user-workload-monitoring/user-workload,tgis-bam,269.0
2024-05-17 14:04:21.105999947,tgi_queue_size,http,10.128.4.158:3000,tgis-bam,fmaas-monitoring,llama3,openshift-user-workload-monitoring/user-workload,tgis-bam,261.0
2024-05-17 14:04:26.105999947,tgi_queue_size,http,10.128.4.158:3000,tgis-bam,fmaas-monitoring,llama3,openshift-user-workload-monitoring/user-workload,tgis-bam,259.0
2024-05-17 14:04:31.105999947,tgi_queue_size,http,10.128.4.158:3000,tgis-bam,fmaas-monitoring,llama3,openshift-user-workload-monitoring/user-workload,tgis-bam,270.0
2024-05-17 14:04:36.105999947,tgi_queue_size,http,10.128.4.158:3000,tgis-bam,fmaas-monitoring,llama3,openshift-user-workload-monitoring/user-workload,tgis-bam,274.0
2024-05-17 14:04:41.105999947,tgi_queue_size,http,10.128.4.158:3000,tgis-bam,fmaas-monitoring,llama3,openshift-user-workload-monitoring/user-workload,tgis-bam,267.0
2024-05-17 14:04:46.105999947,tgi_queue_size,http,10.128.4.158:3000,tgis-bam,fmaas-monitoring,llama3,openshift-user-workload-monitoring/user-workload,tgis-bam,266.0
2024-05-17 14:04:51.105999947,tgi_queue_size,http,10.128.4.158:3000,tgis-bam,fmaas-monitoring,llama3,openshift-user-workload-monitoring/user-workload,tgis-bam,266.0
2024-05-17 14:04:56.105999947,tgi_queue_size,http,10.128.4.158:3000,tgis-bam,fmaas-monitoring,llama3,openshift-user-workload-monitoring/user-workload,tgis-bam,266.0
2024-05-17 14:05:01.105999947,tgi_queue_size,http,10.128.4.158:3000,tgis-bam,fmaas-monitoring,llama3,openshift-user-workload-monitoring/user-workload,tgis-bam,268.0
2024-05-17 14:05:06.109999895,tgi_queue_size,http,10.128.4.158:3000,tgis-bam,fmaas-monitoring,llama3,openshift-user-workload-monitoring/user-workload,tgis-bam,268.0
2024-05-17 14:05:11.105999947,tgi_queue_size,http,10.128.4.158:3000,tgis-bam,fmaas-monitoring,llama3,openshift-user-workload-monitoring/user-workload,tgis-bam,267.0
2024-05-17 14:05:16.105999947,tgi_queue_size,http,10.128.4.158:3000,tgis-bam,fmaas-monitoring,llama3,openshift-user-workload-monitoring/user-workload,tgis-bam,263.0
2024-05-17 14:05:21.105999947,tgi_queue_size,http,10.128.4.158:3000,tgis-bam,fmaas-monitoring,llama3,openshift-user-workload-monitoring/user-workload,tgis-bam,258.0
2024-05-17 14:05:26.105999947,tgi_queue_size,http,10.128.4.158:3000,tgis-bam,fmaas-monitoring,llama3,openshift-user-workload-monitoring/user-workload,tgis-bam,261.0
2024-05-17 14:05:31.105999947,tgi_queue_size,http,10.128.4.158:3000,tgis-bam,fmaas-monitoring,llama3,openshift-user-workload-monitoring/user-workload,tgis-bam,256.0
2024-05-17 14:05:36.105999947,tgi_queue_size,http,10.128.4.158:3000,tgis-bam,fmaas-monitoring,llama3,openshift-user-workload-monitoring/user-workload,tgis-bam,250.0
2024-05-17 14:05:41.105999947,tgi_queue_size,http,10.128.4.158:3000,tgis-bam,fmaas-monitoring,llama3,openshift-user-workload-monitoring/user-workload,tgis-bam,252.0
2024-05-17 14:05:46.105999947,tgi_queue_size,http,10.128.4.158:3000,tgis-bam,fmaas-monitoring,llama3,openshift-user-workload-monitoring/user-workload,tgis-bam,251.0
2024-05-17 14:05:51.105999947,tgi_queue_size,http,10.128.4.158:3000,tgis-bam,fmaas-monitoring,llama3,openshift-user-workload-monitoring/user-workload,tgis-bam,251.0
2024-05-17 14:05:56.105999947,tgi_queue_size,http,10.128.4.158:3000,tgis-bam,fmaas-monitoring,llama3,openshift-user-workload-monitoring/user-workload,tgis-bam,250.0
2024-05-17 14:06:01.105999947,tgi_queue_size,http,10.128.4.158:3000,tgis-bam,fmaas-monitoring,llama3,openshift-user-workload-monitoring/user-workload,tgis-bam,256.0
2024-05-17 14:06:06.105999947,tgi_queue_size,http,10.128.4.158:3000,tgis-bam,fmaas-monitoring,llama3,openshift-user-workload-monitoring/user-workload,tgis-bam,264.0
2024-05-17 14:06:11.105999947,tgi_queue_size,http,10.128.4.158:3000,tgis-bam,fmaas-monitoring,llama3,openshift-user-workload-monitoring/user-workload,tgis-bam,259.0
2024-05-17 14:06:16.105999947,tgi_queue_size,http,10.128.4.158:3000,tgis-bam,fmaas-monitoring,llama3,openshift-user-workload-monitoring/user-workload,tgis-bam,260.0
2024-05-17 14:06:21.105999947,tgi_queue_size,http,10.128.4.158:3000,tgis-bam,fmaas-monitoring,llama3,openshift-user-workload-monitoring/user-workload,tgis-bam,257.0
2024-05-17 14:06:26.105999947,tgi_queue_size,http,10.128.4.158:3000,tgis-bam,fmaas-monitoring,llama3,openshift-user-workload-monitoring/user-workload,tgis-bam,259.0
2024-05-17 14:06:31.105999947,tgi_queue_size,http,10.128.4.158:3000,tgis-bam,fmaas-monitoring,llama3,openshift-user-workload-monitoring/user-workload,tgis-bam,259.0
2024-05-17 14:06:36.105999947,tgi_queue_size,http,10.128.4.158:3000,tgis-bam,fmaas-monitoring,llama3,openshift-user-workload-monitoring/user-workload,tgis-bam,265.0
2024-05-17 14:06:41.105999947,tgi_queue_size,http,10.128.4.158:3000,tgis-bam,fmaas-monitoring,llama3,openshift-user-workload-monitoring/user-workload,tgis-bam,265.0
2024-05-17 14:06:46.105999947,tgi_queue_size,http,10.128.4.158:3000,tgis-bam,fmaas-monitoring,llama3,openshift-user-workload-monitoring/user-workload,tgis-bam,265.0
2024-05-17 14:06:51.105999947,tgi_queue_size,http,10.128.4.158:3000,tgis-bam,fmaas-monitoring,llama3,openshift-user-workload-monitoring/user-workload,tgis-bam,265.0
2024-05-17 14:06:56.105999947,tgi_queue_size,http,10.128.4.158:3000,tgis-bam,fmaas-monitoring,llama3,openshift-user-workload-monitoring/user-workload,tgis-bam,265.0
2024-05-17 14:07:01.105999947,tgi_queue_size,http,10.128.4.158:3000,tgis-bam,fmaas-monitoring,llama3,openshift-user-workload-monitoring/user-workload,tgis-bam,266.0
2024-05-17 14:07:06.105999947,tgi_queue_size,http,10.128.4.158:3000,tgis-bam,fmaas-monitoring,llama3,openshift-user-workload-monitoring/user-workload,tgis-bam,278.0
2024-05-17 14:07:11.105999947,tgi_queue_size,http,10.128.4.158:3000,tgis-bam,fmaas-monitoring,llama3,openshift-user-workload-monitoring/user-workload,tgis-bam,265.0
2024-05-17 14:07:16.105999947,tgi_queue_size,http,10.128.4.158:3000,tgis-bam,fmaas-monitoring,llama3,openshift-user-workload-monitoring/user-workload,tgis-bam,256.0
2024-05-17 14:07:21.105999947,tgi_queue_size,http,10.128.4.158:3000,tgis-bam,fmaas-monitoring,llama3,openshift-user-workload-monitoring/user-workload,tgis-bam,238.0
2024-05-17 14:07:26.105999947,tgi_queue_size,http,10.128.4.158:3000,tgis-bam,fmaas-monitoring,llama3,openshift-user-workload-monitoring/user-workload,tgis-bam,239.0
2024-05-17 14:07:31.105999947,tgi_queue_size,http,10.128.4.158:3000,tgis-bam,fmaas-monitoring,llama3,openshift-user-workload-monitoring/user-workload,tgis-bam,230.0
2024-05-17 14:07:36.105999947,tgi_queue_size,http,10.128.4.158:3000,tgis-bam,fmaas-monitoring,llama3,openshift-user-workload-monitoring/user-workload,tgis-bam,230.0
2024-05-17 14:07:41.105999947,tgi_queue_size,http,10.128.4.158:3000,tgis-bam,fmaas-monitoring,llama3,openshift-user-workload-monitoring/user-workload,tgis-bam,238.0
2024-05-17 14:07:46.105999947,tgi_queue_size,http,10.128.4.158:3000,tgis-bam,fmaas-monitoring,llama3,openshift-user-workload-monitoring/user-workload,tgis-bam,245.0
2024-05-17 14:07:51.105999947,tgi_queue_size,http,10.128.4.158:3000,tgis-bam,fmaas-monitoring,llama3,openshift-user-workload-monitoring/user-workload,tgis-bam,246.0
2024-05-17 14:07:56.105999947,tgi_queue_size,http,10.128.4.158:3000,tgis-bam,fmaas-monitoring,llama3,openshift-user-workload-monitoring/user-workload,tgis-bam,246.0
2024-05-17 14:08:01.105999947,tgi_queue_size,http,10.128.4.158:3000,tgis-bam,fmaas-monitoring,llama3,openshift-user-workload-monitoring/user-workload,tgis-bam,252.0
2024-05-17 14:08:06.105999947,tgi_queue_size,http,10.128.4.158:3000,tgis-bam,fmaas-monitoring,llama3,openshift-user-workload-monitoring/user-workload,tgis-bam,259.0
2024-05-17 14:08:11.105999947,tgi_queue_size,http,10.128.4.158:3000,tgis-bam,fmaas-monitoring,llama3,openshift-user-workload-monitoring/user-workload,tgis-bam,276.0
2024-05-17 14:08:16.115000010,tgi_queue_size,http,10.128.4.158:3000,tgis-bam,fmaas-monitoring,llama3,openshift-user-workload-monitoring/user-workload,tgis-bam,280.0
2024-05-17 14:08:21.105999947,tgi_queue_size,http,10.128.4.158:3000,tgis-bam,fmaas-monitoring,llama3,openshift-user-workload-monitoring/user-workload,tgis-bam,289.0
2024-05-17 14:08:26.105999947,tgi_queue_size,http,10.128.4.158:3000,tgis-bam,fmaas-monitoring,llama3,openshift-user-workload-monitoring/user-workload,tgis-bam,285.0
2024-05-17 14:08:31.105999947,tgi_queue_size,http,10.128.4.158:3000,tgis-bam,fmaas-monitoring,llama3,openshift-user-workload-monitoring/user-workload,tgis-bam,283.0
2024-05-17 14:08:36.105999947,tgi_queue_size,http,10.128.4.158:3000,tgis-bam,fmaas-monitoring,llama3,openshift-user-workload-monitoring/user-workload,tgis-bam,273.0
2024-05-17 14:08:41.105999947,tgi_queue_size,http,10.128.4.158:3000,tgis-bam,fmaas-monitoring,llama3,openshift-user-workload-monitoring/user-workload,tgis-bam,255.0
2024-05-17 14:08:46.105999947,tgi_queue_size,http,10.128.4.158:3000,tgis-bam,fmaas-monitoring,llama3,openshift-user-workload-monitoring/user-workload,tgis-bam,254.0
2024-05-17 14:08:51.105999947,tgi_queue_size,http,10.128.4.158:3000,tgis-bam,fmaas-monitoring,llama3,openshift-user-workload-monitoring/user-workload,tgis-bam,254.0
2024-05-17 14:08:56.105999947,tgi_queue_size,http,10.128.4.158:3000,tgis-bam,fmaas-monitoring,llama3,openshift-user-workload-monitoring/user-workload,tgis-bam,253.0
2024-05-17 14:09:01.105999947,tgi_queue_size,http,10.128.4.158:3000,tgis-bam,fmaas-monitoring,llama3,openshift-user-workload-monitoring/user-workload,tgis-bam,254.0
2024-05-17 14:09:06.105999947,tgi_queue_size,http,10.128.4.158:3000,tgis-bam,fmaas-monitoring,llama3,openshift-user-workload-monitoring/user-workload,tgis-bam,266.0
2024-05-17 14:09:11.105999947,tgi_queue_size,http,10.128.4.158:3000,tgis-bam,fmaas-monitoring,llama3,openshift-user-workload-monitoring/user-workload,tgis-bam,275.0
2024-05-17 14:09:16.105999947,tgi_queue_size,http,10.128.4.158:3000,tgis-bam,fmaas-monitoring,llama3,openshift-user-workload-monitoring/user-workload,tgis-bam,279.0
2024-05-17 14:09:21.105999947,tgi_queue_size,http,10.128.4.158:3000,tgis-bam,fmaas-monitoring,llama3,openshift-user-workload-monitoring/user-workload,tgis-bam,286.0
2024-05-17 14:09:26.105999947,tgi_queue_size,http,10.128.4.158:3000,tgis-bam,fmaas-monitoring,llama3,openshift-user-workload-monitoring/user-workload,tgis-bam,293.0
2024-05-17 14:09:31.105999947,tgi_queue_size,http,10.128.4.158:3000,tgis-bam,fmaas-monitoring,llama3,openshift-user-workload-monitoring/user-workload,tgis-bam,286.0
2024-05-17 14:09:36.105999947,tgi_queue_size,http,10.128.4.158:3000,tgis-bam,fmaas-monitoring,llama3,openshift-user-workload-monitoring/user-workload,tgis-bam,283.0
2024-05-17 14:09:41.105999947,tgi_queue_size,http,10.128.4.158:3000,tgis-bam,fmaas-monitoring,llama3,openshift-user-workload-monitoring/user-workload,tgis-bam,278.0
2024-05-17 14:09:46.105999947,tgi_queue_size,http,10.128.4.158:3000,tgis-bam,fmaas-monitoring,llama3,openshift-user-workload-monitoring/user-workload,tgis-bam,276.0
2024-05-17 14:09:51.105999947,tgi_queue_size,http,10.128.4.158:3000,tgis-bam,fmaas-monitoring,llama3,openshift-user-workload-monitoring/user-workload,tgis-bam,276.0
2024-05-17 14:09:56.105999947,tgi_queue_size,http,10.128.4.158:3000,tgis-bam,fmaas-monitoring,llama3,openshift-user-workload-monitoring/user-workload,tgis-bam,276.0
2024-05-17 14:10:01.105999947,tgi_queue_size,http,10.128.4.158:3000,tgis-bam,fmaas-monitoring,llama3,openshift-user-workload-monitoring/user-workload,tgis-bam,275.0
2024-05-17 14:10:06.105999947,tgi_queue_size,http,10.128.4.158:3000,tgis-bam,fmaas-monitoring,llama3,openshift-user-workload-monitoring/user-workload,tgis-bam,277.0
2024-05-17 14:10:11.105999947,tgi_queue_size,http,10.128.4.158:3000,tgis-bam,fmaas-monitoring,llama3,openshift-user-workload-monitoring/user-workload,tgis-bam,279.0
2024-05-17 14:10:16.105999947,tgi_queue_size,http,10.128.4.158:3000,tgis-bam,fmaas-monitoring,llama3,openshift-user-workload-monitoring/user-workload,tgis-bam,277.0
2024-05-17 14:10:21.105999947,tgi_queue_size,http,10.128.4.158:3000,tgis-bam,fmaas-monitoring,llama3,openshift-user-workload-monitoring/user-workload,tgis-bam,268.0
2024-05-17 14:10:26.105999947,tgi_queue_size,http,10.128.4.158:3000,tgis-bam,fmaas-monitoring,llama3,openshift-user-workload-monitoring/user-workload,tgis-bam,267.0
2024-05-17 14:10:31.105999947,tgi_queue_size,http,10.128.4.158:3000,tgis-bam,fmaas-monitoring,llama3,openshift-user-workload-monitoring/user-workload,tgis-bam,280.0
2024-05-17 14:10:36.105999947,tgi_queue_size,http,10.128.4.158:3000,tgis-bam,fmaas-monitoring,llama3,openshift-user-workload-monitoring/user-workload,tgis-bam,285.0
2024-05-17 14:10:41.105999947,tgi_queue_size,http,10.128.4.158:3000,tgis-bam,fmaas-monitoring,llama3,openshift-user-workload-monitoring/user-workload,tgis-bam,297.0
2024-05-17 14:10:46.105999947,tgi_queue_size,http,10.128.4.158:3000,tgis-bam,fmaas-monitoring,llama3,openshift-user-workload-monitoring/user-workload,tgis-bam,290.0
2024-05-17 14:10:51.105999947,tgi_queue_size,http,10.128.4.158:3000,tgis-bam,fmaas-monitoring,llama3,openshift-user-workload-monitoring/user-workload,tgis-bam,286.0
2024-05-17 14:10:56.105999947,tgi_queue_size,http,10.128.4.158:3000,tgis-bam,fmaas-monitoring,llama3,openshift-user-workload-monitoring/user-workload,tgis-bam,285.0
2024-05-17 14:11:01.105999947,tgi_queue_size,http,10.128.4.158:3000,tgis-bam,fmaas-monitoring,llama3,openshift-user-workload-monitoring/user-workload,tgis-bam,286.0
2024-05-17 14:11:06.105999947,tgi_queue_size,http,10.128.4.158:3000,tgis-bam,fmaas-monitoring,llama3,openshift-user-workload-monitoring/user-workload,tgis-bam,285.0
2024-05-17 14:11:11.105999947,tgi_queue_size,http,10.128.4.158:3000,tgis-bam,fmaas-monitoring,llama3,openshift-user-workload-monitoring/user-workload,tgis-bam,286.0
2024-05-17 14:11:16.105999947,tgi_queue_size,http,10.128.4.158:3000,tgis-bam,fmaas-monitoring,llama3,openshift-user-workload-monitoring/user-workload,tgis-bam,280.0
2024-05-17 14:11:21.105999947,tgi_queue_size,http,10.128.4.158:3000,tgis-bam,fmaas-monitoring,llama3,openshift-user-workload-monitoring/user-workload,tgis-bam,276.0
2024-05-17 14:11:26.105999947,tgi_queue_size,http,10.128.4.158:3000,tgis-bam,fmaas-monitoring,llama3,openshift-user-workload-monitoring/user-workload,tgis-bam,276.0
2024-05-17 14:11:31.105999947,tgi_queue_size,http,10.128.4.158:3000,tgis-bam,fmaas-monitoring,llama3,openshift-user-workload-monitoring/user-workload,tgis-bam,283.0
2024-05-17 14:11:36.105999947,tgi_queue_size,http,10.128.4.158:3000,tgis-bam,fmaas-monitoring,llama3,openshift-user-workload-monitoring/user-workload,tgis-bam,292.0
2024-05-17 14:11:41.105999947,tgi_queue_size,http,10.128.4.158:3000,tgis-bam,fmaas-monitoring,llama3,openshift-user-workload-monitoring/user-workload,tgis-bam,286.0
2024-05-17 14:11:46.105999947,tgi_queue_size,http,10.128.4.158:3000,tgis-bam,fmaas-monitoring,llama3,openshift-user-workload-monitoring/user-workload,tgis-bam,289.0
2024-05-17 14:11:51.105999947,tgi_queue_size,http,10.128.4.158:3000,tgis-bam,fmaas-monitoring,llama3,openshift-user-workload-monitoring/user-workload,tgis-bam,303.0
2024-05-17 14:11:56.114000082,tgi_queue_size,http,10.128.4.158:3000,tgis-bam,fmaas-monitoring,llama3,openshift-user-workload-monitoring/user-workload,tgis-bam,303.0
2024-05-17 14:12:01.105999947,tgi_queue_size,http,10.128.4.158:3000,tgis-bam,fmaas-monitoring,llama3,openshift-user-workload-monitoring/user-workload,tgis-bam,305.0
2024-05-17 14:12:06.105999947,tgi_queue_size,http,10.128.4.158:3000,tgis-bam,fmaas-monitoring,llama3,openshift-user-workload-monitoring/user-workload,tgis-bam,305.0
2024-05-17 14:12:11.105999947,tgi_queue_size,http,10.128.4.158:3000,tgis-bam,fmaas-monitoring,llama3,openshift-user-workload-monitoring/user-workload,tgis-bam,300.0
2024-05-17 14:12:16.105999947,tgi_queue_size,http,10.128.4.158:3000,tgis-bam,fmaas-monitoring,llama3,openshift-user-workload-monitoring/user-workload,tgis-bam,301.0
2024-05-17 14:12:21.105999947,tgi_queue_size,http,10.128.4.158:3000,tgis-bam,fmaas-monitoring,llama3,openshift-user-workload-monitoring/user-workload,tgis-bam,312.0
2024-05-17 14:12:26.105999947,tgi_queue_size,http,10.128.4.158:3000,tgis-bam,fmaas-monitoring,llama3,openshift-user-workload-monitoring/user-workload,tgis-bam,315.0
2024-05-17 14:12:31.105999947,tgi_queue_size,http,10.128.4.158:3000,tgis-bam,fmaas-monitoring,llama3,openshift-user-workload-monitoring/user-workload,tgis-bam,316.0
2024-05-17 14:12:36.105999947,tgi_queue_size,http,10.128.4.158:3000,tgis-bam,fmaas-monitoring,llama3,openshift-user-workload-monitoring/user-workload,tgis-bam,315.0
2024-05-17 14:12:41.105999947,tgi_queue_size,http,10.128.4.158:3000,tgis-bam,fmaas-monitoring,llama3,openshift-user-workload-monitoring/user-workload,tgis-bam,310.0
2024-05-17 14:12:46.105999947,tgi_queue_size,http,10.128.4.158:3000,tgis-bam,fmaas-monitoring,llama3,openshift-user-workload-monitoring/user-workload,tgis-bam,302.0
2024-05-17 14:12:51.105999947,tgi_queue_size,http,10.128.4.158:3000,tgis-bam,fmaas-monitoring,llama3,openshift-user-workload-monitoring/user-workload,tgis-bam,297.0
2024-05-17 14:12:56.105999947,tgi_queue_size,http,10.128.4.158:3000,tgis-bam,fmaas-monitoring,llama3,openshift-user-workload-monitoring/user-workload,tgis-bam,296.0
2024-05-17 14:13:01.117000103,tgi_queue_size,http,10.128.4.158:3000,tgis-bam,fmaas-monitoring,llama3,openshift-user-workload-monitoring/user-workload,tgis-bam,298.0
2024-05-17 14:13:06.105999947,tgi_queue_size,http,10.128.4.158:3000,tgis-bam,fmaas-monitoring,llama3,openshift-user-workload-monitoring/user-workload,tgis-bam,290.0
2024-05-17 14:13:11.105999947,tgi_queue_size,http,10.128.4.158:3000,tgis-bam,fmaas-monitoring,llama3,openshift-user-workload-monitoring/user-workload,tgis-bam,286.0
2024-05-17 14:13:16.105999947,tgi_queue_size,http,10.128.4.158:3000,tgis-bam,fmaas-monitoring,llama3,openshift-user-workload-monitoring/user-workload,tgis-bam,295.0
2024-05-17 14:13:21.105999947,tgi_queue_size,http,10.128.4.158:3000,tgis-bam,fmaas-monitoring,llama3,openshift-user-workload-monitoring/user-workload,tgis-bam,279.0
2024-05-17 14:13:26.105999947,tgi_queue_size,http,10.128.4.158:3000,tgis-bam,fmaas-monitoring,llama3,openshift-user-workload-monitoring/user-workload,tgis-bam,269.0
2024-05-17 14:13:31.105999947,tgi_queue_size,http,10.128.4.158:3000,tgis-bam,fmaas-monitoring,llama3,openshift-user-workload-monitoring/user-workload,tgis-bam,269.0
2024-05-17 14:13:36.117000103,tgi_queue_size,http,10.128.4.158:3000,tgis-bam,fmaas-monitoring,llama3,openshift-user-workload-monitoring/user-workload,tgis-bam,269.0
2024-05-17 14:13:41.105999947,tgi_queue_size,http,10.128.4.158:3000,tgis-bam,fmaas-monitoring,llama3,openshift-user-workload-monitoring/user-workload,tgis-bam,270.0
2024-05-17 14:13:46.105999947,tgi_queue_size,http,10.128.4.158:3000,tgis-bam,fmaas-monitoring,llama3,openshift-user-workload-monitoring/user-workload,tgis-bam,274.0
2024-05-17 14:13:51.105999947,tgi_queue_size,http,10.128.4.158:3000,tgis-bam,fmaas-monitoring,llama3,openshift-user-workload-monitoring/user-workload,tgis-bam,274.0
2024-05-17 14:13:56.105999947,tgi_queue_size,http,10.128.4.158:3000,tgis-bam,fmaas-monitoring,llama3,openshift-user-workload-monitoring/user-workload,tgis-bam,274.0
2024-05-17 14:14:01.105999947,tgi_queue_size,http,10.128.4.158:3000,tgis-bam,fmaas-monitoring,llama3,openshift-user-workload-monitoring/user-workload,tgis-bam,273.0
2024-05-17 14:14:06.105999947,tgi_queue_size,http,10.128.4.158:3000,tgis-bam,fmaas-monitoring,llama3,openshift-user-workload-monitoring/user-workload,tgis-bam,270.0
2024-05-17 14:14:11.105999947,tgi_queue_size,http,10.128.4.158:3000,tgis-bam,fmaas-monitoring,llama3,openshift-user-workload-monitoring/user-workload,tgis-bam,263.0
2024-05-17 14:14:16.105999947,tgi_queue_size,http,10.128.4.158:3000,tgis-bam,fmaas-monitoring,llama3,openshift-user-workload-monitoring/user-workload,tgis-bam,256.0
2024-05-17 14:14:21.105999947,tgi_queue_size,http,10.128.4.158:3000,tgis-bam,fmaas-monitoring,llama3,openshift-user-workload-monitoring/user-workload,tgis-bam,250.0
2024-05-17 14:14:26.105999947,tgi_queue_size,http,10.128.4.158:3000,tgis-bam,fmaas-monitoring,llama3,openshift-user-workload-monitoring/user-workload,tgis-bam,263.0
2024-05-17 14:14:31.105999947,tgi_queue_size,http,10.128.4.158:3000,tgis-bam,fmaas-monitoring,llama3,openshift-user-workload-monitoring/user-workload,tgis-bam,265.0
2024-05-17 14:14:36.105999947,tgi_queue_size,http,10.128.4.158:3000,tgis-bam,fmaas-monitoring,llama3,openshift-user-workload-monitoring/user-workload,tgis-bam,266.0
2024-05-17 14:14:41.105999947,tgi_queue_size,http,10.128.4.158:3000,tgis-bam,fmaas-monitoring,llama3,openshift-user-workload-monitoring/user-workload,tgis-bam,264.0
2024-05-17 14:14:46.105999947,tgi_queue_size,http,10.128.4.158:3000,tgis-bam,fmaas-monitoring,llama3,openshift-user-workload-monitoring/user-workload,tgis-bam,264.0
2024-05-17 14:14:51.105999947,tgi_queue_size,http,10.128.4.158:3000,tgis-bam,fmaas-monitoring,llama3,openshift-user-workload-monitoring/user-workload,tgis-bam,264.0
2024-05-17 14:14:56.105999947,tgi_queue_size,http,10.128.4.158:3000,tgis-bam,fmaas-monitoring,llama3,openshift-user-workload-monitoring/user-workload,tgis-bam,264.0
2024-05-17 14:15:01.105999947,tgi_queue_size,http,10.128.4.158:3000,tgis-bam,fmaas-monitoring,llama3,openshift-user-workload-monitoring/user-workload,tgis-bam,266.0
2024-05-17 14:15:06.105999947,tgi_queue_size,http,10.128.4.158:3000,tgis-bam,fmaas-monitoring,llama3,openshift-user-workload-monitoring/user-workload,tgis-bam,272.0
2024-05-17 14:15:11.105999947,tgi_queue_size,http,10.128.4.158:3000,tgis-bam,fmaas-monitoring,llama3,openshift-user-workload-monitoring/user-workload,tgis-bam,265.0
2024-05-17 14:15:16.105999947,tgi_queue_size,http,10.128.4.158:3000,tgis-bam,fmaas-monitoring,llama3,openshift-user-workload-monitoring/user-workload,tgis-bam,267.0
2024-05-17 14:15:21.105999947,tgi_queue_size,http,10.128.4.158:3000,tgis-bam,fmaas-monitoring,llama3,openshift-user-workload-monitoring/user-workload,tgis-bam,270.0
2024-05-17 14:15:26.105999947,tgi_queue_size,http,10.128.4.158:3000,tgis-bam,fmaas-monitoring,llama3,openshift-user-workload-monitoring/user-workload,tgis-bam,289.0
2024-05-17 14:15:31.105999947,tgi_queue_size,http,10.128.4.158:3000,tgis-bam,fmaas-monitoring,llama3,openshift-user-workload-monitoring/user-workload,tgis-bam,292.0
2024-05-17 14:15:36.105999947,tgi_queue_size,http,10.128.4.158:3000,tgis-bam,fmaas-monitoring,llama3,openshift-user-workload-monitoring/user-workload,tgis-bam,293.0
2024-05-17 14:15:41.105999947,tgi_queue_size,http,10.128.4.158:3000,tgis-bam,fmaas-monitoring,llama3,openshift-user-workload-monitoring/user-workload,tgis-bam,287.0
2024-05-17 14:15:46.105999947,tgi_queue_size,http,10.128.4.158:3000,tgis-bam,fmaas-monitoring,llama3,openshift-user-workload-monitoring/user-workload,tgis-bam,279.0
2024-05-17 14:15:51.105999947,tgi_queue_size,http,10.128.4.158:3000,tgis-bam,fmaas-monitoring,llama3,openshift-user-workload-monitoring/user-workload,tgis-bam,267.0
2024-05-17 14:15:56.105999947,tgi_queue_size,http,10.128.4.158:3000,tgis-bam,fmaas-monitoring,llama3,openshift-user-workload-monitoring/user-workload,tgis-bam,267.0
2024-05-17 14:16:01.105999947,tgi_queue_size,http,10.128.4.158:3000,tgis-bam,fmaas-monitoring,llama3,openshift-user-workload-monitoring/user-workload,tgis-bam,268.0
2024-05-17 14:16:06.105999947,tgi_queue_size,http,10.128.4.158:3000,tgis-bam,fmaas-monitoring,llama3,openshift-user-workload-monitoring/user-workload,tgis-bam,279.0
2024-05-17 14:16:11.105999947,tgi_queue_size,http,10.128.4.158:3000,tgis-bam,fmaas-monitoring,llama3,openshift-user-workload-monitoring/user-workload,tgis-bam,296.0
2024-05-17 14:16:16.105999947,tgi_queue_size,http,10.128.4.158:3000,tgis-bam,fmaas-monitoring,llama3,openshift-user-workload-monitoring/user-workload,tgis-bam,298.0
2024-05-17 14:16:21.105999947,tgi_queue_size,http,10.128.4.158:3000,tgis-bam,fmaas-monitoring,llama3,openshift-user-workload-monitoring/user-workload,tgis-bam,299.0
2024-05-17 14:16:26.105999947,tgi_queue_size,http,10.128.4.158:3000,tgis-bam,fmaas-monitoring,llama3,openshift-user-workload-monitoring/user-workload,tgis-bam,300.0
2024-05-17 14:16:31.105999947,tgi_queue_size,http,10.128.4.158:3000,tgis-bam,fmaas-monitoring,llama3,openshift-user-workload-monitoring/user-workload,tgis-bam,304.0
2024-05-17 14:16:36.105999947,tgi_queue_size,http,10.128.4.158:3000,tgis-bam,fmaas-monitoring,llama3,openshift-user-workload-monitoring/user-workload,tgis-bam,293.0
2024-05-17 14:16:41.105999947,tgi_queue_size,http,10.128.4.158:3000,tgis-bam,fmaas-monitoring,llama3,openshift-user-workload-monitoring/user-workload,tgis-bam,288.0
2024-05-17 14:16:46.105999947,tgi_queue_size,http,10.128.4.158:3000,tgis-bam,fmaas-monitoring,llama3,openshift-user-workload-monitoring/user-workload,tgis-bam,281.0
2024-05-17 14:16:51.105999947,tgi_queue_size,http,10.128.4.158:3000,tgis-bam,fmaas-monitoring,llama3,openshift-user-workload-monitoring/user-workload,tgis-bam,270.0
2024-05-17 14:16:56.105999947,tgi_queue_size,http,10.128.4.158:3000,tgis-bam,fmaas-monitoring,llama3,openshift-user-workload-monitoring/user-workload,tgis-bam,260.0
2024-05-17 14:17:01.105999947,tgi_queue_size,http,10.128.4.158:3000,tgis-bam,fmaas-monitoring,llama3,openshift-user-workload-monitoring/user-workload,tgis-bam,260.0
2024-05-17 14:17:06.105999947,tgi_queue_size,http,10.128.4.158:3000,tgis-bam,fmaas-monitoring,llama3,openshift-user-workload-monitoring/user-workload,tgis-bam,262.0
2024-05-17 14:17:11.105999947,tgi_queue_size,http,10.128.4.158:3000,tgis-bam,fmaas-monitoring,llama3,openshift-user-workload-monitoring/user-workload,tgis-bam,262.0
2024-05-17 14:17:16.105999947,tgi_queue_size,http,10.128.4.158:3000,tgis-bam,fmaas-monitoring,llama3,openshift-user-workload-monitoring/user-workload,tgis-bam,256.0
2024-05-17 14:17:21.105999947,tgi_queue_size,http,10.128.4.158:3000,tgis-bam,fmaas-monitoring,llama3,openshift-user-workload-monitoring/user-workload,tgis-bam,252.0
2024-05-17 14:17:26.105999947,tgi_queue_size,http,10.128.4.158:3000,tgis-bam,fmaas-monitoring,llama3,openshift-user-workload-monitoring/user-workload,tgis-bam,251.0
2024-05-17 14:17:31.105999947,tgi_queue_size,http,10.128.4.158:3000,tgis-bam,fmaas-monitoring,llama3,openshift-user-workload-monitoring/user-workload,tgis-bam,248.0
2024-05-17 14:17:36.111000061,tgi_queue_size,http,10.128.4.158:3000,tgis-bam,fmaas-monitoring,llama3,openshift-user-workload-monitoring/user-workload,tgis-bam,245.0
2024-05-17 14:17:41.105999947,tgi_queue_size,http,10.128.4.158:3000,tgis-bam,fmaas-monitoring,llama3,openshift-user-workload-monitoring/user-workload,tgis-bam,248.0
2024-05-17 14:17:46.105999947,tgi_queue_size,http,10.128.4.158:3000,tgis-bam,fmaas-monitoring,llama3,openshift-user-workload-monitoring/user-workload,tgis-bam,248.0
2024-05-17 14:17:51.105999947,tgi_queue_size,http,10.128.4.158:3000,tgis-bam,fmaas-monitoring,llama3,openshift-user-workload-monitoring/user-workload,tgis-bam,248.0
2024-05-17 14:17:56.105999947,tgi_queue_size,http,10.128.4.158:3000,tgis-bam,fmaas-monitoring,llama3,openshift-user-workload-monitoring/user-workload,tgis-bam,248.0
2024-05-17 14:18:01.105999947,tgi_queue_size,http,10.128.4.158:3000,tgis-bam,fmaas-monitoring,llama3,openshift-user-workload-monitoring/user-workload,tgis-bam,250.0
2024-05-17 14:18:06.105999947,tgi_queue_size,http,10.128.4.158:3000,tgis-bam,fmaas-monitoring,llama3,openshift-user-workload-monitoring/user-workload,tgis-bam,260.0
2024-05-17 14:18:11.115999937,tgi_queue_size,http,10.128.4.158:3000,tgis-bam,fmaas-monitoring,llama3,openshift-user-workload-monitoring/user-workload,tgis-bam,266.0
2024-05-17 14:18:16.105999947,tgi_queue_size,http,10.128.4.158:3000,tgis-bam,fmaas-monitoring,llama3,openshift-user-workload-monitoring/user-workload,tgis-bam,273.0
2024-05-17 14:18:21.105999947,tgi_queue_size,http,10.128.4.158:3000,tgis-bam,fmaas-monitoring,llama3,openshift-user-workload-monitoring/user-workload,tgis-bam,270.0
2024-05-17 14:18:26.105999947,tgi_queue_size,http,10.128.4.158:3000,tgis-bam,fmaas-monitoring,llama3,openshift-user-workload-monitoring/user-workload,tgis-bam,262.0
2024-05-17 14:18:31.105999947,tgi_queue_size,http,10.128.4.158:3000,tgis-bam,fmaas-monitoring,llama3,openshift-user-workload-monitoring/user-workload,tgis-bam,261.0
2024-05-17 14:18:36.105999947,tgi_queue_size,http,10.128.4.158:3000,tgis-bam,fmaas-monitoring,llama3,openshift-user-workload-monitoring/user-workload,tgis-bam,250.0
2024-05-17 14:18:41.105999947,tgi_queue_size,http,10.128.4.158:3000,tgis-bam,fmaas-monitoring,llama3,openshift-user-workload-monitoring/user-workload,tgis-bam,249.0
2024-05-17 14:18:46.134000063,tgi_queue_size,http,10.128.4.158:3000,tgis-bam,fmaas-monitoring,llama3,openshift-user-workload-monitoring/user-workload,tgis-bam,248.0
2024-05-17 14:18:51.105999947,tgi_queue_size,http,10.128.4.158:3000,tgis-bam,fmaas-monitoring,llama3,openshift-user-workload-monitoring/user-workload,tgis-bam,245.0
2024-05-17 14:18:56.105999947,tgi_queue_size,http,10.128.4.158:3000,tgis-bam,fmaas-monitoring,llama3,openshift-user-workload-monitoring/user-workload,tgis-bam,245.0
2024-05-17 14:19:01.105999947,tgi_queue_size,http,10.128.4.158:3000,tgis-bam,fmaas-monitoring,llama3,openshift-user-workload-monitoring/user-workload,tgis-bam,247.0
2024-05-17 14:19:06.105999947,tgi_queue_size,http,10.128.4.158:3000,tgis-bam,fmaas-monitoring,llama3,openshift-user-workload-monitoring/user-workload,tgis-bam,257.0
2024-05-17 14:19:11.105999947,tgi_queue_size,http,10.128.4.158:3000,tgis-bam,fmaas-monitoring,llama3,openshift-user-workload-monitoring/user-workload,tgis-bam,253.0
2024-05-17 14:19:16.105999947,tgi_queue_size,http,10.128.4.158:3000,tgis-bam,fmaas-monitoring,llama3,openshift-user-workload-monitoring/user-workload,tgis-bam,253.0
2024-05-17 14:19:21.105999947,tgi_queue_size,http,10.128.4.158:3000,tgis-bam,fmaas-monitoring,llama3,openshift-user-workload-monitoring/user-workload,tgis-bam,250.0
2024-05-17 14:19:26.105999947,tgi_queue_size,http,10.128.4.158:3000,tgis-bam,fmaas-monitoring,llama3,openshift-user-workload-monitoring/user-workload,tgis-bam,255.0
2024-05-17 14:19:31.105999947,tgi_queue_size,http,10.128.4.158:3000,tgis-bam,fmaas-monitoring,llama3,openshift-user-workload-monitoring/user-workload,tgis-bam,262.0
2024-05-17 14:19:36.105999947,tgi_queue_size,http,10.128.4.158:3000,tgis-bam,fmaas-monitoring,llama3,openshift-user-workload-monitoring/user-workload,tgis-bam,260.0
2024-05-17 14:19:41.105999947,tgi_queue_size,http,10.128.4.158:3000,tgis-bam,fmaas-monitoring,llama3,openshift-user-workload-monitoring/user-workload,tgis-bam,256.0
2024-05-17 14:19:46.105999947,tgi_queue_size,http,10.128.4.158:3000,tgis-bam,fmaas-monitoring,llama3,openshift-user-workload-monitoring/user-workload,tgis-bam,255.0
2024-05-17 14:19:51.105999947,tgi_queue_size,http,10.128.4.158:3000,tgis-bam,fmaas-monitoring,llama3,openshift-user-workload-monitoring/user-workload,tgis-bam,255.0
2024-05-17 14:19:56.105999947,tgi_queue_size,http,10.128.4.158:3000,tgis-bam,fmaas-monitoring,llama3,openshift-user-workload-monitoring/user-workload,tgis-bam,254.0
2024-05-17 14:20:01.105999947,tgi_queue_size,http,10.128.4.158:3000,tgis-bam,fmaas-monitoring,llama3,openshift-user-workload-monitoring/user-workload,tgis-bam,256.0
2024-05-17 14:20:06.105999947,tgi_queue_size,http,10.128.4.158:3000,tgis-bam,fmaas-monitoring,llama3,openshift-user-workload-monitoring/user-workload,tgis-bam,257.0
2024-05-17 14:20:11.105999947,tgi_queue_size,http,10.128.4.158:3000,tgis-bam,fmaas-monitoring,llama3,openshift-user-workload-monitoring/user-workload,tgis-bam,256.0
2024-05-17 14:20:16.105999947,tgi_queue_size,http,10.128.4.158:3000,tgis-bam,fmaas-monitoring,llama3,openshift-user-workload-monitoring/user-workload,tgis-bam,268.0
2024-05-17 14:20:21.105999947,tgi_queue_size,http,10.128.4.158:3000,tgis-bam,fmaas-monitoring,llama3,openshift-user-workload-monitoring/user-workload,tgis-bam,267.0
2024-05-17 14:20:26.105999947,tgi_queue_size,http,10.128.4.158:3000,tgis-bam,fmaas-monitoring,llama3,openshift-user-workload-monitoring/user-workload,tgis-bam,278.0
2024-05-17 14:20:31.105999947,tgi_queue_size,http,10.128.4.158:3000,tgis-bam,fmaas-monitoring,llama3,openshift-user-workload-monitoring/user-workload,tgis-bam,278.0
2024-05-17 14:20:36.105999947,tgi_queue_size,http,10.128.4.158:3000,tgis-bam,fmaas-monitoring,llama3,openshift-user-workload-monitoring/user-workload,tgis-bam,275.0
2024-05-17 14:20:41.105999947,tgi_queue_size,http,10.128.4.158:3000,tgis-bam,fmaas-monitoring,llama3,openshift-user-workload-monitoring/user-workload,tgis-bam,255.0
2024-05-17 14:20:46.105999947,tgi_queue_size,http,10.128.4.158:3000,tgis-bam,fmaas-monitoring,llama3,openshift-user-workload-monitoring/user-workload,tgis-bam,252.0
2024-05-17 14:20:51.105999947,tgi_queue_size,http,10.128.4.158:3000,tgis-bam,fmaas-monitoring,llama3,openshift-user-workload-monitoring/user-workload,tgis-bam,252.0
2024-05-17 14:20:56.105999947,tgi_queue_size,http,10.128.4.158:3000,tgis-bam,fmaas-monitoring,llama3,openshift-user-workload-monitoring/user-workload,tgis-bam,252.0
2024-05-17 14:21:01.105999947,tgi_queue_size,http,10.128.4.158:3000,tgis-bam,fmaas-monitoring,llama3,openshift-user-workload-monitoring/user-workload,tgis-bam,255.0
2024-05-17 14:21:06.105999947,tgi_queue_size,http,10.128.4.158:3000,tgis-bam,fmaas-monitoring,llama3,openshift-user-workload-monitoring/user-workload,tgis-bam,270.0
2024-05-17 14:21:11.105999947,tgi_queue_size,http,10.128.4.158:3000,tgis-bam,fmaas-monitoring,llama3,openshift-user-workload-monitoring/user-workload,tgis-bam,267.0
2024-05-17 14:21:16.105999947,tgi_queue_size,http,10.128.4.158:3000,tgis-bam,fmaas-monitoring,llama3,openshift-user-workload-monitoring/user-workload,tgis-bam,255.0
2024-05-17 14:21:21.105999947,tgi_queue_size,http,10.128.4.158:3000,tgis-bam,fmaas-monitoring,llama3,openshift-user-workload-monitoring/user-workload,tgis-bam,247.0
2024-05-17 14:21:26.105999947,tgi_queue_size,http,10.128.4.158:3000,tgis-bam,fmaas-monitoring,llama3,openshift-user-workload-monitoring/user-workload,tgis-bam,246.0
2024-05-17 14:21:31.105999947,tgi_queue_size,http,10.128.4.158:3000,tgis-bam,fmaas-monitoring,llama3,openshift-user-workload-monitoring/user-workload,tgis-bam,251.0
2024-05-17 14:21:36.105999947,tgi_queue_size,http,10.128.4.158:3000,tgis-bam,fmaas-monitoring,llama3,openshift-user-workload-monitoring/user-workload,tgis-bam,248.0
2024-05-17 14:21:41.105999947,tgi_queue_size,http,10.128.4.158:3000,tgis-bam,fmaas-monitoring,llama3,openshift-user-workload-monitoring/user-workload,tgis-bam,247.0
2024-05-17 14:21:46.105999947,tgi_queue_size,http,10.128.4.158:3000,tgis-bam,fmaas-monitoring,llama3,openshift-user-workload-monitoring/user-workload,tgis-bam,247.0
2024-05-17 14:21:51.105999947,tgi_queue_size,http,10.128.4.158:3000,tgis-bam,fmaas-monitoring,llama3,openshift-user-workload-monitoring/user-workload,tgis-bam,246.0
2024-05-17 14:21:56.105999947,tgi_queue_size,http,10.128.4.158:3000,tgis-bam,fmaas-monitoring,llama3,openshift-user-workload-monitoring/user-workload,tgis-bam,244.0
2024-05-17 14:22:01.105999947,tgi_queue_size,http,10.128.4.158:3000,tgis-bam,fmaas-monitoring,llama3,openshift-user-workload-monitoring/user-workload,tgis-bam,250.0
2024-05-17 14:22:06.105999947,tgi_queue_size,http,10.128.4.158:3000,tgis-bam,fmaas-monitoring,llama3,openshift-user-workload-monitoring/user-workload,tgis-bam,248.0
2024-05-17 14:22:11.105999947,tgi_queue_size,http,10.128.4.158:3000,tgis-bam,fmaas-monitoring,llama3,openshift-user-workload-monitoring/user-workload,tgis-bam,249.0
2024-05-17 14:22:16.105999947,tgi_queue_size,http,10.128.4.158:3000,tgis-bam,fmaas-monitoring,llama3,openshift-user-workload-monitoring/user-workload,tgis-bam,245.0
2024-05-17 14:22:21.105999947,tgi_queue_size,http,10.128.4.158:3000,tgis-bam,fmaas-monitoring,llama3,openshift-user-workload-monitoring/user-workload,tgis-bam,250.0
2024-05-17 14:22:26.105999947,tgi_queue_size,http,10.128.4.158:3000,tgis-bam,fmaas-monitoring,llama3,openshift-user-workload-monitoring/user-workload,tgis-bam,253.0
2024-05-17 14:22:31.105999947,tgi_queue_size,http,10.128.4.158:3000,tgis-bam,fmaas-monitoring,llama3,openshift-user-workload-monitoring/user-workload,tgis-bam,247.0
2024-05-17 14:22:36.105999947,tgi_queue_size,http,10.128.4.158:3000,tgis-bam,fmaas-monitoring,llama3,openshift-user-workload-monitoring/user-workload,tgis-bam,249.0
2024-05-17 14:22:41.105999947,tgi_queue_size,http,10.128.4.158:3000,tgis-bam,fmaas-monitoring,llama3,openshift-user-workload-monitoring/user-workload,tgis-bam,255.0
2024-05-17 14:22:46.105999947,tgi_queue_size,http,10.128.4.158:3000,tgis-bam,fmaas-monitoring,llama3,openshift-user-workload-monitoring/user-workload,tgis-bam,250.0
2024-05-17 14:22:51.105999947,tgi_queue_size,http,10.128.4.158:3000,tgis-bam,fmaas-monitoring,llama3,openshift-user-workload-monitoring/user-workload,tgis-bam,250.0
2024-05-17 14:22:56.115000010,tgi_queue_size,http,10.128.4.158:3000,tgis-bam,fmaas-monitoring,llama3,openshift-user-workload-monitoring/user-workload,tgis-bam,250.0
2024-05-17 14:23:01.105999947,tgi_queue_size,http,10.128.4.158:3000,tgis-bam,fmaas-monitoring,llama3,openshift-user-workload-monitoring/user-workload,tgis-bam,249.0
2024-05-17 14:23:06.105999947,tgi_queue_size,http,10.128.4.158:3000,tgis-bam,fmaas-monitoring,llama3,openshift-user-workload-monitoring/user-workload,tgis-bam,250.0
2024-05-17 14:23:11.105999947,tgi_queue_size,http,10.128.4.158:3000,tgis-bam,fmaas-monitoring,llama3,openshift-user-workload-monitoring/user-workload,tgis-bam,257.0
2024-05-17 14:23:16.105999947,tgi_queue_size,http,10.128.4.158:3000,tgis-bam,fmaas-monitoring,llama3,openshift-user-workload-monitoring/user-workload,tgis-bam,258.0
2024-05-17 14:23:21.105999947,tgi_queue_size,http,10.128.4.158:3000,tgis-bam,fmaas-monitoring,llama3,openshift-user-workload-monitoring/user-workload,tgis-bam,257.0
2024-05-17 14:23:26.105999947,tgi_queue_size,http,10.128.4.158:3000,tgis-bam,fmaas-monitoring,llama3,openshift-user-workload-monitoring/user-workload,tgis-bam,259.0
2024-05-17 14:23:31.105999947,tgi_queue_size,http,10.128.4.158:3000,tgis-bam,fmaas-monitoring,llama3,openshift-user-workload-monitoring/user-workload,tgis-bam,266.0
2024-05-17 14:23:36.105999947,tgi_queue_size,http,10.128.4.158:3000,tgis-bam,fmaas-monitoring,llama3,openshift-user-workload-monitoring/user-workload,tgis-bam,265.0
2024-05-17 14:23:41.105999947,tgi_queue_size,http,10.128.4.158:3000,tgis-bam,fmaas-monitoring,llama3,openshift-user-workload-monitoring/user-workload,tgis-bam,266.0
2024-05-17 14:23:46.105999947,tgi_queue_size,http,10.128.4.158:3000,tgis-bam,fmaas-monitoring,llama3,openshift-user-workload-monitoring/user-workload,tgis-bam,266.0
2024-05-17 14:23:51.105999947,tgi_queue_size,http,10.128.4.158:3000,tgis-bam,fmaas-monitoring,llama3,openshift-user-workload-monitoring/user-workload,tgis-bam,265.0
2024-05-17 14:23:56.105999947,tgi_queue_size,http,10.128.4.158:3000,tgis-bam,fmaas-monitoring,llama3,openshift-user-workload-monitoring/user-workload,tgis-bam,265.0
2024-05-17 14:24:01.105999947,tgi_queue_size,http,10.128.4.158:3000,tgis-bam,fmaas-monitoring,llama3,openshift-user-workload-monitoring/user-workload,tgis-bam,270.0
2024-05-17 14:24:06.105999947,tgi_queue_size,http,10.128.4.158:3000,tgis-bam,fmaas-monitoring,llama3,openshift-user-workload-monitoring/user-workload,tgis-bam,289.0
2024-05-17 14:24:11.105999947,tgi_queue_size,http,10.128.4.158:3000,tgis-bam,fmaas-monitoring,llama3,openshift-user-workload-monitoring/user-workload,tgis-bam,291.0
2024-05-17 14:24:16.105999947,tgi_queue_size,http,10.128.4.158:3000,tgis-bam,fmaas-monitoring,llama3,openshift-user-workload-monitoring/user-workload,tgis-bam,298.0
2024-05-17 14:24:21.105999947,tgi_queue_size,http,10.128.4.158:3000,tgis-bam,fmaas-monitoring,llama3,openshift-user-workload-monitoring/user-workload,tgis-bam,297.0
2024-05-17 14:24:26.105999947,tgi_queue_size,http,10.128.4.158:3000,tgis-bam,fmaas-monitoring,llama3,openshift-user-workload-monitoring/user-workload,tgis-bam,289.0
2024-05-17 14:24:31.105999947,tgi_queue_size,http,10.128.4.158:3000,tgis-bam,fmaas-monitoring,llama3,openshift-user-workload-monitoring/user-workload,tgis-bam,286.0
2024-05-17 14:24:36.105999947,tgi_queue_size,http,10.128.4.158:3000,tgis-bam,fmaas-monitoring,llama3,openshift-user-workload-monitoring/user-workload,tgis-bam,274.0
2024-05-17 14:24:41.105999947,tgi_queue_size,http,10.128.4.158:3000,tgis-bam,fmaas-monitoring,llama3,openshift-user-workload-monitoring/user-workload,tgis-bam,265.0
2024-05-17 14:24:46.105999947,tgi_queue_size,http,10.128.4.158:3000,tgis-bam,fmaas-monitoring,llama3,openshift-user-workload-monitoring/user-workload,tgis-bam,265.0
2024-05-17 14:24:51.105999947,tgi_queue_size,http,10.128.4.158:3000,tgis-bam,fmaas-monitoring,llama3,openshift-user-workload-monitoring/user-workload,tgis-bam,264.0
2024-05-17 14:24:56.105999947,tgi_queue_size,http,10.128.4.158:3000,tgis-bam,fmaas-monitoring,llama3,openshift-user-workload-monitoring/user-workload,tgis-bam,264.0
