timestamp,DCGM_FI_DEV_BRAND,DCGM_FI_DEV_ECC_INFOROM_VER,DCGM_FI_DEV_INFOROM_IMAGE_VER,DCGM_FI_DEV_OEM_INFOROM_VER,DCGM_FI_DEV_SERIAL,DCGM_FI_DEV_VBIOS_VERSION,DCGM_FI_DRIVER_VERSION,DCGM_FI_NVML_VERSION,Hostname,UUID,__name__,container,device,endpoint,exported_container,exported_namespace,exported_pod,gpu,instance,job,modelName,namespace,pod,prometheus,service,value
2024-07-01 10:26:17.372999907,NVIDIA,6.16,G506.0210.00.03,2.0,1654122026088,92.00.45.00.05,535.104.12,12.535.104.12,fmaas-devstage-backen-9cjgj-worker-a100-il-rdma-3-7nblz,GPU-8119b45d-783b-445e-cb25-2ed9dbd70bc8,DCGM_FI_DEV_SM_CLOCK,nvidia-dcgm-exporter,nvidia2,gpu-metrics,base,fmaas-monitoring,vllm-llama3,2,192.241.129.5:9400,nvidia-dcgm-exporter,NVIDIA A100-SXM4-80GB,nvidia-gpu-operator,nvidia-dcgm-exporter-hcqqt,openshift-monitoring/k8s,nvidia-dcgm-exporter,1290.0
2024-07-01 10:26:28.029000044,NVIDIA,6.16,G506.0210.00.03,2.0,1654122026088,92.00.45.00.05,535.104.12,12.535.104.12,fmaas-devstage-backen-9cjgj-worker-a100-il-rdma-3-7nblz,GPU-8119b45d-783b-445e-cb25-2ed9dbd70bc8,DCGM_FI_DEV_SM_CLOCK,nvidia-dcgm-exporter,nvidia2,gpu-metrics,base,fmaas-monitoring,vllm-llama3,2,192.241.129.5:9400,nvidia-dcgm-exporter,NVIDIA A100-SXM4-80GB,nvidia-gpu-operator,nvidia-dcgm-exporter-hcqqt,openshift-monitoring/k8s,nvidia-dcgm-exporter,1290.0
2024-07-01 10:26:58.029000044,NVIDIA,6.16,G506.0210.00.03,2.0,1654122026088,92.00.45.00.05,535.104.12,12.535.104.12,fmaas-devstage-backen-9cjgj-worker-a100-il-rdma-3-7nblz,GPU-8119b45d-783b-445e-cb25-2ed9dbd70bc8,DCGM_FI_DEV_SM_CLOCK,nvidia-dcgm-exporter,nvidia2,gpu-metrics,base,fmaas-monitoring,vllm-llama3,2,192.241.129.5:9400,nvidia-dcgm-exporter,NVIDIA A100-SXM4-80GB,nvidia-gpu-operator,nvidia-dcgm-exporter-hcqqt,openshift-monitoring/k8s,nvidia-dcgm-exporter,1290.0
2024-07-01 10:27:28.029000044,NVIDIA,6.16,G506.0210.00.03,2.0,1654122026088,92.00.45.00.05,535.104.12,12.535.104.12,fmaas-devstage-backen-9cjgj-worker-a100-il-rdma-3-7nblz,GPU-8119b45d-783b-445e-cb25-2ed9dbd70bc8,DCGM_FI_DEV_SM_CLOCK,nvidia-dcgm-exporter,nvidia2,gpu-metrics,base,fmaas-monitoring,vllm-llama3,2,192.241.129.5:9400,nvidia-dcgm-exporter,NVIDIA A100-SXM4-80GB,nvidia-gpu-operator,nvidia-dcgm-exporter-hcqqt,openshift-monitoring/k8s,nvidia-dcgm-exporter,1275.0
2024-07-01 10:27:58.029000044,NVIDIA,6.16,G506.0210.00.03,2.0,1654122026088,92.00.45.00.05,535.104.12,12.535.104.12,fmaas-devstage-backen-9cjgj-worker-a100-il-rdma-3-7nblz,GPU-8119b45d-783b-445e-cb25-2ed9dbd70bc8,DCGM_FI_DEV_SM_CLOCK,nvidia-dcgm-exporter,nvidia2,gpu-metrics,base,fmaas-monitoring,vllm-llama3,2,192.241.129.5:9400,nvidia-dcgm-exporter,NVIDIA A100-SXM4-80GB,nvidia-gpu-operator,nvidia-dcgm-exporter-hcqqt,openshift-monitoring/k8s,nvidia-dcgm-exporter,1410.0
2024-07-01 10:28:28.029000044,NVIDIA,6.16,G506.0210.00.03,2.0,1654122026088,92.00.45.00.05,535.104.12,12.535.104.12,fmaas-devstage-backen-9cjgj-worker-a100-il-rdma-3-7nblz,GPU-8119b45d-783b-445e-cb25-2ed9dbd70bc8,DCGM_FI_DEV_SM_CLOCK,nvidia-dcgm-exporter,nvidia2,gpu-metrics,base,fmaas-monitoring,vllm-llama3,2,192.241.129.5:9400,nvidia-dcgm-exporter,NVIDIA A100-SXM4-80GB,nvidia-gpu-operator,nvidia-dcgm-exporter-hcqqt,openshift-monitoring/k8s,nvidia-dcgm-exporter,1275.0
2024-07-01 10:28:58.029000044,NVIDIA,6.16,G506.0210.00.03,2.0,1654122026088,92.00.45.00.05,535.104.12,12.535.104.12,fmaas-devstage-backen-9cjgj-worker-a100-il-rdma-3-7nblz,GPU-8119b45d-783b-445e-cb25-2ed9dbd70bc8,DCGM_FI_DEV_SM_CLOCK,nvidia-dcgm-exporter,nvidia2,gpu-metrics,base,fmaas-monitoring,vllm-llama3,2,192.241.129.5:9400,nvidia-dcgm-exporter,NVIDIA A100-SXM4-80GB,nvidia-gpu-operator,nvidia-dcgm-exporter-hcqqt,openshift-monitoring/k8s,nvidia-dcgm-exporter,1275.0
2024-07-01 10:29:28.029000044,NVIDIA,6.16,G506.0210.00.03,2.0,1654122026088,92.00.45.00.05,535.104.12,12.535.104.12,fmaas-devstage-backen-9cjgj-worker-a100-il-rdma-3-7nblz,GPU-8119b45d-783b-445e-cb25-2ed9dbd70bc8,DCGM_FI_DEV_SM_CLOCK,nvidia-dcgm-exporter,nvidia2,gpu-metrics,base,fmaas-monitoring,vllm-llama3,2,192.241.129.5:9400,nvidia-dcgm-exporter,NVIDIA A100-SXM4-80GB,nvidia-gpu-operator,nvidia-dcgm-exporter-hcqqt,openshift-monitoring/k8s,nvidia-dcgm-exporter,1290.0
2024-07-01 10:29:58.029000044,NVIDIA,6.16,G506.0210.00.03,2.0,1654122026088,92.00.45.00.05,535.104.12,12.535.104.12,fmaas-devstage-backen-9cjgj-worker-a100-il-rdma-3-7nblz,GPU-8119b45d-783b-445e-cb25-2ed9dbd70bc8,DCGM_FI_DEV_SM_CLOCK,nvidia-dcgm-exporter,nvidia2,gpu-metrics,base,fmaas-monitoring,vllm-llama3,2,192.241.129.5:9400,nvidia-dcgm-exporter,NVIDIA A100-SXM4-80GB,nvidia-gpu-operator,nvidia-dcgm-exporter-hcqqt,openshift-monitoring/k8s,nvidia-dcgm-exporter,1260.0
2024-07-01 10:30:28.029000044,NVIDIA,6.16,G506.0210.00.03,2.0,1654122026088,92.00.45.00.05,535.104.12,12.535.104.12,fmaas-devstage-backen-9cjgj-worker-a100-il-rdma-3-7nblz,GPU-8119b45d-783b-445e-cb25-2ed9dbd70bc8,DCGM_FI_DEV_SM_CLOCK,nvidia-dcgm-exporter,nvidia2,gpu-metrics,base,fmaas-monitoring,vllm-llama3,2,192.241.129.5:9400,nvidia-dcgm-exporter,NVIDIA A100-SXM4-80GB,nvidia-gpu-operator,nvidia-dcgm-exporter-hcqqt,openshift-monitoring/k8s,nvidia-dcgm-exporter,1410.0
2024-07-01 10:30:58.029000044,NVIDIA,6.16,G506.0210.00.03,2.0,1654122026088,92.00.45.00.05,535.104.12,12.535.104.12,fmaas-devstage-backen-9cjgj-worker-a100-il-rdma-3-7nblz,GPU-8119b45d-783b-445e-cb25-2ed9dbd70bc8,DCGM_FI_DEV_SM_CLOCK,nvidia-dcgm-exporter,nvidia2,gpu-metrics,base,fmaas-monitoring,vllm-llama3,2,192.241.129.5:9400,nvidia-dcgm-exporter,NVIDIA A100-SXM4-80GB,nvidia-gpu-operator,nvidia-dcgm-exporter-hcqqt,openshift-monitoring/k8s,nvidia-dcgm-exporter,1275.0
2024-07-01 10:31:28.029000044,NVIDIA,6.16,G506.0210.00.03,2.0,1654122026088,92.00.45.00.05,535.104.12,12.535.104.12,fmaas-devstage-backen-9cjgj-worker-a100-il-rdma-3-7nblz,GPU-8119b45d-783b-445e-cb25-2ed9dbd70bc8,DCGM_FI_DEV_SM_CLOCK,nvidia-dcgm-exporter,nvidia2,gpu-metrics,base,fmaas-monitoring,vllm-llama3,2,192.241.129.5:9400,nvidia-dcgm-exporter,NVIDIA A100-SXM4-80GB,nvidia-gpu-operator,nvidia-dcgm-exporter-hcqqt,openshift-monitoring/k8s,nvidia-dcgm-exporter,1290.0
2024-07-01 10:31:58.029000044,NVIDIA,6.16,G506.0210.00.03,2.0,1654122026088,92.00.45.00.05,535.104.12,12.535.104.12,fmaas-devstage-backen-9cjgj-worker-a100-il-rdma-3-7nblz,GPU-8119b45d-783b-445e-cb25-2ed9dbd70bc8,DCGM_FI_DEV_SM_CLOCK,nvidia-dcgm-exporter,nvidia2,gpu-metrics,base,fmaas-monitoring,vllm-llama3,2,192.241.129.5:9400,nvidia-dcgm-exporter,NVIDIA A100-SXM4-80GB,nvidia-gpu-operator,nvidia-dcgm-exporter-hcqqt,openshift-monitoring/k8s,nvidia-dcgm-exporter,1275.0
2024-07-01 10:32:28.029000044,NVIDIA,6.16,G506.0210.00.03,2.0,1654122026088,92.00.45.00.05,535.104.12,12.535.104.12,fmaas-devstage-backen-9cjgj-worker-a100-il-rdma-3-7nblz,GPU-8119b45d-783b-445e-cb25-2ed9dbd70bc8,DCGM_FI_DEV_SM_CLOCK,nvidia-dcgm-exporter,nvidia2,gpu-metrics,base,fmaas-monitoring,vllm-llama3,2,192.241.129.5:9400,nvidia-dcgm-exporter,NVIDIA A100-SXM4-80GB,nvidia-gpu-operator,nvidia-dcgm-exporter-hcqqt,openshift-monitoring/k8s,nvidia-dcgm-exporter,1290.0
2024-07-01 10:32:58.029000044,NVIDIA,6.16,G506.0210.00.03,2.0,1654122026088,92.00.45.00.05,535.104.12,12.535.104.12,fmaas-devstage-backen-9cjgj-worker-a100-il-rdma-3-7nblz,GPU-8119b45d-783b-445e-cb25-2ed9dbd70bc8,DCGM_FI_DEV_SM_CLOCK,nvidia-dcgm-exporter,nvidia2,gpu-metrics,base,fmaas-monitoring,vllm-llama3,2,192.241.129.5:9400,nvidia-dcgm-exporter,NVIDIA A100-SXM4-80GB,nvidia-gpu-operator,nvidia-dcgm-exporter-hcqqt,openshift-monitoring/k8s,nvidia-dcgm-exporter,1290.0
2024-07-01 10:33:28.029000044,NVIDIA,6.16,G506.0210.00.03,2.0,1654122026088,92.00.45.00.05,535.104.12,12.535.104.12,fmaas-devstage-backen-9cjgj-worker-a100-il-rdma-3-7nblz,GPU-8119b45d-783b-445e-cb25-2ed9dbd70bc8,DCGM_FI_DEV_SM_CLOCK,nvidia-dcgm-exporter,nvidia2,gpu-metrics,base,fmaas-monitoring,vllm-llama3,2,192.241.129.5:9400,nvidia-dcgm-exporter,NVIDIA A100-SXM4-80GB,nvidia-gpu-operator,nvidia-dcgm-exporter-hcqqt,openshift-monitoring/k8s,nvidia-dcgm-exporter,1290.0
2024-07-01 10:33:58.029000044,NVIDIA,6.16,G506.0210.00.03,2.0,1654122026088,92.00.45.00.05,535.104.12,12.535.104.12,fmaas-devstage-backen-9cjgj-worker-a100-il-rdma-3-7nblz,GPU-8119b45d-783b-445e-cb25-2ed9dbd70bc8,DCGM_FI_DEV_SM_CLOCK,nvidia-dcgm-exporter,nvidia2,gpu-metrics,base,fmaas-monitoring,vllm-llama3,2,192.241.129.5:9400,nvidia-dcgm-exporter,NVIDIA A100-SXM4-80GB,nvidia-gpu-operator,nvidia-dcgm-exporter-hcqqt,openshift-monitoring/k8s,nvidia-dcgm-exporter,1275.0
2024-07-01 10:34:28.029000044,NVIDIA,6.16,G506.0210.00.03,2.0,1654122026088,92.00.45.00.05,535.104.12,12.535.104.12,fmaas-devstage-backen-9cjgj-worker-a100-il-rdma-3-7nblz,GPU-8119b45d-783b-445e-cb25-2ed9dbd70bc8,DCGM_FI_DEV_SM_CLOCK,nvidia-dcgm-exporter,nvidia2,gpu-metrics,base,fmaas-monitoring,vllm-llama3,2,192.241.129.5:9400,nvidia-dcgm-exporter,NVIDIA A100-SXM4-80GB,nvidia-gpu-operator,nvidia-dcgm-exporter-hcqqt,openshift-monitoring/k8s,nvidia-dcgm-exporter,1290.0
2024-07-01 10:34:58.029000044,NVIDIA,6.16,G506.0210.00.03,2.0,1654122026088,92.00.45.00.05,535.104.12,12.535.104.12,fmaas-devstage-backen-9cjgj-worker-a100-il-rdma-3-7nblz,GPU-8119b45d-783b-445e-cb25-2ed9dbd70bc8,DCGM_FI_DEV_SM_CLOCK,nvidia-dcgm-exporter,nvidia2,gpu-metrics,base,fmaas-monitoring,vllm-llama3,2,192.241.129.5:9400,nvidia-dcgm-exporter,NVIDIA A100-SXM4-80GB,nvidia-gpu-operator,nvidia-dcgm-exporter-hcqqt,openshift-monitoring/k8s,nvidia-dcgm-exporter,1260.0
2024-07-01 10:35:28.029000044,NVIDIA,6.16,G506.0210.00.03,2.0,1654122026088,92.00.45.00.05,535.104.12,12.535.104.12,fmaas-devstage-backen-9cjgj-worker-a100-il-rdma-3-7nblz,GPU-8119b45d-783b-445e-cb25-2ed9dbd70bc8,DCGM_FI_DEV_SM_CLOCK,nvidia-dcgm-exporter,nvidia2,gpu-metrics,base,fmaas-monitoring,vllm-llama3,2,192.241.129.5:9400,nvidia-dcgm-exporter,NVIDIA A100-SXM4-80GB,nvidia-gpu-operator,nvidia-dcgm-exporter-hcqqt,openshift-monitoring/k8s,nvidia-dcgm-exporter,1290.0
2024-07-01 10:35:58.029000044,NVIDIA,6.16,G506.0210.00.03,2.0,1654122026088,92.00.45.00.05,535.104.12,12.535.104.12,fmaas-devstage-backen-9cjgj-worker-a100-il-rdma-3-7nblz,GPU-8119b45d-783b-445e-cb25-2ed9dbd70bc8,DCGM_FI_DEV_SM_CLOCK,nvidia-dcgm-exporter,nvidia2,gpu-metrics,base,fmaas-monitoring,vllm-llama3,2,192.241.129.5:9400,nvidia-dcgm-exporter,NVIDIA A100-SXM4-80GB,nvidia-gpu-operator,nvidia-dcgm-exporter-hcqqt,openshift-monitoring/k8s,nvidia-dcgm-exporter,1275.0
2024-07-01 10:36:17.372999907,NVIDIA,6.16,G506.0210.00.03,2.0,1654122026088,92.00.45.00.05,535.104.12,12.535.104.12,fmaas-devstage-backen-9cjgj-worker-a100-il-rdma-3-7nblz,GPU-8119b45d-783b-445e-cb25-2ed9dbd70bc8,DCGM_FI_DEV_SM_CLOCK,nvidia-dcgm-exporter,nvidia2,gpu-metrics,base,fmaas-monitoring,vllm-llama3,2,192.241.129.5:9400,nvidia-dcgm-exporter,NVIDIA A100-SXM4-80GB,nvidia-gpu-operator,nvidia-dcgm-exporter-hcqqt,openshift-monitoring/k8s,nvidia-dcgm-exporter,1275.0
2024-07-01 10:36:28.029000044,NVIDIA,6.16,G506.0210.00.03,2.0,1654122026088,92.00.45.00.05,535.104.12,12.535.104.12,fmaas-devstage-backen-9cjgj-worker-a100-il-rdma-3-7nblz,GPU-8119b45d-783b-445e-cb25-2ed9dbd70bc8,DCGM_FI_DEV_SM_CLOCK,nvidia-dcgm-exporter,nvidia2,gpu-metrics,base,fmaas-monitoring,vllm-llama3,2,192.241.129.5:9400,nvidia-dcgm-exporter,NVIDIA A100-SXM4-80GB,nvidia-gpu-operator,nvidia-dcgm-exporter-hcqqt,openshift-monitoring/k8s,nvidia-dcgm-exporter,1320.0
2024-07-01 10:36:58.029000044,NVIDIA,6.16,G506.0210.00.03,2.0,1654122026088,92.00.45.00.05,535.104.12,12.535.104.12,fmaas-devstage-backen-9cjgj-worker-a100-il-rdma-3-7nblz,GPU-8119b45d-783b-445e-cb25-2ed9dbd70bc8,DCGM_FI_DEV_SM_CLOCK,nvidia-dcgm-exporter,nvidia2,gpu-metrics,base,fmaas-monitoring,vllm-llama3,2,192.241.129.5:9400,nvidia-dcgm-exporter,NVIDIA A100-SXM4-80GB,nvidia-gpu-operator,nvidia-dcgm-exporter-hcqqt,openshift-monitoring/k8s,nvidia-dcgm-exporter,1410.0
2024-07-01 10:37:28.029000044,NVIDIA,6.16,G506.0210.00.03,2.0,1654122026088,92.00.45.00.05,535.104.12,12.535.104.12,fmaas-devstage-backen-9cjgj-worker-a100-il-rdma-3-7nblz,GPU-8119b45d-783b-445e-cb25-2ed9dbd70bc8,DCGM_FI_DEV_SM_CLOCK,nvidia-dcgm-exporter,nvidia2,gpu-metrics,base,fmaas-monitoring,vllm-llama3,2,192.241.129.5:9400,nvidia-dcgm-exporter,NVIDIA A100-SXM4-80GB,nvidia-gpu-operator,nvidia-dcgm-exporter-hcqqt,openshift-monitoring/k8s,nvidia-dcgm-exporter,1290.0
2024-07-01 10:37:58.029000044,NVIDIA,6.16,G506.0210.00.03,2.0,1654122026088,92.00.45.00.05,535.104.12,12.535.104.12,fmaas-devstage-backen-9cjgj-worker-a100-il-rdma-3-7nblz,GPU-8119b45d-783b-445e-cb25-2ed9dbd70bc8,DCGM_FI_DEV_SM_CLOCK,nvidia-dcgm-exporter,nvidia2,gpu-metrics,base,fmaas-monitoring,vllm-llama3,2,192.241.129.5:9400,nvidia-dcgm-exporter,NVIDIA A100-SXM4-80GB,nvidia-gpu-operator,nvidia-dcgm-exporter-hcqqt,openshift-monitoring/k8s,nvidia-dcgm-exporter,1290.0
2024-07-01 10:38:28.029000044,NVIDIA,6.16,G506.0210.00.03,2.0,1654122026088,92.00.45.00.05,535.104.12,12.535.104.12,fmaas-devstage-backen-9cjgj-worker-a100-il-rdma-3-7nblz,GPU-8119b45d-783b-445e-cb25-2ed9dbd70bc8,DCGM_FI_DEV_SM_CLOCK,nvidia-dcgm-exporter,nvidia2,gpu-metrics,base,fmaas-monitoring,vllm-llama3,2,192.241.129.5:9400,nvidia-dcgm-exporter,NVIDIA A100-SXM4-80GB,nvidia-gpu-operator,nvidia-dcgm-exporter-hcqqt,openshift-monitoring/k8s,nvidia-dcgm-exporter,1290.0
2024-07-01 10:38:58.029000044,NVIDIA,6.16,G506.0210.00.03,2.0,1654122026088,92.00.45.00.05,535.104.12,12.535.104.12,fmaas-devstage-backen-9cjgj-worker-a100-il-rdma-3-7nblz,GPU-8119b45d-783b-445e-cb25-2ed9dbd70bc8,DCGM_FI_DEV_SM_CLOCK,nvidia-dcgm-exporter,nvidia2,gpu-metrics,base,fmaas-monitoring,vllm-llama3,2,192.241.129.5:9400,nvidia-dcgm-exporter,NVIDIA A100-SXM4-80GB,nvidia-gpu-operator,nvidia-dcgm-exporter-hcqqt,openshift-monitoring/k8s,nvidia-dcgm-exporter,1275.0
2024-07-01 10:39:28.029000044,NVIDIA,6.16,G506.0210.00.03,2.0,1654122026088,92.00.45.00.05,535.104.12,12.535.104.12,fmaas-devstage-backen-9cjgj-worker-a100-il-rdma-3-7nblz,GPU-8119b45d-783b-445e-cb25-2ed9dbd70bc8,DCGM_FI_DEV_SM_CLOCK,nvidia-dcgm-exporter,nvidia2,gpu-metrics,base,fmaas-monitoring,vllm-llama3,2,192.241.129.5:9400,nvidia-dcgm-exporter,NVIDIA A100-SXM4-80GB,nvidia-gpu-operator,nvidia-dcgm-exporter-hcqqt,openshift-monitoring/k8s,nvidia-dcgm-exporter,1290.0
2024-07-01 10:39:58.029000044,NVIDIA,6.16,G506.0210.00.03,2.0,1654122026088,92.00.45.00.05,535.104.12,12.535.104.12,fmaas-devstage-backen-9cjgj-worker-a100-il-rdma-3-7nblz,GPU-8119b45d-783b-445e-cb25-2ed9dbd70bc8,DCGM_FI_DEV_SM_CLOCK,nvidia-dcgm-exporter,nvidia2,gpu-metrics,base,fmaas-monitoring,vllm-llama3,2,192.241.129.5:9400,nvidia-dcgm-exporter,NVIDIA A100-SXM4-80GB,nvidia-gpu-operator,nvidia-dcgm-exporter-hcqqt,openshift-monitoring/k8s,nvidia-dcgm-exporter,1290.0
2024-07-01 10:40:28.029000044,NVIDIA,6.16,G506.0210.00.03,2.0,1654122026088,92.00.45.00.05,535.104.12,12.535.104.12,fmaas-devstage-backen-9cjgj-worker-a100-il-rdma-3-7nblz,GPU-8119b45d-783b-445e-cb25-2ed9dbd70bc8,DCGM_FI_DEV_SM_CLOCK,nvidia-dcgm-exporter,nvidia2,gpu-metrics,base,fmaas-monitoring,vllm-llama3,2,192.241.129.5:9400,nvidia-dcgm-exporter,NVIDIA A100-SXM4-80GB,nvidia-gpu-operator,nvidia-dcgm-exporter-hcqqt,openshift-monitoring/k8s,nvidia-dcgm-exporter,1410.0
2024-07-01 10:40:58.029000044,NVIDIA,6.16,G506.0210.00.03,2.0,1654122026088,92.00.45.00.05,535.104.12,12.535.104.12,fmaas-devstage-backen-9cjgj-worker-a100-il-rdma-3-7nblz,GPU-8119b45d-783b-445e-cb25-2ed9dbd70bc8,DCGM_FI_DEV_SM_CLOCK,nvidia-dcgm-exporter,nvidia2,gpu-metrics,base,fmaas-monitoring,vllm-llama3,2,192.241.129.5:9400,nvidia-dcgm-exporter,NVIDIA A100-SXM4-80GB,nvidia-gpu-operator,nvidia-dcgm-exporter-hcqqt,openshift-monitoring/k8s,nvidia-dcgm-exporter,1410.0
2024-07-01 10:41:28.029000044,NVIDIA,6.16,G506.0210.00.03,2.0,1654122026088,92.00.45.00.05,535.104.12,12.535.104.12,fmaas-devstage-backen-9cjgj-worker-a100-il-rdma-3-7nblz,GPU-8119b45d-783b-445e-cb25-2ed9dbd70bc8,DCGM_FI_DEV_SM_CLOCK,nvidia-dcgm-exporter,nvidia2,gpu-metrics,base,fmaas-monitoring,vllm-llama3,2,192.241.129.5:9400,nvidia-dcgm-exporter,NVIDIA A100-SXM4-80GB,nvidia-gpu-operator,nvidia-dcgm-exporter-hcqqt,openshift-monitoring/k8s,nvidia-dcgm-exporter,1290.0
2024-07-01 10:41:58.029000044,NVIDIA,6.16,G506.0210.00.03,2.0,1654122026088,92.00.45.00.05,535.104.12,12.535.104.12,fmaas-devstage-backen-9cjgj-worker-a100-il-rdma-3-7nblz,GPU-8119b45d-783b-445e-cb25-2ed9dbd70bc8,DCGM_FI_DEV_SM_CLOCK,nvidia-dcgm-exporter,nvidia2,gpu-metrics,base,fmaas-monitoring,vllm-llama3,2,192.241.129.5:9400,nvidia-dcgm-exporter,NVIDIA A100-SXM4-80GB,nvidia-gpu-operator,nvidia-dcgm-exporter-hcqqt,openshift-monitoring/k8s,nvidia-dcgm-exporter,1290.0
2024-07-01 10:42:28.029000044,NVIDIA,6.16,G506.0210.00.03,2.0,1654122026088,92.00.45.00.05,535.104.12,12.535.104.12,fmaas-devstage-backen-9cjgj-worker-a100-il-rdma-3-7nblz,GPU-8119b45d-783b-445e-cb25-2ed9dbd70bc8,DCGM_FI_DEV_SM_CLOCK,nvidia-dcgm-exporter,nvidia2,gpu-metrics,base,fmaas-monitoring,vllm-llama3,2,192.241.129.5:9400,nvidia-dcgm-exporter,NVIDIA A100-SXM4-80GB,nvidia-gpu-operator,nvidia-dcgm-exporter-hcqqt,openshift-monitoring/k8s,nvidia-dcgm-exporter,1335.0
2024-07-01 10:42:58.029000044,NVIDIA,6.16,G506.0210.00.03,2.0,1654122026088,92.00.45.00.05,535.104.12,12.535.104.12,fmaas-devstage-backen-9cjgj-worker-a100-il-rdma-3-7nblz,GPU-8119b45d-783b-445e-cb25-2ed9dbd70bc8,DCGM_FI_DEV_SM_CLOCK,nvidia-dcgm-exporter,nvidia2,gpu-metrics,base,fmaas-monitoring,vllm-llama3,2,192.241.129.5:9400,nvidia-dcgm-exporter,NVIDIA A100-SXM4-80GB,nvidia-gpu-operator,nvidia-dcgm-exporter-hcqqt,openshift-monitoring/k8s,nvidia-dcgm-exporter,1290.0
2024-07-01 10:43:28.029000044,NVIDIA,6.16,G506.0210.00.03,2.0,1654122026088,92.00.45.00.05,535.104.12,12.535.104.12,fmaas-devstage-backen-9cjgj-worker-a100-il-rdma-3-7nblz,GPU-8119b45d-783b-445e-cb25-2ed9dbd70bc8,DCGM_FI_DEV_SM_CLOCK,nvidia-dcgm-exporter,nvidia2,gpu-metrics,base,fmaas-monitoring,vllm-llama3,2,192.241.129.5:9400,nvidia-dcgm-exporter,NVIDIA A100-SXM4-80GB,nvidia-gpu-operator,nvidia-dcgm-exporter-hcqqt,openshift-monitoring/k8s,nvidia-dcgm-exporter,1320.0
2024-07-01 10:43:58.029000044,NVIDIA,6.16,G506.0210.00.03,2.0,1654122026088,92.00.45.00.05,535.104.12,12.535.104.12,fmaas-devstage-backen-9cjgj-worker-a100-il-rdma-3-7nblz,GPU-8119b45d-783b-445e-cb25-2ed9dbd70bc8,DCGM_FI_DEV_SM_CLOCK,nvidia-dcgm-exporter,nvidia2,gpu-metrics,base,fmaas-monitoring,vllm-llama3,2,192.241.129.5:9400,nvidia-dcgm-exporter,NVIDIA A100-SXM4-80GB,nvidia-gpu-operator,nvidia-dcgm-exporter-hcqqt,openshift-monitoring/k8s,nvidia-dcgm-exporter,1290.0
2024-07-01 10:44:28.029000044,NVIDIA,6.16,G506.0210.00.03,2.0,1654122026088,92.00.45.00.05,535.104.12,12.535.104.12,fmaas-devstage-backen-9cjgj-worker-a100-il-rdma-3-7nblz,GPU-8119b45d-783b-445e-cb25-2ed9dbd70bc8,DCGM_FI_DEV_SM_CLOCK,nvidia-dcgm-exporter,nvidia2,gpu-metrics,base,fmaas-monitoring,vllm-llama3,2,192.241.129.5:9400,nvidia-dcgm-exporter,NVIDIA A100-SXM4-80GB,nvidia-gpu-operator,nvidia-dcgm-exporter-hcqqt,openshift-monitoring/k8s,nvidia-dcgm-exporter,1275.0
2024-07-01 10:44:58.029000044,NVIDIA,6.16,G506.0210.00.03,2.0,1654122026088,92.00.45.00.05,535.104.12,12.535.104.12,fmaas-devstage-backen-9cjgj-worker-a100-il-rdma-3-7nblz,GPU-8119b45d-783b-445e-cb25-2ed9dbd70bc8,DCGM_FI_DEV_SM_CLOCK,nvidia-dcgm-exporter,nvidia2,gpu-metrics,base,fmaas-monitoring,vllm-llama3,2,192.241.129.5:9400,nvidia-dcgm-exporter,NVIDIA A100-SXM4-80GB,nvidia-gpu-operator,nvidia-dcgm-exporter-hcqqt,openshift-monitoring/k8s,nvidia-dcgm-exporter,1290.0
2024-07-01 10:45:28.029000044,NVIDIA,6.16,G506.0210.00.03,2.0,1654122026088,92.00.45.00.05,535.104.12,12.535.104.12,fmaas-devstage-backen-9cjgj-worker-a100-il-rdma-3-7nblz,GPU-8119b45d-783b-445e-cb25-2ed9dbd70bc8,DCGM_FI_DEV_SM_CLOCK,nvidia-dcgm-exporter,nvidia2,gpu-metrics,base,fmaas-monitoring,vllm-llama3,2,192.241.129.5:9400,nvidia-dcgm-exporter,NVIDIA A100-SXM4-80GB,nvidia-gpu-operator,nvidia-dcgm-exporter-hcqqt,openshift-monitoring/k8s,nvidia-dcgm-exporter,1305.0
2024-07-01 10:45:58.029000044,NVIDIA,6.16,G506.0210.00.03,2.0,1654122026088,92.00.45.00.05,535.104.12,12.535.104.12,fmaas-devstage-backen-9cjgj-worker-a100-il-rdma-3-7nblz,GPU-8119b45d-783b-445e-cb25-2ed9dbd70bc8,DCGM_FI_DEV_SM_CLOCK,nvidia-dcgm-exporter,nvidia2,gpu-metrics,base,fmaas-monitoring,vllm-llama3,2,192.241.129.5:9400,nvidia-dcgm-exporter,NVIDIA A100-SXM4-80GB,nvidia-gpu-operator,nvidia-dcgm-exporter-hcqqt,openshift-monitoring/k8s,nvidia-dcgm-exporter,1365.0
2024-07-01 10:46:17.372999907,NVIDIA,6.16,G506.0210.00.03,2.0,1654122026088,92.00.45.00.05,535.104.12,12.535.104.12,fmaas-devstage-backen-9cjgj-worker-a100-il-rdma-3-7nblz,GPU-8119b45d-783b-445e-cb25-2ed9dbd70bc8,DCGM_FI_DEV_SM_CLOCK,nvidia-dcgm-exporter,nvidia2,gpu-metrics,base,fmaas-monitoring,vllm-llama3,2,192.241.129.5:9400,nvidia-dcgm-exporter,NVIDIA A100-SXM4-80GB,nvidia-gpu-operator,nvidia-dcgm-exporter-hcqqt,openshift-monitoring/k8s,nvidia-dcgm-exporter,1365.0
2024-07-01 10:46:28.029000044,NVIDIA,6.16,G506.0210.00.03,2.0,1654122026088,92.00.45.00.05,535.104.12,12.535.104.12,fmaas-devstage-backen-9cjgj-worker-a100-il-rdma-3-7nblz,GPU-8119b45d-783b-445e-cb25-2ed9dbd70bc8,DCGM_FI_DEV_SM_CLOCK,nvidia-dcgm-exporter,nvidia2,gpu-metrics,base,fmaas-monitoring,vllm-llama3,2,192.241.129.5:9400,nvidia-dcgm-exporter,NVIDIA A100-SXM4-80GB,nvidia-gpu-operator,nvidia-dcgm-exporter-hcqqt,openshift-monitoring/k8s,nvidia-dcgm-exporter,1410.0
2024-07-01 10:46:58.029000044,NVIDIA,6.16,G506.0210.00.03,2.0,1654122026088,92.00.45.00.05,535.104.12,12.535.104.12,fmaas-devstage-backen-9cjgj-worker-a100-il-rdma-3-7nblz,GPU-8119b45d-783b-445e-cb25-2ed9dbd70bc8,DCGM_FI_DEV_SM_CLOCK,nvidia-dcgm-exporter,nvidia2,gpu-metrics,base,fmaas-monitoring,vllm-llama3,2,192.241.129.5:9400,nvidia-dcgm-exporter,NVIDIA A100-SXM4-80GB,nvidia-gpu-operator,nvidia-dcgm-exporter-hcqqt,openshift-monitoring/k8s,nvidia-dcgm-exporter,1305.0
2024-07-01 10:47:28.029000044,NVIDIA,6.16,G506.0210.00.03,2.0,1654122026088,92.00.45.00.05,535.104.12,12.535.104.12,fmaas-devstage-backen-9cjgj-worker-a100-il-rdma-3-7nblz,GPU-8119b45d-783b-445e-cb25-2ed9dbd70bc8,DCGM_FI_DEV_SM_CLOCK,nvidia-dcgm-exporter,nvidia2,gpu-metrics,base,fmaas-monitoring,vllm-llama3,2,192.241.129.5:9400,nvidia-dcgm-exporter,NVIDIA A100-SXM4-80GB,nvidia-gpu-operator,nvidia-dcgm-exporter-hcqqt,openshift-monitoring/k8s,nvidia-dcgm-exporter,1320.0
2024-07-01 10:47:58.029000044,NVIDIA,6.16,G506.0210.00.03,2.0,1654122026088,92.00.45.00.05,535.104.12,12.535.104.12,fmaas-devstage-backen-9cjgj-worker-a100-il-rdma-3-7nblz,GPU-8119b45d-783b-445e-cb25-2ed9dbd70bc8,DCGM_FI_DEV_SM_CLOCK,nvidia-dcgm-exporter,nvidia2,gpu-metrics,base,fmaas-monitoring,vllm-llama3,2,192.241.129.5:9400,nvidia-dcgm-exporter,NVIDIA A100-SXM4-80GB,nvidia-gpu-operator,nvidia-dcgm-exporter-hcqqt,openshift-monitoring/k8s,nvidia-dcgm-exporter,1275.0
2024-07-01 10:48:28.029000044,NVIDIA,6.16,G506.0210.00.03,2.0,1654122026088,92.00.45.00.05,535.104.12,12.535.104.12,fmaas-devstage-backen-9cjgj-worker-a100-il-rdma-3-7nblz,GPU-8119b45d-783b-445e-cb25-2ed9dbd70bc8,DCGM_FI_DEV_SM_CLOCK,nvidia-dcgm-exporter,nvidia2,gpu-metrics,base,fmaas-monitoring,vllm-llama3,2,192.241.129.5:9400,nvidia-dcgm-exporter,NVIDIA A100-SXM4-80GB,nvidia-gpu-operator,nvidia-dcgm-exporter-hcqqt,openshift-monitoring/k8s,nvidia-dcgm-exporter,1305.0
2024-07-01 10:48:58.029000044,NVIDIA,6.16,G506.0210.00.03,2.0,1654122026088,92.00.45.00.05,535.104.12,12.535.104.12,fmaas-devstage-backen-9cjgj-worker-a100-il-rdma-3-7nblz,GPU-8119b45d-783b-445e-cb25-2ed9dbd70bc8,DCGM_FI_DEV_SM_CLOCK,nvidia-dcgm-exporter,nvidia2,gpu-metrics,base,fmaas-monitoring,vllm-llama3,2,192.241.129.5:9400,nvidia-dcgm-exporter,NVIDIA A100-SXM4-80GB,nvidia-gpu-operator,nvidia-dcgm-exporter-hcqqt,openshift-monitoring/k8s,nvidia-dcgm-exporter,1275.0
2024-07-01 10:49:28.029000044,NVIDIA,6.16,G506.0210.00.03,2.0,1654122026088,92.00.45.00.05,535.104.12,12.535.104.12,fmaas-devstage-backen-9cjgj-worker-a100-il-rdma-3-7nblz,GPU-8119b45d-783b-445e-cb25-2ed9dbd70bc8,DCGM_FI_DEV_SM_CLOCK,nvidia-dcgm-exporter,nvidia2,gpu-metrics,base,fmaas-monitoring,vllm-llama3,2,192.241.129.5:9400,nvidia-dcgm-exporter,NVIDIA A100-SXM4-80GB,nvidia-gpu-operator,nvidia-dcgm-exporter-hcqqt,openshift-monitoring/k8s,nvidia-dcgm-exporter,1290.0
2024-07-01 10:49:58.029000044,NVIDIA,6.16,G506.0210.00.03,2.0,1654122026088,92.00.45.00.05,535.104.12,12.535.104.12,fmaas-devstage-backen-9cjgj-worker-a100-il-rdma-3-7nblz,GPU-8119b45d-783b-445e-cb25-2ed9dbd70bc8,DCGM_FI_DEV_SM_CLOCK,nvidia-dcgm-exporter,nvidia2,gpu-metrics,base,fmaas-monitoring,vllm-llama3,2,192.241.129.5:9400,nvidia-dcgm-exporter,NVIDIA A100-SXM4-80GB,nvidia-gpu-operator,nvidia-dcgm-exporter-hcqqt,openshift-monitoring/k8s,nvidia-dcgm-exporter,1290.0
2024-07-01 10:50:28.029000044,NVIDIA,6.16,G506.0210.00.03,2.0,1654122026088,92.00.45.00.05,535.104.12,12.535.104.12,fmaas-devstage-backen-9cjgj-worker-a100-il-rdma-3-7nblz,GPU-8119b45d-783b-445e-cb25-2ed9dbd70bc8,DCGM_FI_DEV_SM_CLOCK,nvidia-dcgm-exporter,nvidia2,gpu-metrics,base,fmaas-monitoring,vllm-llama3,2,192.241.129.5:9400,nvidia-dcgm-exporter,NVIDIA A100-SXM4-80GB,nvidia-gpu-operator,nvidia-dcgm-exporter-hcqqt,openshift-monitoring/k8s,nvidia-dcgm-exporter,1155.0
2024-07-01 10:50:58.029000044,NVIDIA,6.16,G506.0210.00.03,2.0,1654122026088,92.00.45.00.05,535.104.12,12.535.104.12,fmaas-devstage-backen-9cjgj-worker-a100-il-rdma-3-7nblz,GPU-8119b45d-783b-445e-cb25-2ed9dbd70bc8,DCGM_FI_DEV_SM_CLOCK,nvidia-dcgm-exporter,nvidia2,gpu-metrics,base,fmaas-monitoring,vllm-llama3,2,192.241.129.5:9400,nvidia-dcgm-exporter,NVIDIA A100-SXM4-80GB,nvidia-gpu-operator,nvidia-dcgm-exporter-hcqqt,openshift-monitoring/k8s,nvidia-dcgm-exporter,1155.0
2024-07-01 10:51:28.029000044,NVIDIA,6.16,G506.0210.00.03,2.0,1654122026088,92.00.45.00.05,535.104.12,12.535.104.12,fmaas-devstage-backen-9cjgj-worker-a100-il-rdma-3-7nblz,GPU-8119b45d-783b-445e-cb25-2ed9dbd70bc8,DCGM_FI_DEV_SM_CLOCK,nvidia-dcgm-exporter,nvidia2,gpu-metrics,base,fmaas-monitoring,vllm-llama3,2,192.241.129.5:9400,nvidia-dcgm-exporter,NVIDIA A100-SXM4-80GB,nvidia-gpu-operator,nvidia-dcgm-exporter-hcqqt,openshift-monitoring/k8s,nvidia-dcgm-exporter,1155.0
2024-07-01 10:51:58.029000044,NVIDIA,6.16,G506.0210.00.03,2.0,1654122026088,92.00.45.00.05,535.104.12,12.535.104.12,fmaas-devstage-backen-9cjgj-worker-a100-il-rdma-3-7nblz,GPU-8119b45d-783b-445e-cb25-2ed9dbd70bc8,DCGM_FI_DEV_SM_CLOCK,nvidia-dcgm-exporter,nvidia2,gpu-metrics,base,fmaas-monitoring,vllm-llama3,2,192.241.129.5:9400,nvidia-dcgm-exporter,NVIDIA A100-SXM4-80GB,nvidia-gpu-operator,nvidia-dcgm-exporter-hcqqt,openshift-monitoring/k8s,nvidia-dcgm-exporter,1410.0
2024-07-01 10:52:28.029000044,NVIDIA,6.16,G506.0210.00.03,2.0,1654122026088,92.00.45.00.05,535.104.12,12.535.104.12,fmaas-devstage-backen-9cjgj-worker-a100-il-rdma-3-7nblz,GPU-8119b45d-783b-445e-cb25-2ed9dbd70bc8,DCGM_FI_DEV_SM_CLOCK,nvidia-dcgm-exporter,nvidia2,gpu-metrics,base,fmaas-monitoring,vllm-llama3,2,192.241.129.5:9400,nvidia-dcgm-exporter,NVIDIA A100-SXM4-80GB,nvidia-gpu-operator,nvidia-dcgm-exporter-hcqqt,openshift-monitoring/k8s,nvidia-dcgm-exporter,1155.0
2024-07-01 10:52:58.029000044,NVIDIA,6.16,G506.0210.00.03,2.0,1654122026088,92.00.45.00.05,535.104.12,12.535.104.12,fmaas-devstage-backen-9cjgj-worker-a100-il-rdma-3-7nblz,GPU-8119b45d-783b-445e-cb25-2ed9dbd70bc8,DCGM_FI_DEV_SM_CLOCK,nvidia-dcgm-exporter,nvidia2,gpu-metrics,base,fmaas-monitoring,vllm-llama3,2,192.241.129.5:9400,nvidia-dcgm-exporter,NVIDIA A100-SXM4-80GB,nvidia-gpu-operator,nvidia-dcgm-exporter-hcqqt,openshift-monitoring/k8s,nvidia-dcgm-exporter,1155.0
2024-07-01 10:53:28.029000044,NVIDIA,6.16,G506.0210.00.03,2.0,1654122026088,92.00.45.00.05,535.104.12,12.535.104.12,fmaas-devstage-backen-9cjgj-worker-a100-il-rdma-3-7nblz,GPU-8119b45d-783b-445e-cb25-2ed9dbd70bc8,DCGM_FI_DEV_SM_CLOCK,nvidia-dcgm-exporter,nvidia2,gpu-metrics,base,fmaas-monitoring,vllm-llama3,2,192.241.129.5:9400,nvidia-dcgm-exporter,NVIDIA A100-SXM4-80GB,nvidia-gpu-operator,nvidia-dcgm-exporter-hcqqt,openshift-monitoring/k8s,nvidia-dcgm-exporter,1155.0
2024-07-01 10:53:58.029000044,NVIDIA,6.16,G506.0210.00.03,2.0,1654122026088,92.00.45.00.05,535.104.12,12.535.104.12,fmaas-devstage-backen-9cjgj-worker-a100-il-rdma-3-7nblz,GPU-8119b45d-783b-445e-cb25-2ed9dbd70bc8,DCGM_FI_DEV_SM_CLOCK,nvidia-dcgm-exporter,nvidia2,gpu-metrics,base,fmaas-monitoring,vllm-llama3,2,192.241.129.5:9400,nvidia-dcgm-exporter,NVIDIA A100-SXM4-80GB,nvidia-gpu-operator,nvidia-dcgm-exporter-hcqqt,openshift-monitoring/k8s,nvidia-dcgm-exporter,1155.0
2024-07-01 10:54:28.029000044,NVIDIA,6.16,G506.0210.00.03,2.0,1654122026088,92.00.45.00.05,535.104.12,12.535.104.12,fmaas-devstage-backen-9cjgj-worker-a100-il-rdma-3-7nblz,GPU-8119b45d-783b-445e-cb25-2ed9dbd70bc8,DCGM_FI_DEV_SM_CLOCK,nvidia-dcgm-exporter,nvidia2,gpu-metrics,base,fmaas-monitoring,vllm-llama3,2,192.241.129.5:9400,nvidia-dcgm-exporter,NVIDIA A100-SXM4-80GB,nvidia-gpu-operator,nvidia-dcgm-exporter-hcqqt,openshift-monitoring/k8s,nvidia-dcgm-exporter,1155.0
2024-07-01 10:54:58.029000044,NVIDIA,6.16,G506.0210.00.03,2.0,1654122026088,92.00.45.00.05,535.104.12,12.535.104.12,fmaas-devstage-backen-9cjgj-worker-a100-il-rdma-3-7nblz,GPU-8119b45d-783b-445e-cb25-2ed9dbd70bc8,DCGM_FI_DEV_SM_CLOCK,nvidia-dcgm-exporter,nvidia2,gpu-metrics,base,fmaas-monitoring,vllm-llama3,2,192.241.129.5:9400,nvidia-dcgm-exporter,NVIDIA A100-SXM4-80GB,nvidia-gpu-operator,nvidia-dcgm-exporter-hcqqt,openshift-monitoring/k8s,nvidia-dcgm-exporter,1155.0
