timestamp,__name__,endpoint,instance,job,namespace,pod,prometheus,service,value
2024-05-24 20:15:42.276000023,tgi_tokenize_request_input_count,http,10.128.5.116:3000,tgis-bam,fmaas-monitoring,bloom,openshift-user-workload-monitoring/user-workload,tgis-bam,0.0
2024-05-24 20:15:47.276000023,tgi_tokenize_request_input_count,http,10.128.5.116:3000,tgis-bam,fmaas-monitoring,bloom,openshift-user-workload-monitoring/user-workload,tgis-bam,0.0
2024-05-24 20:15:52.276000023,tgi_tokenize_request_input_count,http,10.128.5.116:3000,tgis-bam,fmaas-monitoring,bloom,openshift-user-workload-monitoring/user-workload,tgis-bam,0.0
2024-05-24 20:15:57.282000065,tgi_tokenize_request_input_count,http,10.128.5.116:3000,tgis-bam,fmaas-monitoring,bloom,openshift-user-workload-monitoring/user-workload,tgis-bam,0.0
2024-05-24 20:16:02.276000023,tgi_tokenize_request_input_count,http,10.128.5.116:3000,tgis-bam,fmaas-monitoring,bloom,openshift-user-workload-monitoring/user-workload,tgis-bam,0.0
2024-05-24 20:16:07.276000023,tgi_tokenize_request_input_count,http,10.128.5.116:3000,tgis-bam,fmaas-monitoring,bloom,openshift-user-workload-monitoring/user-workload,tgis-bam,0.0
2024-05-24 20:16:12.276000023,tgi_tokenize_request_input_count,http,10.128.5.116:3000,tgis-bam,fmaas-monitoring,bloom,openshift-user-workload-monitoring/user-workload,tgis-bam,0.0
2024-05-24 20:16:17.276000023,tgi_tokenize_request_input_count,http,10.128.5.116:3000,tgis-bam,fmaas-monitoring,bloom,openshift-user-workload-monitoring/user-workload,tgis-bam,0.0
2024-05-24 20:16:22.276000023,tgi_tokenize_request_input_count,http,10.128.5.116:3000,tgis-bam,fmaas-monitoring,bloom,openshift-user-workload-monitoring/user-workload,tgis-bam,0.0
2024-05-24 20:16:27.276000023,tgi_tokenize_request_input_count,http,10.128.5.116:3000,tgis-bam,fmaas-monitoring,bloom,openshift-user-workload-monitoring/user-workload,tgis-bam,0.0
2024-05-24 20:16:32.276000023,tgi_tokenize_request_input_count,http,10.128.5.116:3000,tgis-bam,fmaas-monitoring,bloom,openshift-user-workload-monitoring/user-workload,tgis-bam,0.0
2024-05-24 20:16:37.276000023,tgi_tokenize_request_input_count,http,10.128.5.116:3000,tgis-bam,fmaas-monitoring,bloom,openshift-user-workload-monitoring/user-workload,tgis-bam,0.0
2024-05-24 20:16:42.276000023,tgi_tokenize_request_input_count,http,10.128.5.116:3000,tgis-bam,fmaas-monitoring,bloom,openshift-user-workload-monitoring/user-workload,tgis-bam,0.0
2024-05-24 20:16:47.276000023,tgi_tokenize_request_input_count,http,10.128.5.116:3000,tgis-bam,fmaas-monitoring,bloom,openshift-user-workload-monitoring/user-workload,tgis-bam,0.0
2024-05-24 20:16:52.276000023,tgi_tokenize_request_input_count,http,10.128.5.116:3000,tgis-bam,fmaas-monitoring,bloom,openshift-user-workload-monitoring/user-workload,tgis-bam,0.0
2024-05-24 20:16:57.276000023,tgi_tokenize_request_input_count,http,10.128.5.116:3000,tgis-bam,fmaas-monitoring,bloom,openshift-user-workload-monitoring/user-workload,tgis-bam,0.0
2024-05-24 20:17:02.276000023,tgi_tokenize_request_input_count,http,10.128.5.116:3000,tgis-bam,fmaas-monitoring,bloom,openshift-user-workload-monitoring/user-workload,tgis-bam,0.0
2024-05-24 20:17:07.276000023,tgi_tokenize_request_input_count,http,10.128.5.116:3000,tgis-bam,fmaas-monitoring,bloom,openshift-user-workload-monitoring/user-workload,tgis-bam,0.0
2024-05-24 20:17:12.276000023,tgi_tokenize_request_input_count,http,10.128.5.116:3000,tgis-bam,fmaas-monitoring,bloom,openshift-user-workload-monitoring/user-workload,tgis-bam,0.0
2024-05-24 20:17:17.276000023,tgi_tokenize_request_input_count,http,10.128.5.116:3000,tgis-bam,fmaas-monitoring,bloom,openshift-user-workload-monitoring/user-workload,tgis-bam,0.0
2024-05-24 20:17:22.276000023,tgi_tokenize_request_input_count,http,10.128.5.116:3000,tgis-bam,fmaas-monitoring,bloom,openshift-user-workload-monitoring/user-workload,tgis-bam,0.0
2024-05-24 20:17:27.276000023,tgi_tokenize_request_input_count,http,10.128.5.116:3000,tgis-bam,fmaas-monitoring,bloom,openshift-user-workload-monitoring/user-workload,tgis-bam,0.0
2024-05-24 20:17:32.276000023,tgi_tokenize_request_input_count,http,10.128.5.116:3000,tgis-bam,fmaas-monitoring,bloom,openshift-user-workload-monitoring/user-workload,tgis-bam,0.0
2024-05-24 20:17:37.276000023,tgi_tokenize_request_input_count,http,10.128.5.116:3000,tgis-bam,fmaas-monitoring,bloom,openshift-user-workload-monitoring/user-workload,tgis-bam,0.0
2024-05-24 20:17:42.276000023,tgi_tokenize_request_input_count,http,10.128.5.116:3000,tgis-bam,fmaas-monitoring,bloom,openshift-user-workload-monitoring/user-workload,tgis-bam,0.0
2024-05-24 20:17:47.276000023,tgi_tokenize_request_input_count,http,10.128.5.116:3000,tgis-bam,fmaas-monitoring,bloom,openshift-user-workload-monitoring/user-workload,tgis-bam,0.0
2024-05-24 20:17:52.276000023,tgi_tokenize_request_input_count,http,10.128.5.116:3000,tgis-bam,fmaas-monitoring,bloom,openshift-user-workload-monitoring/user-workload,tgis-bam,0.0
2024-05-24 20:17:57.276000023,tgi_tokenize_request_input_count,http,10.128.5.116:3000,tgis-bam,fmaas-monitoring,bloom,openshift-user-workload-monitoring/user-workload,tgis-bam,0.0
2024-05-24 20:18:02.276000023,tgi_tokenize_request_input_count,http,10.128.5.116:3000,tgis-bam,fmaas-monitoring,bloom,openshift-user-workload-monitoring/user-workload,tgis-bam,0.0
2024-05-24 20:18:07.276000023,tgi_tokenize_request_input_count,http,10.128.5.116:3000,tgis-bam,fmaas-monitoring,bloom,openshift-user-workload-monitoring/user-workload,tgis-bam,0.0
2024-05-24 20:18:12.276000023,tgi_tokenize_request_input_count,http,10.128.5.116:3000,tgis-bam,fmaas-monitoring,bloom,openshift-user-workload-monitoring/user-workload,tgis-bam,0.0
2024-05-24 20:18:17.276000023,tgi_tokenize_request_input_count,http,10.128.5.116:3000,tgis-bam,fmaas-monitoring,bloom,openshift-user-workload-monitoring/user-workload,tgis-bam,0.0
2024-05-24 20:18:22.276000023,tgi_tokenize_request_input_count,http,10.128.5.116:3000,tgis-bam,fmaas-monitoring,bloom,openshift-user-workload-monitoring/user-workload,tgis-bam,0.0
2024-05-24 20:18:27.276000023,tgi_tokenize_request_input_count,http,10.128.5.116:3000,tgis-bam,fmaas-monitoring,bloom,openshift-user-workload-monitoring/user-workload,tgis-bam,0.0
2024-05-24 20:18:32.276000023,tgi_tokenize_request_input_count,http,10.128.5.116:3000,tgis-bam,fmaas-monitoring,bloom,openshift-user-workload-monitoring/user-workload,tgis-bam,0.0
2024-05-24 20:18:37.276000023,tgi_tokenize_request_input_count,http,10.128.5.116:3000,tgis-bam,fmaas-monitoring,bloom,openshift-user-workload-monitoring/user-workload,tgis-bam,0.0
2024-05-24 20:18:42.276000023,tgi_tokenize_request_input_count,http,10.128.5.116:3000,tgis-bam,fmaas-monitoring,bloom,openshift-user-workload-monitoring/user-workload,tgis-bam,0.0
2024-05-24 20:18:47.276000023,tgi_tokenize_request_input_count,http,10.128.5.116:3000,tgis-bam,fmaas-monitoring,bloom,openshift-user-workload-monitoring/user-workload,tgis-bam,0.0
2024-05-24 20:18:52.276000023,tgi_tokenize_request_input_count,http,10.128.5.116:3000,tgis-bam,fmaas-monitoring,bloom,openshift-user-workload-monitoring/user-workload,tgis-bam,0.0
2024-05-24 20:18:57.276000023,tgi_tokenize_request_input_count,http,10.128.5.116:3000,tgis-bam,fmaas-monitoring,bloom,openshift-user-workload-monitoring/user-workload,tgis-bam,0.0
2024-05-24 20:19:02.276000023,tgi_tokenize_request_input_count,http,10.128.5.116:3000,tgis-bam,fmaas-monitoring,bloom,openshift-user-workload-monitoring/user-workload,tgis-bam,0.0
2024-05-24 20:19:07.276000023,tgi_tokenize_request_input_count,http,10.128.5.116:3000,tgis-bam,fmaas-monitoring,bloom,openshift-user-workload-monitoring/user-workload,tgis-bam,0.0
2024-05-24 20:19:12.276000023,tgi_tokenize_request_input_count,http,10.128.5.116:3000,tgis-bam,fmaas-monitoring,bloom,openshift-user-workload-monitoring/user-workload,tgis-bam,0.0
2024-05-24 20:19:17.276000023,tgi_tokenize_request_input_count,http,10.128.5.116:3000,tgis-bam,fmaas-monitoring,bloom,openshift-user-workload-monitoring/user-workload,tgis-bam,0.0
2024-05-24 20:19:22.276000023,tgi_tokenize_request_input_count,http,10.128.5.116:3000,tgis-bam,fmaas-monitoring,bloom,openshift-user-workload-monitoring/user-workload,tgis-bam,0.0
2024-05-24 20:19:27.276000023,tgi_tokenize_request_input_count,http,10.128.5.116:3000,tgis-bam,fmaas-monitoring,bloom,openshift-user-workload-monitoring/user-workload,tgis-bam,0.0
2024-05-24 20:19:32.276000023,tgi_tokenize_request_input_count,http,10.128.5.116:3000,tgis-bam,fmaas-monitoring,bloom,openshift-user-workload-monitoring/user-workload,tgis-bam,0.0
2024-05-24 20:19:37.276000023,tgi_tokenize_request_input_count,http,10.128.5.116:3000,tgis-bam,fmaas-monitoring,bloom,openshift-user-workload-monitoring/user-workload,tgis-bam,0.0
2024-05-24 20:19:42.276000023,tgi_tokenize_request_input_count,http,10.128.5.116:3000,tgis-bam,fmaas-monitoring,bloom,openshift-user-workload-monitoring/user-workload,tgis-bam,0.0
2024-05-24 20:19:47.276000023,tgi_tokenize_request_input_count,http,10.128.5.116:3000,tgis-bam,fmaas-monitoring,bloom,openshift-user-workload-monitoring/user-workload,tgis-bam,0.0
2024-05-24 20:19:52.280999899,tgi_tokenize_request_input_count,http,10.128.5.116:3000,tgis-bam,fmaas-monitoring,bloom,openshift-user-workload-monitoring/user-workload,tgis-bam,0.0
2024-05-24 20:19:57.276000023,tgi_tokenize_request_input_count,http,10.128.5.116:3000,tgis-bam,fmaas-monitoring,bloom,openshift-user-workload-monitoring/user-workload,tgis-bam,0.0
2024-05-24 20:20:02.276000023,tgi_tokenize_request_input_count,http,10.128.5.116:3000,tgis-bam,fmaas-monitoring,bloom,openshift-user-workload-monitoring/user-workload,tgis-bam,0.0
2024-05-24 20:20:07.276000023,tgi_tokenize_request_input_count,http,10.128.5.116:3000,tgis-bam,fmaas-monitoring,bloom,openshift-user-workload-monitoring/user-workload,tgis-bam,0.0
2024-05-24 20:20:12.276000023,tgi_tokenize_request_input_count,http,10.128.5.116:3000,tgis-bam,fmaas-monitoring,bloom,openshift-user-workload-monitoring/user-workload,tgis-bam,0.0
2024-05-24 20:20:17.276000023,tgi_tokenize_request_input_count,http,10.128.5.116:3000,tgis-bam,fmaas-monitoring,bloom,openshift-user-workload-monitoring/user-workload,tgis-bam,0.0
2024-05-24 20:20:22.276000023,tgi_tokenize_request_input_count,http,10.128.5.116:3000,tgis-bam,fmaas-monitoring,bloom,openshift-user-workload-monitoring/user-workload,tgis-bam,0.0
2024-05-24 20:20:27.276000023,tgi_tokenize_request_input_count,http,10.128.5.116:3000,tgis-bam,fmaas-monitoring,bloom,openshift-user-workload-monitoring/user-workload,tgis-bam,0.0
2024-05-24 20:20:32.276000023,tgi_tokenize_request_input_count,http,10.128.5.116:3000,tgis-bam,fmaas-monitoring,bloom,openshift-user-workload-monitoring/user-workload,tgis-bam,0.0
2024-05-24 20:20:37.276000023,tgi_tokenize_request_input_count,http,10.128.5.116:3000,tgis-bam,fmaas-monitoring,bloom,openshift-user-workload-monitoring/user-workload,tgis-bam,0.0
2024-05-24 20:20:42.276000023,tgi_tokenize_request_input_count,http,10.128.5.116:3000,tgis-bam,fmaas-monitoring,bloom,openshift-user-workload-monitoring/user-workload,tgis-bam,0.0
2024-05-24 20:20:47.276000023,tgi_tokenize_request_input_count,http,10.128.5.116:3000,tgis-bam,fmaas-monitoring,bloom,openshift-user-workload-monitoring/user-workload,tgis-bam,0.0
2024-05-24 20:20:52.276000023,tgi_tokenize_request_input_count,http,10.128.5.116:3000,tgis-bam,fmaas-monitoring,bloom,openshift-user-workload-monitoring/user-workload,tgis-bam,0.0
2024-05-24 20:20:57.276000023,tgi_tokenize_request_input_count,http,10.128.5.116:3000,tgis-bam,fmaas-monitoring,bloom,openshift-user-workload-monitoring/user-workload,tgis-bam,0.0
2024-05-24 20:21:02.276000023,tgi_tokenize_request_input_count,http,10.128.5.116:3000,tgis-bam,fmaas-monitoring,bloom,openshift-user-workload-monitoring/user-workload,tgis-bam,0.0
2024-05-24 20:21:07.276000023,tgi_tokenize_request_input_count,http,10.128.5.116:3000,tgis-bam,fmaas-monitoring,bloom,openshift-user-workload-monitoring/user-workload,tgis-bam,0.0
2024-05-24 20:21:12.276000023,tgi_tokenize_request_input_count,http,10.128.5.116:3000,tgis-bam,fmaas-monitoring,bloom,openshift-user-workload-monitoring/user-workload,tgis-bam,0.0
2024-05-24 20:21:17.276000023,tgi_tokenize_request_input_count,http,10.128.5.116:3000,tgis-bam,fmaas-monitoring,bloom,openshift-user-workload-monitoring/user-workload,tgis-bam,0.0
2024-05-24 20:21:22.276000023,tgi_tokenize_request_input_count,http,10.128.5.116:3000,tgis-bam,fmaas-monitoring,bloom,openshift-user-workload-monitoring/user-workload,tgis-bam,0.0
2024-05-24 20:21:27.276000023,tgi_tokenize_request_input_count,http,10.128.5.116:3000,tgis-bam,fmaas-monitoring,bloom,openshift-user-workload-monitoring/user-workload,tgis-bam,0.0
2024-05-24 20:21:32.276000023,tgi_tokenize_request_input_count,http,10.128.5.116:3000,tgis-bam,fmaas-monitoring,bloom,openshift-user-workload-monitoring/user-workload,tgis-bam,0.0
2024-05-24 20:21:37.276000023,tgi_tokenize_request_input_count,http,10.128.5.116:3000,tgis-bam,fmaas-monitoring,bloom,openshift-user-workload-monitoring/user-workload,tgis-bam,0.0
2024-05-24 20:21:42.276000023,tgi_tokenize_request_input_count,http,10.128.5.116:3000,tgis-bam,fmaas-monitoring,bloom,openshift-user-workload-monitoring/user-workload,tgis-bam,0.0
2024-05-24 20:21:47.276000023,tgi_tokenize_request_input_count,http,10.128.5.116:3000,tgis-bam,fmaas-monitoring,bloom,openshift-user-workload-monitoring/user-workload,tgis-bam,0.0
2024-05-24 20:21:52.276000023,tgi_tokenize_request_input_count,http,10.128.5.116:3000,tgis-bam,fmaas-monitoring,bloom,openshift-user-workload-monitoring/user-workload,tgis-bam,0.0
2024-05-24 20:21:57.276000023,tgi_tokenize_request_input_count,http,10.128.5.116:3000,tgis-bam,fmaas-monitoring,bloom,openshift-user-workload-monitoring/user-workload,tgis-bam,0.0
2024-05-24 20:22:02.276000023,tgi_tokenize_request_input_count,http,10.128.5.116:3000,tgis-bam,fmaas-monitoring,bloom,openshift-user-workload-monitoring/user-workload,tgis-bam,0.0
2024-05-24 20:22:07.276000023,tgi_tokenize_request_input_count,http,10.128.5.116:3000,tgis-bam,fmaas-monitoring,bloom,openshift-user-workload-monitoring/user-workload,tgis-bam,0.0
2024-05-24 20:22:12.276000023,tgi_tokenize_request_input_count,http,10.128.5.116:3000,tgis-bam,fmaas-monitoring,bloom,openshift-user-workload-monitoring/user-workload,tgis-bam,0.0
2024-05-24 20:22:17.276000023,tgi_tokenize_request_input_count,http,10.128.5.116:3000,tgis-bam,fmaas-monitoring,bloom,openshift-user-workload-monitoring/user-workload,tgis-bam,0.0
2024-05-24 20:22:22.276000023,tgi_tokenize_request_input_count,http,10.128.5.116:3000,tgis-bam,fmaas-monitoring,bloom,openshift-user-workload-monitoring/user-workload,tgis-bam,0.0
2024-05-24 20:22:27.276000023,tgi_tokenize_request_input_count,http,10.128.5.116:3000,tgis-bam,fmaas-monitoring,bloom,openshift-user-workload-monitoring/user-workload,tgis-bam,0.0
2024-05-24 20:22:32.276000023,tgi_tokenize_request_input_count,http,10.128.5.116:3000,tgis-bam,fmaas-monitoring,bloom,openshift-user-workload-monitoring/user-workload,tgis-bam,0.0
2024-05-24 20:22:37.276000023,tgi_tokenize_request_input_count,http,10.128.5.116:3000,tgis-bam,fmaas-monitoring,bloom,openshift-user-workload-monitoring/user-workload,tgis-bam,0.0
2024-05-24 20:22:42.276000023,tgi_tokenize_request_input_count,http,10.128.5.116:3000,tgis-bam,fmaas-monitoring,bloom,openshift-user-workload-monitoring/user-workload,tgis-bam,0.0
2024-05-24 20:22:47.276000023,tgi_tokenize_request_input_count,http,10.128.5.116:3000,tgis-bam,fmaas-monitoring,bloom,openshift-user-workload-monitoring/user-workload,tgis-bam,0.0
2024-05-24 20:22:52.276000023,tgi_tokenize_request_input_count,http,10.128.5.116:3000,tgis-bam,fmaas-monitoring,bloom,openshift-user-workload-monitoring/user-workload,tgis-bam,0.0
2024-05-24 20:22:57.276000023,tgi_tokenize_request_input_count,http,10.128.5.116:3000,tgis-bam,fmaas-monitoring,bloom,openshift-user-workload-monitoring/user-workload,tgis-bam,0.0
2024-05-24 20:23:02.276000023,tgi_tokenize_request_input_count,http,10.128.5.116:3000,tgis-bam,fmaas-monitoring,bloom,openshift-user-workload-monitoring/user-workload,tgis-bam,0.0
2024-05-24 20:23:07.276000023,tgi_tokenize_request_input_count,http,10.128.5.116:3000,tgis-bam,fmaas-monitoring,bloom,openshift-user-workload-monitoring/user-workload,tgis-bam,0.0
2024-05-24 20:23:12.276000023,tgi_tokenize_request_input_count,http,10.128.5.116:3000,tgis-bam,fmaas-monitoring,bloom,openshift-user-workload-monitoring/user-workload,tgis-bam,0.0
2024-05-24 20:23:17.276000023,tgi_tokenize_request_input_count,http,10.128.5.116:3000,tgis-bam,fmaas-monitoring,bloom,openshift-user-workload-monitoring/user-workload,tgis-bam,0.0
2024-05-24 20:23:22.276000023,tgi_tokenize_request_input_count,http,10.128.5.116:3000,tgis-bam,fmaas-monitoring,bloom,openshift-user-workload-monitoring/user-workload,tgis-bam,0.0
2024-05-24 20:23:27.276000023,tgi_tokenize_request_input_count,http,10.128.5.116:3000,tgis-bam,fmaas-monitoring,bloom,openshift-user-workload-monitoring/user-workload,tgis-bam,0.0
2024-05-24 20:23:32.276000023,tgi_tokenize_request_input_count,http,10.128.5.116:3000,tgis-bam,fmaas-monitoring,bloom,openshift-user-workload-monitoring/user-workload,tgis-bam,0.0
2024-05-24 20:23:37.276000023,tgi_tokenize_request_input_count,http,10.128.5.116:3000,tgis-bam,fmaas-monitoring,bloom,openshift-user-workload-monitoring/user-workload,tgis-bam,0.0
2024-05-24 20:23:42.276000023,tgi_tokenize_request_input_count,http,10.128.5.116:3000,tgis-bam,fmaas-monitoring,bloom,openshift-user-workload-monitoring/user-workload,tgis-bam,0.0
2024-05-24 20:23:47.276000023,tgi_tokenize_request_input_count,http,10.128.5.116:3000,tgis-bam,fmaas-monitoring,bloom,openshift-user-workload-monitoring/user-workload,tgis-bam,0.0
2024-05-24 20:23:52.276000023,tgi_tokenize_request_input_count,http,10.128.5.116:3000,tgis-bam,fmaas-monitoring,bloom,openshift-user-workload-monitoring/user-workload,tgis-bam,0.0
2024-05-24 20:23:57.276000023,tgi_tokenize_request_input_count,http,10.128.5.116:3000,tgis-bam,fmaas-monitoring,bloom,openshift-user-workload-monitoring/user-workload,tgis-bam,0.0
2024-05-24 20:24:02.276000023,tgi_tokenize_request_input_count,http,10.128.5.116:3000,tgis-bam,fmaas-monitoring,bloom,openshift-user-workload-monitoring/user-workload,tgis-bam,0.0
2024-05-24 20:24:07.276000023,tgi_tokenize_request_input_count,http,10.128.5.116:3000,tgis-bam,fmaas-monitoring,bloom,openshift-user-workload-monitoring/user-workload,tgis-bam,0.0
2024-05-24 20:24:12.276000023,tgi_tokenize_request_input_count,http,10.128.5.116:3000,tgis-bam,fmaas-monitoring,bloom,openshift-user-workload-monitoring/user-workload,tgis-bam,0.0
2024-05-24 20:24:17.276000023,tgi_tokenize_request_input_count,http,10.128.5.116:3000,tgis-bam,fmaas-monitoring,bloom,openshift-user-workload-monitoring/user-workload,tgis-bam,0.0
2024-05-24 20:24:22.276000023,tgi_tokenize_request_input_count,http,10.128.5.116:3000,tgis-bam,fmaas-monitoring,bloom,openshift-user-workload-monitoring/user-workload,tgis-bam,0.0
2024-05-24 20:24:27.276000023,tgi_tokenize_request_input_count,http,10.128.5.116:3000,tgis-bam,fmaas-monitoring,bloom,openshift-user-workload-monitoring/user-workload,tgis-bam,0.0
2024-05-24 20:24:32.276000023,tgi_tokenize_request_input_count,http,10.128.5.116:3000,tgis-bam,fmaas-monitoring,bloom,openshift-user-workload-monitoring/user-workload,tgis-bam,0.0
2024-05-24 20:24:37.276000023,tgi_tokenize_request_input_count,http,10.128.5.116:3000,tgis-bam,fmaas-monitoring,bloom,openshift-user-workload-monitoring/user-workload,tgis-bam,0.0
2024-05-24 20:24:42.276000023,tgi_tokenize_request_input_count,http,10.128.5.116:3000,tgis-bam,fmaas-monitoring,bloom,openshift-user-workload-monitoring/user-workload,tgis-bam,0.0
2024-05-24 20:24:47.276000023,tgi_tokenize_request_input_count,http,10.128.5.116:3000,tgis-bam,fmaas-monitoring,bloom,openshift-user-workload-monitoring/user-workload,tgis-bam,0.0
2024-05-24 20:24:52.276000023,tgi_tokenize_request_input_count,http,10.128.5.116:3000,tgis-bam,fmaas-monitoring,bloom,openshift-user-workload-monitoring/user-workload,tgis-bam,0.0
2024-05-24 20:24:57.276000023,tgi_tokenize_request_input_count,http,10.128.5.116:3000,tgis-bam,fmaas-monitoring,bloom,openshift-user-workload-monitoring/user-workload,tgis-bam,0.0
2024-05-24 20:25:02.276000023,tgi_tokenize_request_input_count,http,10.128.5.116:3000,tgis-bam,fmaas-monitoring,bloom,openshift-user-workload-monitoring/user-workload,tgis-bam,0.0
2024-05-24 20:25:07.276000023,tgi_tokenize_request_input_count,http,10.128.5.116:3000,tgis-bam,fmaas-monitoring,bloom,openshift-user-workload-monitoring/user-workload,tgis-bam,0.0
2024-05-24 20:25:12.276000023,tgi_tokenize_request_input_count,http,10.128.5.116:3000,tgis-bam,fmaas-monitoring,bloom,openshift-user-workload-monitoring/user-workload,tgis-bam,0.0
2024-05-24 20:25:17.276000023,tgi_tokenize_request_input_count,http,10.128.5.116:3000,tgis-bam,fmaas-monitoring,bloom,openshift-user-workload-monitoring/user-workload,tgis-bam,0.0
2024-05-24 20:25:22.276000023,tgi_tokenize_request_input_count,http,10.128.5.116:3000,tgis-bam,fmaas-monitoring,bloom,openshift-user-workload-monitoring/user-workload,tgis-bam,0.0
2024-05-24 20:25:27.276000023,tgi_tokenize_request_input_count,http,10.128.5.116:3000,tgis-bam,fmaas-monitoring,bloom,openshift-user-workload-monitoring/user-workload,tgis-bam,0.0
2024-05-24 20:25:32.276000023,tgi_tokenize_request_input_count,http,10.128.5.116:3000,tgis-bam,fmaas-monitoring,bloom,openshift-user-workload-monitoring/user-workload,tgis-bam,0.0
2024-05-24 20:25:37.276000023,tgi_tokenize_request_input_count,http,10.128.5.116:3000,tgis-bam,fmaas-monitoring,bloom,openshift-user-workload-monitoring/user-workload,tgis-bam,0.0
2024-05-24 20:25:42.276000023,tgi_tokenize_request_input_count,http,10.128.5.116:3000,tgis-bam,fmaas-monitoring,bloom,openshift-user-workload-monitoring/user-workload,tgis-bam,0.0
2024-05-24 20:25:47.276000023,tgi_tokenize_request_input_count,http,10.128.5.116:3000,tgis-bam,fmaas-monitoring,bloom,openshift-user-workload-monitoring/user-workload,tgis-bam,0.0
2024-05-24 20:25:52.276000023,tgi_tokenize_request_input_count,http,10.128.5.116:3000,tgis-bam,fmaas-monitoring,bloom,openshift-user-workload-monitoring/user-workload,tgis-bam,0.0
2024-05-24 20:25:57.276000023,tgi_tokenize_request_input_count,http,10.128.5.116:3000,tgis-bam,fmaas-monitoring,bloom,openshift-user-workload-monitoring/user-workload,tgis-bam,0.0
2024-05-24 20:26:02.276000023,tgi_tokenize_request_input_count,http,10.128.5.116:3000,tgis-bam,fmaas-monitoring,bloom,openshift-user-workload-monitoring/user-workload,tgis-bam,0.0
2024-05-24 20:26:07.276000023,tgi_tokenize_request_input_count,http,10.128.5.116:3000,tgis-bam,fmaas-monitoring,bloom,openshift-user-workload-monitoring/user-workload,tgis-bam,0.0
2024-05-24 20:26:12.276000023,tgi_tokenize_request_input_count,http,10.128.5.116:3000,tgis-bam,fmaas-monitoring,bloom,openshift-user-workload-monitoring/user-workload,tgis-bam,0.0
2024-05-24 20:26:17.276000023,tgi_tokenize_request_input_count,http,10.128.5.116:3000,tgis-bam,fmaas-monitoring,bloom,openshift-user-workload-monitoring/user-workload,tgis-bam,0.0
2024-05-24 20:26:22.276000023,tgi_tokenize_request_input_count,http,10.128.5.116:3000,tgis-bam,fmaas-monitoring,bloom,openshift-user-workload-monitoring/user-workload,tgis-bam,0.0
2024-05-24 20:26:27.276000023,tgi_tokenize_request_input_count,http,10.128.5.116:3000,tgis-bam,fmaas-monitoring,bloom,openshift-user-workload-monitoring/user-workload,tgis-bam,0.0
2024-05-24 20:26:32.276000023,tgi_tokenize_request_input_count,http,10.128.5.116:3000,tgis-bam,fmaas-monitoring,bloom,openshift-user-workload-monitoring/user-workload,tgis-bam,0.0
2024-05-24 20:26:37.276000023,tgi_tokenize_request_input_count,http,10.128.5.116:3000,tgis-bam,fmaas-monitoring,bloom,openshift-user-workload-monitoring/user-workload,tgis-bam,0.0
2024-05-24 20:26:42.276000023,tgi_tokenize_request_input_count,http,10.128.5.116:3000,tgis-bam,fmaas-monitoring,bloom,openshift-user-workload-monitoring/user-workload,tgis-bam,0.0
2024-05-24 20:26:47.276000023,tgi_tokenize_request_input_count,http,10.128.5.116:3000,tgis-bam,fmaas-monitoring,bloom,openshift-user-workload-monitoring/user-workload,tgis-bam,0.0
2024-05-24 20:26:52.276000023,tgi_tokenize_request_input_count,http,10.128.5.116:3000,tgis-bam,fmaas-monitoring,bloom,openshift-user-workload-monitoring/user-workload,tgis-bam,0.0
2024-05-24 20:26:57.276000023,tgi_tokenize_request_input_count,http,10.128.5.116:3000,tgis-bam,fmaas-monitoring,bloom,openshift-user-workload-monitoring/user-workload,tgis-bam,0.0
2024-05-24 20:27:02.276000023,tgi_tokenize_request_input_count,http,10.128.5.116:3000,tgis-bam,fmaas-monitoring,bloom,openshift-user-workload-monitoring/user-workload,tgis-bam,0.0
2024-05-24 20:27:07.276000023,tgi_tokenize_request_input_count,http,10.128.5.116:3000,tgis-bam,fmaas-monitoring,bloom,openshift-user-workload-monitoring/user-workload,tgis-bam,0.0
2024-05-24 20:27:12.276000023,tgi_tokenize_request_input_count,http,10.128.5.116:3000,tgis-bam,fmaas-monitoring,bloom,openshift-user-workload-monitoring/user-workload,tgis-bam,0.0
2024-05-24 20:27:17.276000023,tgi_tokenize_request_input_count,http,10.128.5.116:3000,tgis-bam,fmaas-monitoring,bloom,openshift-user-workload-monitoring/user-workload,tgis-bam,0.0
2024-05-24 20:27:22.276000023,tgi_tokenize_request_input_count,http,10.128.5.116:3000,tgis-bam,fmaas-monitoring,bloom,openshift-user-workload-monitoring/user-workload,tgis-bam,0.0
2024-05-24 20:27:27.276000023,tgi_tokenize_request_input_count,http,10.128.5.116:3000,tgis-bam,fmaas-monitoring,bloom,openshift-user-workload-monitoring/user-workload,tgis-bam,0.0
2024-05-24 20:27:32.276000023,tgi_tokenize_request_input_count,http,10.128.5.116:3000,tgis-bam,fmaas-monitoring,bloom,openshift-user-workload-monitoring/user-workload,tgis-bam,0.0
2024-05-24 20:27:37.276000023,tgi_tokenize_request_input_count,http,10.128.5.116:3000,tgis-bam,fmaas-monitoring,bloom,openshift-user-workload-monitoring/user-workload,tgis-bam,0.0
2024-05-24 20:27:42.276000023,tgi_tokenize_request_input_count,http,10.128.5.116:3000,tgis-bam,fmaas-monitoring,bloom,openshift-user-workload-monitoring/user-workload,tgis-bam,0.0
2024-05-24 20:27:47.276000023,tgi_tokenize_request_input_count,http,10.128.5.116:3000,tgis-bam,fmaas-monitoring,bloom,openshift-user-workload-monitoring/user-workload,tgis-bam,0.0
2024-05-24 20:27:52.276000023,tgi_tokenize_request_input_count,http,10.128.5.116:3000,tgis-bam,fmaas-monitoring,bloom,openshift-user-workload-monitoring/user-workload,tgis-bam,0.0
2024-05-24 20:27:57.276000023,tgi_tokenize_request_input_count,http,10.128.5.116:3000,tgis-bam,fmaas-monitoring,bloom,openshift-user-workload-monitoring/user-workload,tgis-bam,0.0
2024-05-24 20:28:02.276000023,tgi_tokenize_request_input_count,http,10.128.5.116:3000,tgis-bam,fmaas-monitoring,bloom,openshift-user-workload-monitoring/user-workload,tgis-bam,0.0
2024-05-24 20:28:07.276000023,tgi_tokenize_request_input_count,http,10.128.5.116:3000,tgis-bam,fmaas-monitoring,bloom,openshift-user-workload-monitoring/user-workload,tgis-bam,0.0
2024-05-24 20:28:12.276000023,tgi_tokenize_request_input_count,http,10.128.5.116:3000,tgis-bam,fmaas-monitoring,bloom,openshift-user-workload-monitoring/user-workload,tgis-bam,0.0
2024-05-24 20:28:17.276000023,tgi_tokenize_request_input_count,http,10.128.5.116:3000,tgis-bam,fmaas-monitoring,bloom,openshift-user-workload-monitoring/user-workload,tgis-bam,0.0
2024-05-24 20:28:22.276000023,tgi_tokenize_request_input_count,http,10.128.5.116:3000,tgis-bam,fmaas-monitoring,bloom,openshift-user-workload-monitoring/user-workload,tgis-bam,0.0
2024-05-24 20:28:27.276000023,tgi_tokenize_request_input_count,http,10.128.5.116:3000,tgis-bam,fmaas-monitoring,bloom,openshift-user-workload-monitoring/user-workload,tgis-bam,0.0
2024-05-24 20:28:32.276000023,tgi_tokenize_request_input_count,http,10.128.5.116:3000,tgis-bam,fmaas-monitoring,bloom,openshift-user-workload-monitoring/user-workload,tgis-bam,0.0
2024-05-24 20:28:37.276000023,tgi_tokenize_request_input_count,http,10.128.5.116:3000,tgis-bam,fmaas-monitoring,bloom,openshift-user-workload-monitoring/user-workload,tgis-bam,0.0
2024-05-24 20:28:42.276000023,tgi_tokenize_request_input_count,http,10.128.5.116:3000,tgis-bam,fmaas-monitoring,bloom,openshift-user-workload-monitoring/user-workload,tgis-bam,0.0
2024-05-24 20:28:47.276000023,tgi_tokenize_request_input_count,http,10.128.5.116:3000,tgis-bam,fmaas-monitoring,bloom,openshift-user-workload-monitoring/user-workload,tgis-bam,0.0
2024-05-24 20:28:52.276000023,tgi_tokenize_request_input_count,http,10.128.5.116:3000,tgis-bam,fmaas-monitoring,bloom,openshift-user-workload-monitoring/user-workload,tgis-bam,0.0
2024-05-24 20:28:57.276000023,tgi_tokenize_request_input_count,http,10.128.5.116:3000,tgis-bam,fmaas-monitoring,bloom,openshift-user-workload-monitoring/user-workload,tgis-bam,0.0
2024-05-24 20:29:02.276000023,tgi_tokenize_request_input_count,http,10.128.5.116:3000,tgis-bam,fmaas-monitoring,bloom,openshift-user-workload-monitoring/user-workload,tgis-bam,0.0
2024-05-24 20:29:07.276000023,tgi_tokenize_request_input_count,http,10.128.5.116:3000,tgis-bam,fmaas-monitoring,bloom,openshift-user-workload-monitoring/user-workload,tgis-bam,0.0
2024-05-24 20:29:12.276000023,tgi_tokenize_request_input_count,http,10.128.5.116:3000,tgis-bam,fmaas-monitoring,bloom,openshift-user-workload-monitoring/user-workload,tgis-bam,0.0
2024-05-24 20:29:17.276000023,tgi_tokenize_request_input_count,http,10.128.5.116:3000,tgis-bam,fmaas-monitoring,bloom,openshift-user-workload-monitoring/user-workload,tgis-bam,0.0
2024-05-24 20:29:22.276000023,tgi_tokenize_request_input_count,http,10.128.5.116:3000,tgis-bam,fmaas-monitoring,bloom,openshift-user-workload-monitoring/user-workload,tgis-bam,0.0
2024-05-24 20:29:27.276000023,tgi_tokenize_request_input_count,http,10.128.5.116:3000,tgis-bam,fmaas-monitoring,bloom,openshift-user-workload-monitoring/user-workload,tgis-bam,0.0
2024-05-24 20:29:32.276000023,tgi_tokenize_request_input_count,http,10.128.5.116:3000,tgis-bam,fmaas-monitoring,bloom,openshift-user-workload-monitoring/user-workload,tgis-bam,0.0
2024-05-24 20:29:37.276000023,tgi_tokenize_request_input_count,http,10.128.5.116:3000,tgis-bam,fmaas-monitoring,bloom,openshift-user-workload-monitoring/user-workload,tgis-bam,0.0
2024-05-24 20:29:42.276000023,tgi_tokenize_request_input_count,http,10.128.5.116:3000,tgis-bam,fmaas-monitoring,bloom,openshift-user-workload-monitoring/user-workload,tgis-bam,0.0
2024-05-24 20:29:47.276000023,tgi_tokenize_request_input_count,http,10.128.5.116:3000,tgis-bam,fmaas-monitoring,bloom,openshift-user-workload-monitoring/user-workload,tgis-bam,0.0
2024-05-24 20:29:52.276000023,tgi_tokenize_request_input_count,http,10.128.5.116:3000,tgis-bam,fmaas-monitoring,bloom,openshift-user-workload-monitoring/user-workload,tgis-bam,0.0
2024-05-24 20:29:57.276000023,tgi_tokenize_request_input_count,http,10.128.5.116:3000,tgis-bam,fmaas-monitoring,bloom,openshift-user-workload-monitoring/user-workload,tgis-bam,0.0
2024-05-24 20:30:02.276000023,tgi_tokenize_request_input_count,http,10.128.5.116:3000,tgis-bam,fmaas-monitoring,bloom,openshift-user-workload-monitoring/user-workload,tgis-bam,0.0
2024-05-24 20:30:07.276000023,tgi_tokenize_request_input_count,http,10.128.5.116:3000,tgis-bam,fmaas-monitoring,bloom,openshift-user-workload-monitoring/user-workload,tgis-bam,0.0
2024-05-24 20:30:12.355000019,tgi_tokenize_request_input_count,http,10.128.5.116:3000,tgis-bam,fmaas-monitoring,bloom,openshift-user-workload-monitoring/user-workload,tgis-bam,0.0
2024-05-24 20:30:17.276000023,tgi_tokenize_request_input_count,http,10.128.5.116:3000,tgis-bam,fmaas-monitoring,bloom,openshift-user-workload-monitoring/user-workload,tgis-bam,0.0
2024-05-24 20:30:22.276000023,tgi_tokenize_request_input_count,http,10.128.5.116:3000,tgis-bam,fmaas-monitoring,bloom,openshift-user-workload-monitoring/user-workload,tgis-bam,0.0
2024-05-24 20:30:27.276000023,tgi_tokenize_request_input_count,http,10.128.5.116:3000,tgis-bam,fmaas-monitoring,bloom,openshift-user-workload-monitoring/user-workload,tgis-bam,0.0
2024-05-24 20:30:32.276000023,tgi_tokenize_request_input_count,http,10.128.5.116:3000,tgis-bam,fmaas-monitoring,bloom,openshift-user-workload-monitoring/user-workload,tgis-bam,0.0
2024-05-24 20:30:37.276000023,tgi_tokenize_request_input_count,http,10.128.5.116:3000,tgis-bam,fmaas-monitoring,bloom,openshift-user-workload-monitoring/user-workload,tgis-bam,0.0
2024-05-24 20:30:42.276000023,tgi_tokenize_request_input_count,http,10.128.5.116:3000,tgis-bam,fmaas-monitoring,bloom,openshift-user-workload-monitoring/user-workload,tgis-bam,0.0
2024-05-24 20:30:47.276000023,tgi_tokenize_request_input_count,http,10.128.5.116:3000,tgis-bam,fmaas-monitoring,bloom,openshift-user-workload-monitoring/user-workload,tgis-bam,0.0
2024-05-24 20:30:52.276000023,tgi_tokenize_request_input_count,http,10.128.5.116:3000,tgis-bam,fmaas-monitoring,bloom,openshift-user-workload-monitoring/user-workload,tgis-bam,0.0
2024-05-24 20:30:57.276000023,tgi_tokenize_request_input_count,http,10.128.5.116:3000,tgis-bam,fmaas-monitoring,bloom,openshift-user-workload-monitoring/user-workload,tgis-bam,0.0
2024-05-24 20:31:02.276000023,tgi_tokenize_request_input_count,http,10.128.5.116:3000,tgis-bam,fmaas-monitoring,bloom,openshift-user-workload-monitoring/user-workload,tgis-bam,0.0
2024-05-24 20:31:07.276000023,tgi_tokenize_request_input_count,http,10.128.5.116:3000,tgis-bam,fmaas-monitoring,bloom,openshift-user-workload-monitoring/user-workload,tgis-bam,0.0
2024-05-24 20:31:12.276000023,tgi_tokenize_request_input_count,http,10.128.5.116:3000,tgis-bam,fmaas-monitoring,bloom,openshift-user-workload-monitoring/user-workload,tgis-bam,0.0
2024-05-24 20:31:17.276000023,tgi_tokenize_request_input_count,http,10.128.5.116:3000,tgis-bam,fmaas-monitoring,bloom,openshift-user-workload-monitoring/user-workload,tgis-bam,0.0
2024-05-24 20:31:22.276000023,tgi_tokenize_request_input_count,http,10.128.5.116:3000,tgis-bam,fmaas-monitoring,bloom,openshift-user-workload-monitoring/user-workload,tgis-bam,0.0
2024-05-24 20:31:27.276000023,tgi_tokenize_request_input_count,http,10.128.5.116:3000,tgis-bam,fmaas-monitoring,bloom,openshift-user-workload-monitoring/user-workload,tgis-bam,0.0
2024-05-24 20:31:32.276000023,tgi_tokenize_request_input_count,http,10.128.5.116:3000,tgis-bam,fmaas-monitoring,bloom,openshift-user-workload-monitoring/user-workload,tgis-bam,0.0
2024-05-24 20:31:37.276000023,tgi_tokenize_request_input_count,http,10.128.5.116:3000,tgis-bam,fmaas-monitoring,bloom,openshift-user-workload-monitoring/user-workload,tgis-bam,0.0
2024-05-24 20:31:42.276000023,tgi_tokenize_request_input_count,http,10.128.5.116:3000,tgis-bam,fmaas-monitoring,bloom,openshift-user-workload-monitoring/user-workload,tgis-bam,0.0
2024-05-24 20:31:47.276000023,tgi_tokenize_request_input_count,http,10.128.5.116:3000,tgis-bam,fmaas-monitoring,bloom,openshift-user-workload-monitoring/user-workload,tgis-bam,0.0
2024-05-24 20:31:52.276000023,tgi_tokenize_request_input_count,http,10.128.5.116:3000,tgis-bam,fmaas-monitoring,bloom,openshift-user-workload-monitoring/user-workload,tgis-bam,0.0
2024-05-24 20:31:57.276000023,tgi_tokenize_request_input_count,http,10.128.5.116:3000,tgis-bam,fmaas-monitoring,bloom,openshift-user-workload-monitoring/user-workload,tgis-bam,0.0
2024-05-24 20:32:02.276000023,tgi_tokenize_request_input_count,http,10.128.5.116:3000,tgis-bam,fmaas-monitoring,bloom,openshift-user-workload-monitoring/user-workload,tgis-bam,0.0
2024-05-24 20:32:07.276000023,tgi_tokenize_request_input_count,http,10.128.5.116:3000,tgis-bam,fmaas-monitoring,bloom,openshift-user-workload-monitoring/user-workload,tgis-bam,0.0
2024-05-24 20:32:12.276000023,tgi_tokenize_request_input_count,http,10.128.5.116:3000,tgis-bam,fmaas-monitoring,bloom,openshift-user-workload-monitoring/user-workload,tgis-bam,0.0
2024-05-24 20:32:17.276000023,tgi_tokenize_request_input_count,http,10.128.5.116:3000,tgis-bam,fmaas-monitoring,bloom,openshift-user-workload-monitoring/user-workload,tgis-bam,0.0
2024-05-24 20:32:22.276000023,tgi_tokenize_request_input_count,http,10.128.5.116:3000,tgis-bam,fmaas-monitoring,bloom,openshift-user-workload-monitoring/user-workload,tgis-bam,0.0
2024-05-24 20:32:27.276000023,tgi_tokenize_request_input_count,http,10.128.5.116:3000,tgis-bam,fmaas-monitoring,bloom,openshift-user-workload-monitoring/user-workload,tgis-bam,0.0
2024-05-24 20:32:32.276000023,tgi_tokenize_request_input_count,http,10.128.5.116:3000,tgis-bam,fmaas-monitoring,bloom,openshift-user-workload-monitoring/user-workload,tgis-bam,0.0
2024-05-24 20:32:37.276000023,tgi_tokenize_request_input_count,http,10.128.5.116:3000,tgis-bam,fmaas-monitoring,bloom,openshift-user-workload-monitoring/user-workload,tgis-bam,0.0
2024-05-24 20:32:42.276000023,tgi_tokenize_request_input_count,http,10.128.5.116:3000,tgis-bam,fmaas-monitoring,bloom,openshift-user-workload-monitoring/user-workload,tgis-bam,0.0
2024-05-24 20:32:47.276000023,tgi_tokenize_request_input_count,http,10.128.5.116:3000,tgis-bam,fmaas-monitoring,bloom,openshift-user-workload-monitoring/user-workload,tgis-bam,0.0
2024-05-24 20:32:52.276000023,tgi_tokenize_request_input_count,http,10.128.5.116:3000,tgis-bam,fmaas-monitoring,bloom,openshift-user-workload-monitoring/user-workload,tgis-bam,0.0
2024-05-24 20:32:57.276000023,tgi_tokenize_request_input_count,http,10.128.5.116:3000,tgis-bam,fmaas-monitoring,bloom,openshift-user-workload-monitoring/user-workload,tgis-bam,0.0
2024-05-24 20:33:02.276000023,tgi_tokenize_request_input_count,http,10.128.5.116:3000,tgis-bam,fmaas-monitoring,bloom,openshift-user-workload-monitoring/user-workload,tgis-bam,0.0
2024-05-24 20:33:07.276000023,tgi_tokenize_request_input_count,http,10.128.5.116:3000,tgis-bam,fmaas-monitoring,bloom,openshift-user-workload-monitoring/user-workload,tgis-bam,0.0
2024-05-24 20:33:12.276000023,tgi_tokenize_request_input_count,http,10.128.5.116:3000,tgis-bam,fmaas-monitoring,bloom,openshift-user-workload-monitoring/user-workload,tgis-bam,0.0
2024-05-24 20:33:17.276000023,tgi_tokenize_request_input_count,http,10.128.5.116:3000,tgis-bam,fmaas-monitoring,bloom,openshift-user-workload-monitoring/user-workload,tgis-bam,0.0
2024-05-24 20:33:22.276000023,tgi_tokenize_request_input_count,http,10.128.5.116:3000,tgis-bam,fmaas-monitoring,bloom,openshift-user-workload-monitoring/user-workload,tgis-bam,0.0
2024-05-24 20:33:27.276000023,tgi_tokenize_request_input_count,http,10.128.5.116:3000,tgis-bam,fmaas-monitoring,bloom,openshift-user-workload-monitoring/user-workload,tgis-bam,0.0
2024-05-24 20:33:32.276000023,tgi_tokenize_request_input_count,http,10.128.5.116:3000,tgis-bam,fmaas-monitoring,bloom,openshift-user-workload-monitoring/user-workload,tgis-bam,0.0
2024-05-24 20:33:37.276000023,tgi_tokenize_request_input_count,http,10.128.5.116:3000,tgis-bam,fmaas-monitoring,bloom,openshift-user-workload-monitoring/user-workload,tgis-bam,0.0
2024-05-24 20:33:42.276000023,tgi_tokenize_request_input_count,http,10.128.5.116:3000,tgis-bam,fmaas-monitoring,bloom,openshift-user-workload-monitoring/user-workload,tgis-bam,0.0
2024-05-24 20:33:47.276000023,tgi_tokenize_request_input_count,http,10.128.5.116:3000,tgis-bam,fmaas-monitoring,bloom,openshift-user-workload-monitoring/user-workload,tgis-bam,0.0
2024-05-24 20:33:52.276000023,tgi_tokenize_request_input_count,http,10.128.5.116:3000,tgis-bam,fmaas-monitoring,bloom,openshift-user-workload-monitoring/user-workload,tgis-bam,0.0
2024-05-24 20:33:57.276000023,tgi_tokenize_request_input_count,http,10.128.5.116:3000,tgis-bam,fmaas-monitoring,bloom,openshift-user-workload-monitoring/user-workload,tgis-bam,0.0
2024-05-24 20:34:02.276000023,tgi_tokenize_request_input_count,http,10.128.5.116:3000,tgis-bam,fmaas-monitoring,bloom,openshift-user-workload-monitoring/user-workload,tgis-bam,0.0
2024-05-24 20:34:07.276000023,tgi_tokenize_request_input_count,http,10.128.5.116:3000,tgis-bam,fmaas-monitoring,bloom,openshift-user-workload-monitoring/user-workload,tgis-bam,0.0
2024-05-24 20:34:12.276000023,tgi_tokenize_request_input_count,http,10.128.5.116:3000,tgis-bam,fmaas-monitoring,bloom,openshift-user-workload-monitoring/user-workload,tgis-bam,0.0
2024-05-24 20:34:17.276000023,tgi_tokenize_request_input_count,http,10.128.5.116:3000,tgis-bam,fmaas-monitoring,bloom,openshift-user-workload-monitoring/user-workload,tgis-bam,0.0
2024-05-24 20:34:22.276000023,tgi_tokenize_request_input_count,http,10.128.5.116:3000,tgis-bam,fmaas-monitoring,bloom,openshift-user-workload-monitoring/user-workload,tgis-bam,0.0
2024-05-24 20:34:27.276000023,tgi_tokenize_request_input_count,http,10.128.5.116:3000,tgis-bam,fmaas-monitoring,bloom,openshift-user-workload-monitoring/user-workload,tgis-bam,0.0
2024-05-24 20:34:32.276000023,tgi_tokenize_request_input_count,http,10.128.5.116:3000,tgis-bam,fmaas-monitoring,bloom,openshift-user-workload-monitoring/user-workload,tgis-bam,0.0
2024-05-24 20:34:37.276000023,tgi_tokenize_request_input_count,http,10.128.5.116:3000,tgis-bam,fmaas-monitoring,bloom,openshift-user-workload-monitoring/user-workload,tgis-bam,0.0
2024-05-24 20:34:42.276000023,tgi_tokenize_request_input_count,http,10.128.5.116:3000,tgis-bam,fmaas-monitoring,bloom,openshift-user-workload-monitoring/user-workload,tgis-bam,0.0
2024-05-24 20:34:47.276000023,tgi_tokenize_request_input_count,http,10.128.5.116:3000,tgis-bam,fmaas-monitoring,bloom,openshift-user-workload-monitoring/user-workload,tgis-bam,0.0
2024-05-24 20:34:52.276000023,tgi_tokenize_request_input_count,http,10.128.5.116:3000,tgis-bam,fmaas-monitoring,bloom,openshift-user-workload-monitoring/user-workload,tgis-bam,0.0
2024-05-24 20:34:57.276000023,tgi_tokenize_request_input_count,http,10.128.5.116:3000,tgis-bam,fmaas-monitoring,bloom,openshift-user-workload-monitoring/user-workload,tgis-bam,0.0
2024-05-24 20:35:02.276000023,tgi_tokenize_request_input_count,http,10.128.5.116:3000,tgis-bam,fmaas-monitoring,bloom,openshift-user-workload-monitoring/user-workload,tgis-bam,0.0
2024-05-24 20:35:07.276000023,tgi_tokenize_request_input_count,http,10.128.5.116:3000,tgis-bam,fmaas-monitoring,bloom,openshift-user-workload-monitoring/user-workload,tgis-bam,0.0
2024-05-24 20:35:12.276000023,tgi_tokenize_request_input_count,http,10.128.5.116:3000,tgis-bam,fmaas-monitoring,bloom,openshift-user-workload-monitoring/user-workload,tgis-bam,0.0
2024-05-24 20:35:17.276000023,tgi_tokenize_request_input_count,http,10.128.5.116:3000,tgis-bam,fmaas-monitoring,bloom,openshift-user-workload-monitoring/user-workload,tgis-bam,0.0
2024-05-24 20:35:22.276000023,tgi_tokenize_request_input_count,http,10.128.5.116:3000,tgis-bam,fmaas-monitoring,bloom,openshift-user-workload-monitoring/user-workload,tgis-bam,0.0
2024-05-24 20:35:27.276000023,tgi_tokenize_request_input_count,http,10.128.5.116:3000,tgis-bam,fmaas-monitoring,bloom,openshift-user-workload-monitoring/user-workload,tgis-bam,0.0
2024-05-24 20:35:32.276000023,tgi_tokenize_request_input_count,http,10.128.5.116:3000,tgis-bam,fmaas-monitoring,bloom,openshift-user-workload-monitoring/user-workload,tgis-bam,0.0
2024-05-24 20:35:37.276000023,tgi_tokenize_request_input_count,http,10.128.5.116:3000,tgis-bam,fmaas-monitoring,bloom,openshift-user-workload-monitoring/user-workload,tgis-bam,0.0
2024-05-24 20:35:42.276000023,tgi_tokenize_request_input_count,http,10.128.5.116:3000,tgis-bam,fmaas-monitoring,bloom,openshift-user-workload-monitoring/user-workload,tgis-bam,0.0
2024-05-24 20:35:47.276000023,tgi_tokenize_request_input_count,http,10.128.5.116:3000,tgis-bam,fmaas-monitoring,bloom,openshift-user-workload-monitoring/user-workload,tgis-bam,0.0
2024-05-24 20:35:52.276000023,tgi_tokenize_request_input_count,http,10.128.5.116:3000,tgis-bam,fmaas-monitoring,bloom,openshift-user-workload-monitoring/user-workload,tgis-bam,0.0
2024-05-24 20:35:57.276000023,tgi_tokenize_request_input_count,http,10.128.5.116:3000,tgis-bam,fmaas-monitoring,bloom,openshift-user-workload-monitoring/user-workload,tgis-bam,0.0
2024-05-24 20:36:02.276000023,tgi_tokenize_request_input_count,http,10.128.5.116:3000,tgis-bam,fmaas-monitoring,bloom,openshift-user-workload-monitoring/user-workload,tgis-bam,0.0
2024-05-24 20:36:07.276000023,tgi_tokenize_request_input_count,http,10.128.5.116:3000,tgis-bam,fmaas-monitoring,bloom,openshift-user-workload-monitoring/user-workload,tgis-bam,0.0
2024-05-24 20:36:12.276000023,tgi_tokenize_request_input_count,http,10.128.5.116:3000,tgis-bam,fmaas-monitoring,bloom,openshift-user-workload-monitoring/user-workload,tgis-bam,0.0
2024-05-24 20:36:17.276000023,tgi_tokenize_request_input_count,http,10.128.5.116:3000,tgis-bam,fmaas-monitoring,bloom,openshift-user-workload-monitoring/user-workload,tgis-bam,0.0
2024-05-24 20:36:22.276000023,tgi_tokenize_request_input_count,http,10.128.5.116:3000,tgis-bam,fmaas-monitoring,bloom,openshift-user-workload-monitoring/user-workload,tgis-bam,0.0
2024-05-24 20:36:27.276000023,tgi_tokenize_request_input_count,http,10.128.5.116:3000,tgis-bam,fmaas-monitoring,bloom,openshift-user-workload-monitoring/user-workload,tgis-bam,0.0
2024-05-24 20:36:32.276000023,tgi_tokenize_request_input_count,http,10.128.5.116:3000,tgis-bam,fmaas-monitoring,bloom,openshift-user-workload-monitoring/user-workload,tgis-bam,0.0
2024-05-24 20:36:37.276000023,tgi_tokenize_request_input_count,http,10.128.5.116:3000,tgis-bam,fmaas-monitoring,bloom,openshift-user-workload-monitoring/user-workload,tgis-bam,0.0
2024-05-24 20:36:42.276000023,tgi_tokenize_request_input_count,http,10.128.5.116:3000,tgis-bam,fmaas-monitoring,bloom,openshift-user-workload-monitoring/user-workload,tgis-bam,0.0
2024-05-24 20:36:47.276000023,tgi_tokenize_request_input_count,http,10.128.5.116:3000,tgis-bam,fmaas-monitoring,bloom,openshift-user-workload-monitoring/user-workload,tgis-bam,0.0
2024-05-24 20:36:52.276000023,tgi_tokenize_request_input_count,http,10.128.5.116:3000,tgis-bam,fmaas-monitoring,bloom,openshift-user-workload-monitoring/user-workload,tgis-bam,0.0
2024-05-24 20:36:57.276000023,tgi_tokenize_request_input_count,http,10.128.5.116:3000,tgis-bam,fmaas-monitoring,bloom,openshift-user-workload-monitoring/user-workload,tgis-bam,0.0
2024-05-24 20:37:02.276000023,tgi_tokenize_request_input_count,http,10.128.5.116:3000,tgis-bam,fmaas-monitoring,bloom,openshift-user-workload-monitoring/user-workload,tgis-bam,0.0
2024-05-24 20:37:07.276000023,tgi_tokenize_request_input_count,http,10.128.5.116:3000,tgis-bam,fmaas-monitoring,bloom,openshift-user-workload-monitoring/user-workload,tgis-bam,0.0
2024-05-24 20:37:12.276000023,tgi_tokenize_request_input_count,http,10.128.5.116:3000,tgis-bam,fmaas-monitoring,bloom,openshift-user-workload-monitoring/user-workload,tgis-bam,0.0
2024-05-24 20:37:17.276000023,tgi_tokenize_request_input_count,http,10.128.5.116:3000,tgis-bam,fmaas-monitoring,bloom,openshift-user-workload-monitoring/user-workload,tgis-bam,0.0
2024-05-24 20:37:22.276000023,tgi_tokenize_request_input_count,http,10.128.5.116:3000,tgis-bam,fmaas-monitoring,bloom,openshift-user-workload-monitoring/user-workload,tgis-bam,0.0
2024-05-24 20:37:27.276000023,tgi_tokenize_request_input_count,http,10.128.5.116:3000,tgis-bam,fmaas-monitoring,bloom,openshift-user-workload-monitoring/user-workload,tgis-bam,0.0
2024-05-24 20:37:32.276000023,tgi_tokenize_request_input_count,http,10.128.5.116:3000,tgis-bam,fmaas-monitoring,bloom,openshift-user-workload-monitoring/user-workload,tgis-bam,0.0
2024-05-24 20:37:37.276000023,tgi_tokenize_request_input_count,http,10.128.5.116:3000,tgis-bam,fmaas-monitoring,bloom,openshift-user-workload-monitoring/user-workload,tgis-bam,0.0
2024-05-24 20:37:42.276000023,tgi_tokenize_request_input_count,http,10.128.5.116:3000,tgis-bam,fmaas-monitoring,bloom,openshift-user-workload-monitoring/user-workload,tgis-bam,0.0
2024-05-24 20:37:47.289000034,tgi_tokenize_request_input_count,http,10.128.5.116:3000,tgis-bam,fmaas-monitoring,bloom,openshift-user-workload-monitoring/user-workload,tgis-bam,0.0
2024-05-24 20:37:52.276000023,tgi_tokenize_request_input_count,http,10.128.5.116:3000,tgis-bam,fmaas-monitoring,bloom,openshift-user-workload-monitoring/user-workload,tgis-bam,0.0
2024-05-24 20:37:57.276000023,tgi_tokenize_request_input_count,http,10.128.5.116:3000,tgis-bam,fmaas-monitoring,bloom,openshift-user-workload-monitoring/user-workload,tgis-bam,0.0
2024-05-24 20:38:02.276000023,tgi_tokenize_request_input_count,http,10.128.5.116:3000,tgis-bam,fmaas-monitoring,bloom,openshift-user-workload-monitoring/user-workload,tgis-bam,0.0
2024-05-24 20:38:07.276000023,tgi_tokenize_request_input_count,http,10.128.5.116:3000,tgis-bam,fmaas-monitoring,bloom,openshift-user-workload-monitoring/user-workload,tgis-bam,0.0
2024-05-24 20:38:12.276000023,tgi_tokenize_request_input_count,http,10.128.5.116:3000,tgis-bam,fmaas-monitoring,bloom,openshift-user-workload-monitoring/user-workload,tgis-bam,0.0
2024-05-24 20:38:17.276000023,tgi_tokenize_request_input_count,http,10.128.5.116:3000,tgis-bam,fmaas-monitoring,bloom,openshift-user-workload-monitoring/user-workload,tgis-bam,0.0
2024-05-24 20:38:22.276000023,tgi_tokenize_request_input_count,http,10.128.5.116:3000,tgis-bam,fmaas-monitoring,bloom,openshift-user-workload-monitoring/user-workload,tgis-bam,0.0
2024-05-24 20:38:27.276000023,tgi_tokenize_request_input_count,http,10.128.5.116:3000,tgis-bam,fmaas-monitoring,bloom,openshift-user-workload-monitoring/user-workload,tgis-bam,0.0
2024-05-24 20:38:32.288000107,tgi_tokenize_request_input_count,http,10.128.5.116:3000,tgis-bam,fmaas-monitoring,bloom,openshift-user-workload-monitoring/user-workload,tgis-bam,0.0
2024-05-24 20:38:37.276000023,tgi_tokenize_request_input_count,http,10.128.5.116:3000,tgis-bam,fmaas-monitoring,bloom,openshift-user-workload-monitoring/user-workload,tgis-bam,0.0
2024-05-24 20:38:42.276000023,tgi_tokenize_request_input_count,http,10.128.5.116:3000,tgis-bam,fmaas-monitoring,bloom,openshift-user-workload-monitoring/user-workload,tgis-bam,0.0
2024-05-24 20:38:47.276000023,tgi_tokenize_request_input_count,http,10.128.5.116:3000,tgis-bam,fmaas-monitoring,bloom,openshift-user-workload-monitoring/user-workload,tgis-bam,0.0
2024-05-24 20:38:52.276000023,tgi_tokenize_request_input_count,http,10.128.5.116:3000,tgis-bam,fmaas-monitoring,bloom,openshift-user-workload-monitoring/user-workload,tgis-bam,0.0
2024-05-24 20:38:57.276000023,tgi_tokenize_request_input_count,http,10.128.5.116:3000,tgis-bam,fmaas-monitoring,bloom,openshift-user-workload-monitoring/user-workload,tgis-bam,0.0
2024-05-24 20:39:02.276000023,tgi_tokenize_request_input_count,http,10.128.5.116:3000,tgis-bam,fmaas-monitoring,bloom,openshift-user-workload-monitoring/user-workload,tgis-bam,0.0
2024-05-24 20:39:07.276000023,tgi_tokenize_request_input_count,http,10.128.5.116:3000,tgis-bam,fmaas-monitoring,bloom,openshift-user-workload-monitoring/user-workload,tgis-bam,0.0
2024-05-24 20:39:12.276000023,tgi_tokenize_request_input_count,http,10.128.5.116:3000,tgis-bam,fmaas-monitoring,bloom,openshift-user-workload-monitoring/user-workload,tgis-bam,0.0
2024-05-24 20:39:17.276000023,tgi_tokenize_request_input_count,http,10.128.5.116:3000,tgis-bam,fmaas-monitoring,bloom,openshift-user-workload-monitoring/user-workload,tgis-bam,0.0
2024-05-24 20:39:22.276000023,tgi_tokenize_request_input_count,http,10.128.5.116:3000,tgis-bam,fmaas-monitoring,bloom,openshift-user-workload-monitoring/user-workload,tgis-bam,0.0
2024-05-24 20:39:27.276000023,tgi_tokenize_request_input_count,http,10.128.5.116:3000,tgis-bam,fmaas-monitoring,bloom,openshift-user-workload-monitoring/user-workload,tgis-bam,0.0
2024-05-24 20:39:32.276000023,tgi_tokenize_request_input_count,http,10.128.5.116:3000,tgis-bam,fmaas-monitoring,bloom,openshift-user-workload-monitoring/user-workload,tgis-bam,0.0
2024-05-24 20:39:37.276000023,tgi_tokenize_request_input_count,http,10.128.5.116:3000,tgis-bam,fmaas-monitoring,bloom,openshift-user-workload-monitoring/user-workload,tgis-bam,0.0
2024-05-24 20:39:42.276000023,tgi_tokenize_request_input_count,http,10.128.5.116:3000,tgis-bam,fmaas-monitoring,bloom,openshift-user-workload-monitoring/user-workload,tgis-bam,0.0
2024-05-24 20:39:47.276000023,tgi_tokenize_request_input_count,http,10.128.5.116:3000,tgis-bam,fmaas-monitoring,bloom,openshift-user-workload-monitoring/user-workload,tgis-bam,0.0
2024-05-24 20:39:52.276000023,tgi_tokenize_request_input_count,http,10.128.5.116:3000,tgis-bam,fmaas-monitoring,bloom,openshift-user-workload-monitoring/user-workload,tgis-bam,0.0
2024-05-24 20:39:57.276000023,tgi_tokenize_request_input_count,http,10.128.5.116:3000,tgis-bam,fmaas-monitoring,bloom,openshift-user-workload-monitoring/user-workload,tgis-bam,0.0
2024-05-24 20:40:02.276000023,tgi_tokenize_request_input_count,http,10.128.5.116:3000,tgis-bam,fmaas-monitoring,bloom,openshift-user-workload-monitoring/user-workload,tgis-bam,0.0
2024-05-24 20:40:07.276000023,tgi_tokenize_request_input_count,http,10.128.5.116:3000,tgis-bam,fmaas-monitoring,bloom,openshift-user-workload-monitoring/user-workload,tgis-bam,0.0
2024-05-24 20:40:12.276000023,tgi_tokenize_request_input_count,http,10.128.5.116:3000,tgis-bam,fmaas-monitoring,bloom,openshift-user-workload-monitoring/user-workload,tgis-bam,0.0
2024-05-24 20:40:17.276000023,tgi_tokenize_request_input_count,http,10.128.5.116:3000,tgis-bam,fmaas-monitoring,bloom,openshift-user-workload-monitoring/user-workload,tgis-bam,0.0
2024-05-24 20:40:22.276000023,tgi_tokenize_request_input_count,http,10.128.5.116:3000,tgis-bam,fmaas-monitoring,bloom,openshift-user-workload-monitoring/user-workload,tgis-bam,0.0
2024-05-24 20:40:27.276000023,tgi_tokenize_request_input_count,http,10.128.5.116:3000,tgis-bam,fmaas-monitoring,bloom,openshift-user-workload-monitoring/user-workload,tgis-bam,0.0
2024-05-24 20:40:32.276000023,tgi_tokenize_request_input_count,http,10.128.5.116:3000,tgis-bam,fmaas-monitoring,bloom,openshift-user-workload-monitoring/user-workload,tgis-bam,0.0
2024-05-24 20:40:37.276000023,tgi_tokenize_request_input_count,http,10.128.5.116:3000,tgis-bam,fmaas-monitoring,bloom,openshift-user-workload-monitoring/user-workload,tgis-bam,0.0
2024-05-24 20:40:42.276000023,tgi_tokenize_request_input_count,http,10.128.5.116:3000,tgis-bam,fmaas-monitoring,bloom,openshift-user-workload-monitoring/user-workload,tgis-bam,0.0
2024-05-24 20:40:47.276000023,tgi_tokenize_request_input_count,http,10.128.5.116:3000,tgis-bam,fmaas-monitoring,bloom,openshift-user-workload-monitoring/user-workload,tgis-bam,0.0
2024-05-24 20:40:52.276000023,tgi_tokenize_request_input_count,http,10.128.5.116:3000,tgis-bam,fmaas-monitoring,bloom,openshift-user-workload-monitoring/user-workload,tgis-bam,0.0
2024-05-24 20:40:57.276000023,tgi_tokenize_request_input_count,http,10.128.5.116:3000,tgis-bam,fmaas-monitoring,bloom,openshift-user-workload-monitoring/user-workload,tgis-bam,0.0
2024-05-24 20:41:02.276000023,tgi_tokenize_request_input_count,http,10.128.5.116:3000,tgis-bam,fmaas-monitoring,bloom,openshift-user-workload-monitoring/user-workload,tgis-bam,0.0
2024-05-24 20:41:07.276000023,tgi_tokenize_request_input_count,http,10.128.5.116:3000,tgis-bam,fmaas-monitoring,bloom,openshift-user-workload-monitoring/user-workload,tgis-bam,0.0
2024-05-24 20:41:12.276000023,tgi_tokenize_request_input_count,http,10.128.5.116:3000,tgis-bam,fmaas-monitoring,bloom,openshift-user-workload-monitoring/user-workload,tgis-bam,0.0
2024-05-24 20:41:17.276000023,tgi_tokenize_request_input_count,http,10.128.5.116:3000,tgis-bam,fmaas-monitoring,bloom,openshift-user-workload-monitoring/user-workload,tgis-bam,0.0
2024-05-24 20:41:22.276000023,tgi_tokenize_request_input_count,http,10.128.5.116:3000,tgis-bam,fmaas-monitoring,bloom,openshift-user-workload-monitoring/user-workload,tgis-bam,0.0
2024-05-24 20:41:27.276000023,tgi_tokenize_request_input_count,http,10.128.5.116:3000,tgis-bam,fmaas-monitoring,bloom,openshift-user-workload-monitoring/user-workload,tgis-bam,0.0
2024-05-24 20:41:32.276000023,tgi_tokenize_request_input_count,http,10.128.5.116:3000,tgis-bam,fmaas-monitoring,bloom,openshift-user-workload-monitoring/user-workload,tgis-bam,0.0
2024-05-24 20:41:37.276000023,tgi_tokenize_request_input_count,http,10.128.5.116:3000,tgis-bam,fmaas-monitoring,bloom,openshift-user-workload-monitoring/user-workload,tgis-bam,0.0
2024-05-24 20:41:42.276000023,tgi_tokenize_request_input_count,http,10.128.5.116:3000,tgis-bam,fmaas-monitoring,bloom,openshift-user-workload-monitoring/user-workload,tgis-bam,0.0
2024-05-24 20:41:47.276000023,tgi_tokenize_request_input_count,http,10.128.5.116:3000,tgis-bam,fmaas-monitoring,bloom,openshift-user-workload-monitoring/user-workload,tgis-bam,0.0
2024-05-24 20:41:52.276000023,tgi_tokenize_request_input_count,http,10.128.5.116:3000,tgis-bam,fmaas-monitoring,bloom,openshift-user-workload-monitoring/user-workload,tgis-bam,0.0
2024-05-24 20:41:57.276000023,tgi_tokenize_request_input_count,http,10.128.5.116:3000,tgis-bam,fmaas-monitoring,bloom,openshift-user-workload-monitoring/user-workload,tgis-bam,0.0
2024-05-24 20:42:02.276000023,tgi_tokenize_request_input_count,http,10.128.5.116:3000,tgis-bam,fmaas-monitoring,bloom,openshift-user-workload-monitoring/user-workload,tgis-bam,0.0
2024-05-24 20:42:07.276000023,tgi_tokenize_request_input_count,http,10.128.5.116:3000,tgis-bam,fmaas-monitoring,bloom,openshift-user-workload-monitoring/user-workload,tgis-bam,0.0
2024-05-24 20:42:12.276000023,tgi_tokenize_request_input_count,http,10.128.5.116:3000,tgis-bam,fmaas-monitoring,bloom,openshift-user-workload-monitoring/user-workload,tgis-bam,0.0
2024-05-24 20:42:17.276000023,tgi_tokenize_request_input_count,http,10.128.5.116:3000,tgis-bam,fmaas-monitoring,bloom,openshift-user-workload-monitoring/user-workload,tgis-bam,0.0
2024-05-24 20:42:22.276000023,tgi_tokenize_request_input_count,http,10.128.5.116:3000,tgis-bam,fmaas-monitoring,bloom,openshift-user-workload-monitoring/user-workload,tgis-bam,0.0
2024-05-24 20:42:27.276000023,tgi_tokenize_request_input_count,http,10.128.5.116:3000,tgis-bam,fmaas-monitoring,bloom,openshift-user-workload-monitoring/user-workload,tgis-bam,0.0
2024-05-24 20:42:32.276000023,tgi_tokenize_request_input_count,http,10.128.5.116:3000,tgis-bam,fmaas-monitoring,bloom,openshift-user-workload-monitoring/user-workload,tgis-bam,0.0
2024-05-24 20:42:37.276000023,tgi_tokenize_request_input_count,http,10.128.5.116:3000,tgis-bam,fmaas-monitoring,bloom,openshift-user-workload-monitoring/user-workload,tgis-bam,0.0
2024-05-24 20:42:42.276000023,tgi_tokenize_request_input_count,http,10.128.5.116:3000,tgis-bam,fmaas-monitoring,bloom,openshift-user-workload-monitoring/user-workload,tgis-bam,0.0
2024-05-24 20:42:47.276000023,tgi_tokenize_request_input_count,http,10.128.5.116:3000,tgis-bam,fmaas-monitoring,bloom,openshift-user-workload-monitoring/user-workload,tgis-bam,0.0
2024-05-24 20:42:52.276000023,tgi_tokenize_request_input_count,http,10.128.5.116:3000,tgis-bam,fmaas-monitoring,bloom,openshift-user-workload-monitoring/user-workload,tgis-bam,0.0
2024-05-24 20:42:57.276000023,tgi_tokenize_request_input_count,http,10.128.5.116:3000,tgis-bam,fmaas-monitoring,bloom,openshift-user-workload-monitoring/user-workload,tgis-bam,0.0
2024-05-24 20:43:02.276000023,tgi_tokenize_request_input_count,http,10.128.5.116:3000,tgis-bam,fmaas-monitoring,bloom,openshift-user-workload-monitoring/user-workload,tgis-bam,0.0
2024-05-24 20:43:07.276000023,tgi_tokenize_request_input_count,http,10.128.5.116:3000,tgis-bam,fmaas-monitoring,bloom,openshift-user-workload-monitoring/user-workload,tgis-bam,0.0
2024-05-24 20:43:12.276000023,tgi_tokenize_request_input_count,http,10.128.5.116:3000,tgis-bam,fmaas-monitoring,bloom,openshift-user-workload-monitoring/user-workload,tgis-bam,0.0
2024-05-24 20:43:17.276000023,tgi_tokenize_request_input_count,http,10.128.5.116:3000,tgis-bam,fmaas-monitoring,bloom,openshift-user-workload-monitoring/user-workload,tgis-bam,0.0
2024-05-24 20:43:22.282999992,tgi_tokenize_request_input_count,http,10.128.5.116:3000,tgis-bam,fmaas-monitoring,bloom,openshift-user-workload-monitoring/user-workload,tgis-bam,0.0
2024-05-24 20:43:27.276000023,tgi_tokenize_request_input_count,http,10.128.5.116:3000,tgis-bam,fmaas-monitoring,bloom,openshift-user-workload-monitoring/user-workload,tgis-bam,0.0
2024-05-24 20:43:32.276000023,tgi_tokenize_request_input_count,http,10.128.5.116:3000,tgis-bam,fmaas-monitoring,bloom,openshift-user-workload-monitoring/user-workload,tgis-bam,0.0
2024-05-24 20:43:37.276000023,tgi_tokenize_request_input_count,http,10.128.5.116:3000,tgis-bam,fmaas-monitoring,bloom,openshift-user-workload-monitoring/user-workload,tgis-bam,0.0
2024-05-24 20:43:42.276000023,tgi_tokenize_request_input_count,http,10.128.5.116:3000,tgis-bam,fmaas-monitoring,bloom,openshift-user-workload-monitoring/user-workload,tgis-bam,0.0
2024-05-24 20:43:47.276000023,tgi_tokenize_request_input_count,http,10.128.5.116:3000,tgis-bam,fmaas-monitoring,bloom,openshift-user-workload-monitoring/user-workload,tgis-bam,0.0
2024-05-24 20:43:52.276000023,tgi_tokenize_request_input_count,http,10.128.5.116:3000,tgis-bam,fmaas-monitoring,bloom,openshift-user-workload-monitoring/user-workload,tgis-bam,0.0
2024-05-24 20:43:57.276000023,tgi_tokenize_request_input_count,http,10.128.5.116:3000,tgis-bam,fmaas-monitoring,bloom,openshift-user-workload-monitoring/user-workload,tgis-bam,0.0
2024-05-24 20:44:02.276000023,tgi_tokenize_request_input_count,http,10.128.5.116:3000,tgis-bam,fmaas-monitoring,bloom,openshift-user-workload-monitoring/user-workload,tgis-bam,0.0
2024-05-24 20:44:07.276000023,tgi_tokenize_request_input_count,http,10.128.5.116:3000,tgis-bam,fmaas-monitoring,bloom,openshift-user-workload-monitoring/user-workload,tgis-bam,0.0
2024-05-24 20:44:12.276000023,tgi_tokenize_request_input_count,http,10.128.5.116:3000,tgis-bam,fmaas-monitoring,bloom,openshift-user-workload-monitoring/user-workload,tgis-bam,0.0
2024-05-24 20:44:17.276000023,tgi_tokenize_request_input_count,http,10.128.5.116:3000,tgis-bam,fmaas-monitoring,bloom,openshift-user-workload-monitoring/user-workload,tgis-bam,0.0
2024-05-24 20:44:22.276000023,tgi_tokenize_request_input_count,http,10.128.5.116:3000,tgis-bam,fmaas-monitoring,bloom,openshift-user-workload-monitoring/user-workload,tgis-bam,0.0
2024-05-24 20:44:27.276000023,tgi_tokenize_request_input_count,http,10.128.5.116:3000,tgis-bam,fmaas-monitoring,bloom,openshift-user-workload-monitoring/user-workload,tgis-bam,0.0
2024-05-24 20:44:32.276000023,tgi_tokenize_request_input_count,http,10.128.5.116:3000,tgis-bam,fmaas-monitoring,bloom,openshift-user-workload-monitoring/user-workload,tgis-bam,0.0
2024-05-24 20:44:37.276000023,tgi_tokenize_request_input_count,http,10.128.5.116:3000,tgis-bam,fmaas-monitoring,bloom,openshift-user-workload-monitoring/user-workload,tgis-bam,0.0
2024-05-24 20:44:42.276000023,tgi_tokenize_request_input_count,http,10.128.5.116:3000,tgis-bam,fmaas-monitoring,bloom,openshift-user-workload-monitoring/user-workload,tgis-bam,0.0
2024-05-24 20:44:47.276000023,tgi_tokenize_request_input_count,http,10.128.5.116:3000,tgis-bam,fmaas-monitoring,bloom,openshift-user-workload-monitoring/user-workload,tgis-bam,0.0
2024-05-24 20:44:52.276000023,tgi_tokenize_request_input_count,http,10.128.5.116:3000,tgis-bam,fmaas-monitoring,bloom,openshift-user-workload-monitoring/user-workload,tgis-bam,0.0
2024-05-24 20:44:57.276000023,tgi_tokenize_request_input_count,http,10.128.5.116:3000,tgis-bam,fmaas-monitoring,bloom,openshift-user-workload-monitoring/user-workload,tgis-bam,0.0
2024-05-24 20:45:02.276000023,tgi_tokenize_request_input_count,http,10.128.5.116:3000,tgis-bam,fmaas-monitoring,bloom,openshift-user-workload-monitoring/user-workload,tgis-bam,0.0
2024-05-24 20:45:07.276000023,tgi_tokenize_request_input_count,http,10.128.5.116:3000,tgis-bam,fmaas-monitoring,bloom,openshift-user-workload-monitoring/user-workload,tgis-bam,0.0
2024-05-24 20:45:12.276000023,tgi_tokenize_request_input_count,http,10.128.5.116:3000,tgis-bam,fmaas-monitoring,bloom,openshift-user-workload-monitoring/user-workload,tgis-bam,0.0
2024-05-24 20:45:17.276000023,tgi_tokenize_request_input_count,http,10.128.5.116:3000,tgis-bam,fmaas-monitoring,bloom,openshift-user-workload-monitoring/user-workload,tgis-bam,0.0
2024-05-24 20:45:22.276000023,tgi_tokenize_request_input_count,http,10.128.5.116:3000,tgis-bam,fmaas-monitoring,bloom,openshift-user-workload-monitoring/user-workload,tgis-bam,0.0
2024-05-24 20:45:27.276000023,tgi_tokenize_request_input_count,http,10.128.5.116:3000,tgis-bam,fmaas-monitoring,bloom,openshift-user-workload-monitoring/user-workload,tgis-bam,0.0
2024-05-24 20:45:32.276000023,tgi_tokenize_request_input_count,http,10.128.5.116:3000,tgis-bam,fmaas-monitoring,bloom,openshift-user-workload-monitoring/user-workload,tgis-bam,0.0
2024-05-24 20:45:37.276000023,tgi_tokenize_request_input_count,http,10.128.5.116:3000,tgis-bam,fmaas-monitoring,bloom,openshift-user-workload-monitoring/user-workload,tgis-bam,0.0
2024-05-24 20:45:42.276000023,tgi_tokenize_request_input_count,http,10.128.5.116:3000,tgis-bam,fmaas-monitoring,bloom,openshift-user-workload-monitoring/user-workload,tgis-bam,0.0
2024-05-24 20:45:47.276000023,tgi_tokenize_request_input_count,http,10.128.5.116:3000,tgis-bam,fmaas-monitoring,bloom,openshift-user-workload-monitoring/user-workload,tgis-bam,0.0
2024-05-24 20:45:52.276000023,tgi_tokenize_request_input_count,http,10.128.5.116:3000,tgis-bam,fmaas-monitoring,bloom,openshift-user-workload-monitoring/user-workload,tgis-bam,0.0
2024-05-24 20:45:57.276000023,tgi_tokenize_request_input_count,http,10.128.5.116:3000,tgis-bam,fmaas-monitoring,bloom,openshift-user-workload-monitoring/user-workload,tgis-bam,0.0
2024-05-24 20:46:02.276000023,tgi_tokenize_request_input_count,http,10.128.5.116:3000,tgis-bam,fmaas-monitoring,bloom,openshift-user-workload-monitoring/user-workload,tgis-bam,0.0
2024-05-24 20:46:07.276000023,tgi_tokenize_request_input_count,http,10.128.5.116:3000,tgis-bam,fmaas-monitoring,bloom,openshift-user-workload-monitoring/user-workload,tgis-bam,0.0
2024-05-24 20:46:12.276000023,tgi_tokenize_request_input_count,http,10.128.5.116:3000,tgis-bam,fmaas-monitoring,bloom,openshift-user-workload-monitoring/user-workload,tgis-bam,0.0
2024-05-24 20:46:17.276000023,tgi_tokenize_request_input_count,http,10.128.5.116:3000,tgis-bam,fmaas-monitoring,bloom,openshift-user-workload-monitoring/user-workload,tgis-bam,0.0
2024-05-24 20:46:22.276000023,tgi_tokenize_request_input_count,http,10.128.5.116:3000,tgis-bam,fmaas-monitoring,bloom,openshift-user-workload-monitoring/user-workload,tgis-bam,0.0
2024-05-24 20:46:27.276000023,tgi_tokenize_request_input_count,http,10.128.5.116:3000,tgis-bam,fmaas-monitoring,bloom,openshift-user-workload-monitoring/user-workload,tgis-bam,0.0
2024-05-24 20:46:32.276000023,tgi_tokenize_request_input_count,http,10.128.5.116:3000,tgis-bam,fmaas-monitoring,bloom,openshift-user-workload-monitoring/user-workload,tgis-bam,0.0
2024-05-24 20:46:37.276000023,tgi_tokenize_request_input_count,http,10.128.5.116:3000,tgis-bam,fmaas-monitoring,bloom,openshift-user-workload-monitoring/user-workload,tgis-bam,0.0
2024-05-24 20:46:42.276000023,tgi_tokenize_request_input_count,http,10.128.5.116:3000,tgis-bam,fmaas-monitoring,bloom,openshift-user-workload-monitoring/user-workload,tgis-bam,0.0
2024-05-24 20:46:47.276000023,tgi_tokenize_request_input_count,http,10.128.5.116:3000,tgis-bam,fmaas-monitoring,bloom,openshift-user-workload-monitoring/user-workload,tgis-bam,0.0
2024-05-24 20:46:52.276000023,tgi_tokenize_request_input_count,http,10.128.5.116:3000,tgis-bam,fmaas-monitoring,bloom,openshift-user-workload-monitoring/user-workload,tgis-bam,0.0
2024-05-24 20:46:57.276000023,tgi_tokenize_request_input_count,http,10.128.5.116:3000,tgis-bam,fmaas-monitoring,bloom,openshift-user-workload-monitoring/user-workload,tgis-bam,0.0
2024-05-24 20:47:02.276000023,tgi_tokenize_request_input_count,http,10.128.5.116:3000,tgis-bam,fmaas-monitoring,bloom,openshift-user-workload-monitoring/user-workload,tgis-bam,0.0
2024-05-24 20:47:07.276000023,tgi_tokenize_request_input_count,http,10.128.5.116:3000,tgis-bam,fmaas-monitoring,bloom,openshift-user-workload-monitoring/user-workload,tgis-bam,0.0
2024-05-24 20:47:12.276000023,tgi_tokenize_request_input_count,http,10.128.5.116:3000,tgis-bam,fmaas-monitoring,bloom,openshift-user-workload-monitoring/user-workload,tgis-bam,0.0
2024-05-24 20:47:17.276000023,tgi_tokenize_request_input_count,http,10.128.5.116:3000,tgis-bam,fmaas-monitoring,bloom,openshift-user-workload-monitoring/user-workload,tgis-bam,0.0
2024-05-24 20:47:22.276000023,tgi_tokenize_request_input_count,http,10.128.5.116:3000,tgis-bam,fmaas-monitoring,bloom,openshift-user-workload-monitoring/user-workload,tgis-bam,0.0
2024-05-24 20:47:27.276000023,tgi_tokenize_request_input_count,http,10.128.5.116:3000,tgis-bam,fmaas-monitoring,bloom,openshift-user-workload-monitoring/user-workload,tgis-bam,0.0
2024-05-24 20:47:32.276000023,tgi_tokenize_request_input_count,http,10.128.5.116:3000,tgis-bam,fmaas-monitoring,bloom,openshift-user-workload-monitoring/user-workload,tgis-bam,0.0
2024-05-24 20:47:37.276000023,tgi_tokenize_request_input_count,http,10.128.5.116:3000,tgis-bam,fmaas-monitoring,bloom,openshift-user-workload-monitoring/user-workload,tgis-bam,0.0
2024-05-24 20:47:42.276000023,tgi_tokenize_request_input_count,http,10.128.5.116:3000,tgis-bam,fmaas-monitoring,bloom,openshift-user-workload-monitoring/user-workload,tgis-bam,0.0
2024-05-24 20:47:47.276000023,tgi_tokenize_request_input_count,http,10.128.5.116:3000,tgis-bam,fmaas-monitoring,bloom,openshift-user-workload-monitoring/user-workload,tgis-bam,0.0
2024-05-24 20:47:52.276000023,tgi_tokenize_request_input_count,http,10.128.5.116:3000,tgis-bam,fmaas-monitoring,bloom,openshift-user-workload-monitoring/user-workload,tgis-bam,0.0
2024-05-24 20:47:57.276000023,tgi_tokenize_request_input_count,http,10.128.5.116:3000,tgis-bam,fmaas-monitoring,bloom,openshift-user-workload-monitoring/user-workload,tgis-bam,0.0
2024-05-24 20:48:02.276000023,tgi_tokenize_request_input_count,http,10.128.5.116:3000,tgis-bam,fmaas-monitoring,bloom,openshift-user-workload-monitoring/user-workload,tgis-bam,0.0
2024-05-24 20:48:07.276000023,tgi_tokenize_request_input_count,http,10.128.5.116:3000,tgis-bam,fmaas-monitoring,bloom,openshift-user-workload-monitoring/user-workload,tgis-bam,0.0
2024-05-24 20:48:12.276000023,tgi_tokenize_request_input_count,http,10.128.5.116:3000,tgis-bam,fmaas-monitoring,bloom,openshift-user-workload-monitoring/user-workload,tgis-bam,0.0
2024-05-24 20:48:17.276000023,tgi_tokenize_request_input_count,http,10.128.5.116:3000,tgis-bam,fmaas-monitoring,bloom,openshift-user-workload-monitoring/user-workload,tgis-bam,0.0
2024-05-24 20:48:22.276000023,tgi_tokenize_request_input_count,http,10.128.5.116:3000,tgis-bam,fmaas-monitoring,bloom,openshift-user-workload-monitoring/user-workload,tgis-bam,0.0
2024-05-24 20:48:27.276000023,tgi_tokenize_request_input_count,http,10.128.5.116:3000,tgis-bam,fmaas-monitoring,bloom,openshift-user-workload-monitoring/user-workload,tgis-bam,0.0
2024-05-24 20:48:32.276000023,tgi_tokenize_request_input_count,http,10.128.5.116:3000,tgis-bam,fmaas-monitoring,bloom,openshift-user-workload-monitoring/user-workload,tgis-bam,0.0
2024-05-24 20:48:37.276000023,tgi_tokenize_request_input_count,http,10.128.5.116:3000,tgis-bam,fmaas-monitoring,bloom,openshift-user-workload-monitoring/user-workload,tgis-bam,0.0
2024-05-24 20:48:42.279999971,tgi_tokenize_request_input_count,http,10.128.5.116:3000,tgis-bam,fmaas-monitoring,bloom,openshift-user-workload-monitoring/user-workload,tgis-bam,0.0
2024-05-24 20:48:47.276000023,tgi_tokenize_request_input_count,http,10.128.5.116:3000,tgis-bam,fmaas-monitoring,bloom,openshift-user-workload-monitoring/user-workload,tgis-bam,0.0
2024-05-24 20:48:52.276000023,tgi_tokenize_request_input_count,http,10.128.5.116:3000,tgis-bam,fmaas-monitoring,bloom,openshift-user-workload-monitoring/user-workload,tgis-bam,0.0
2024-05-24 20:48:57.276000023,tgi_tokenize_request_input_count,http,10.128.5.116:3000,tgis-bam,fmaas-monitoring,bloom,openshift-user-workload-monitoring/user-workload,tgis-bam,0.0
2024-05-24 20:49:02.276000023,tgi_tokenize_request_input_count,http,10.128.5.116:3000,tgis-bam,fmaas-monitoring,bloom,openshift-user-workload-monitoring/user-workload,tgis-bam,0.0
2024-05-24 20:49:07.276000023,tgi_tokenize_request_input_count,http,10.128.5.116:3000,tgis-bam,fmaas-monitoring,bloom,openshift-user-workload-monitoring/user-workload,tgis-bam,0.0
2024-05-24 20:49:12.276000023,tgi_tokenize_request_input_count,http,10.128.5.116:3000,tgis-bam,fmaas-monitoring,bloom,openshift-user-workload-monitoring/user-workload,tgis-bam,0.0
2024-05-24 20:49:17.276000023,tgi_tokenize_request_input_count,http,10.128.5.116:3000,tgis-bam,fmaas-monitoring,bloom,openshift-user-workload-monitoring/user-workload,tgis-bam,0.0
2024-05-24 20:49:22.276000023,tgi_tokenize_request_input_count,http,10.128.5.116:3000,tgis-bam,fmaas-monitoring,bloom,openshift-user-workload-monitoring/user-workload,tgis-bam,0.0
2024-05-24 20:49:27.276000023,tgi_tokenize_request_input_count,http,10.128.5.116:3000,tgis-bam,fmaas-monitoring,bloom,openshift-user-workload-monitoring/user-workload,tgis-bam,0.0
2024-05-24 20:49:32.276000023,tgi_tokenize_request_input_count,http,10.128.5.116:3000,tgis-bam,fmaas-monitoring,bloom,openshift-user-workload-monitoring/user-workload,tgis-bam,0.0
2024-05-24 20:49:37.276000023,tgi_tokenize_request_input_count,http,10.128.5.116:3000,tgis-bam,fmaas-monitoring,bloom,openshift-user-workload-monitoring/user-workload,tgis-bam,0.0
2024-05-24 20:49:42.276000023,tgi_tokenize_request_input_count,http,10.128.5.116:3000,tgis-bam,fmaas-monitoring,bloom,openshift-user-workload-monitoring/user-workload,tgis-bam,0.0
2024-05-24 20:49:47.276000023,tgi_tokenize_request_input_count,http,10.128.5.116:3000,tgis-bam,fmaas-monitoring,bloom,openshift-user-workload-monitoring/user-workload,tgis-bam,0.0
2024-05-24 20:49:52.276000023,tgi_tokenize_request_input_count,http,10.128.5.116:3000,tgis-bam,fmaas-monitoring,bloom,openshift-user-workload-monitoring/user-workload,tgis-bam,0.0
2024-05-24 20:49:57.276000023,tgi_tokenize_request_input_count,http,10.128.5.116:3000,tgis-bam,fmaas-monitoring,bloom,openshift-user-workload-monitoring/user-workload,tgis-bam,0.0
2024-05-24 20:50:02.276000023,tgi_tokenize_request_input_count,http,10.128.5.116:3000,tgis-bam,fmaas-monitoring,bloom,openshift-user-workload-monitoring/user-workload,tgis-bam,0.0
2024-05-24 20:50:07.276000023,tgi_tokenize_request_input_count,http,10.128.5.116:3000,tgis-bam,fmaas-monitoring,bloom,openshift-user-workload-monitoring/user-workload,tgis-bam,0.0
2024-05-24 20:50:12.276000023,tgi_tokenize_request_input_count,http,10.128.5.116:3000,tgis-bam,fmaas-monitoring,bloom,openshift-user-workload-monitoring/user-workload,tgis-bam,0.0
2024-05-24 20:50:17.276000023,tgi_tokenize_request_input_count,http,10.128.5.116:3000,tgis-bam,fmaas-monitoring,bloom,openshift-user-workload-monitoring/user-workload,tgis-bam,0.0
2024-05-24 20:50:22.276000023,tgi_tokenize_request_input_count,http,10.128.5.116:3000,tgis-bam,fmaas-monitoring,bloom,openshift-user-workload-monitoring/user-workload,tgis-bam,0.0
2024-05-24 20:50:27.276000023,tgi_tokenize_request_input_count,http,10.128.5.116:3000,tgis-bam,fmaas-monitoring,bloom,openshift-user-workload-monitoring/user-workload,tgis-bam,0.0
2024-05-24 20:50:32.276000023,tgi_tokenize_request_input_count,http,10.128.5.116:3000,tgis-bam,fmaas-monitoring,bloom,openshift-user-workload-monitoring/user-workload,tgis-bam,0.0
2024-05-24 20:50:37.276000023,tgi_tokenize_request_input_count,http,10.128.5.116:3000,tgis-bam,fmaas-monitoring,bloom,openshift-user-workload-monitoring/user-workload,tgis-bam,0.0
2024-05-24 20:50:42.276000023,tgi_tokenize_request_input_count,http,10.128.5.116:3000,tgis-bam,fmaas-monitoring,bloom,openshift-user-workload-monitoring/user-workload,tgis-bam,0.0
2024-05-24 20:50:47.276000023,tgi_tokenize_request_input_count,http,10.128.5.116:3000,tgis-bam,fmaas-monitoring,bloom,openshift-user-workload-monitoring/user-workload,tgis-bam,0.0
2024-05-24 20:50:52.276000023,tgi_tokenize_request_input_count,http,10.128.5.116:3000,tgis-bam,fmaas-monitoring,bloom,openshift-user-workload-monitoring/user-workload,tgis-bam,0.0
2024-05-24 20:50:57.276000023,tgi_tokenize_request_input_count,http,10.128.5.116:3000,tgis-bam,fmaas-monitoring,bloom,openshift-user-workload-monitoring/user-workload,tgis-bam,0.0
2024-05-24 20:51:02.279000044,tgi_tokenize_request_input_count,http,10.128.5.116:3000,tgis-bam,fmaas-monitoring,bloom,openshift-user-workload-monitoring/user-workload,tgis-bam,0.0
2024-05-24 20:51:07.276000023,tgi_tokenize_request_input_count,http,10.128.5.116:3000,tgis-bam,fmaas-monitoring,bloom,openshift-user-workload-monitoring/user-workload,tgis-bam,0.0
2024-05-24 20:51:12.276000023,tgi_tokenize_request_input_count,http,10.128.5.116:3000,tgis-bam,fmaas-monitoring,bloom,openshift-user-workload-monitoring/user-workload,tgis-bam,0.0
2024-05-24 20:51:17.276000023,tgi_tokenize_request_input_count,http,10.128.5.116:3000,tgis-bam,fmaas-monitoring,bloom,openshift-user-workload-monitoring/user-workload,tgis-bam,0.0
2024-05-24 20:51:22.276000023,tgi_tokenize_request_input_count,http,10.128.5.116:3000,tgis-bam,fmaas-monitoring,bloom,openshift-user-workload-monitoring/user-workload,tgis-bam,0.0
2024-05-24 20:51:27.276000023,tgi_tokenize_request_input_count,http,10.128.5.116:3000,tgis-bam,fmaas-monitoring,bloom,openshift-user-workload-monitoring/user-workload,tgis-bam,0.0
2024-05-24 20:51:32.276000023,tgi_tokenize_request_input_count,http,10.128.5.116:3000,tgis-bam,fmaas-monitoring,bloom,openshift-user-workload-monitoring/user-workload,tgis-bam,0.0
2024-05-24 20:51:37.276000023,tgi_tokenize_request_input_count,http,10.128.5.116:3000,tgis-bam,fmaas-monitoring,bloom,openshift-user-workload-monitoring/user-workload,tgis-bam,0.0
2024-05-24 20:51:42.276000023,tgi_tokenize_request_input_count,http,10.128.5.116:3000,tgis-bam,fmaas-monitoring,bloom,openshift-user-workload-monitoring/user-workload,tgis-bam,0.0
2024-05-24 20:51:47.276000023,tgi_tokenize_request_input_count,http,10.128.5.116:3000,tgis-bam,fmaas-monitoring,bloom,openshift-user-workload-monitoring/user-workload,tgis-bam,0.0
2024-05-24 20:51:52.276000023,tgi_tokenize_request_input_count,http,10.128.5.116:3000,tgis-bam,fmaas-monitoring,bloom,openshift-user-workload-monitoring/user-workload,tgis-bam,0.0
2024-05-24 20:51:57.276000023,tgi_tokenize_request_input_count,http,10.128.5.116:3000,tgis-bam,fmaas-monitoring,bloom,openshift-user-workload-monitoring/user-workload,tgis-bam,0.0
2024-05-24 20:52:02.276000023,tgi_tokenize_request_input_count,http,10.128.5.116:3000,tgis-bam,fmaas-monitoring,bloom,openshift-user-workload-monitoring/user-workload,tgis-bam,0.0
2024-05-24 20:52:07.276000023,tgi_tokenize_request_input_count,http,10.128.5.116:3000,tgis-bam,fmaas-monitoring,bloom,openshift-user-workload-monitoring/user-workload,tgis-bam,0.0
2024-05-24 20:52:12.276000023,tgi_tokenize_request_input_count,http,10.128.5.116:3000,tgis-bam,fmaas-monitoring,bloom,openshift-user-workload-monitoring/user-workload,tgis-bam,0.0
2024-05-24 20:52:17.276000023,tgi_tokenize_request_input_count,http,10.128.5.116:3000,tgis-bam,fmaas-monitoring,bloom,openshift-user-workload-monitoring/user-workload,tgis-bam,0.0
2024-05-24 20:52:22.276000023,tgi_tokenize_request_input_count,http,10.128.5.116:3000,tgis-bam,fmaas-monitoring,bloom,openshift-user-workload-monitoring/user-workload,tgis-bam,0.0
2024-05-24 20:52:27.276000023,tgi_tokenize_request_input_count,http,10.128.5.116:3000,tgis-bam,fmaas-monitoring,bloom,openshift-user-workload-monitoring/user-workload,tgis-bam,0.0
2024-05-24 20:52:32.276000023,tgi_tokenize_request_input_count,http,10.128.5.116:3000,tgis-bam,fmaas-monitoring,bloom,openshift-user-workload-monitoring/user-workload,tgis-bam,0.0
2024-05-24 20:52:37.276000023,tgi_tokenize_request_input_count,http,10.128.5.116:3000,tgis-bam,fmaas-monitoring,bloom,openshift-user-workload-monitoring/user-workload,tgis-bam,0.0
2024-05-24 20:52:42.276000023,tgi_tokenize_request_input_count,http,10.128.5.116:3000,tgis-bam,fmaas-monitoring,bloom,openshift-user-workload-monitoring/user-workload,tgis-bam,0.0
2024-05-24 20:52:47.276000023,tgi_tokenize_request_input_count,http,10.128.5.116:3000,tgis-bam,fmaas-monitoring,bloom,openshift-user-workload-monitoring/user-workload,tgis-bam,0.0
2024-05-24 20:52:52.276000023,tgi_tokenize_request_input_count,http,10.128.5.116:3000,tgis-bam,fmaas-monitoring,bloom,openshift-user-workload-monitoring/user-workload,tgis-bam,0.0
2024-05-24 20:52:57.276000023,tgi_tokenize_request_input_count,http,10.128.5.116:3000,tgis-bam,fmaas-monitoring,bloom,openshift-user-workload-monitoring/user-workload,tgis-bam,0.0
2024-05-24 20:53:02.276000023,tgi_tokenize_request_input_count,http,10.128.5.116:3000,tgis-bam,fmaas-monitoring,bloom,openshift-user-workload-monitoring/user-workload,tgis-bam,0.0
2024-05-24 20:53:07.280999899,tgi_tokenize_request_input_count,http,10.128.5.116:3000,tgis-bam,fmaas-monitoring,bloom,openshift-user-workload-monitoring/user-workload,tgis-bam,0.0
2024-05-24 20:53:12.276000023,tgi_tokenize_request_input_count,http,10.128.5.116:3000,tgis-bam,fmaas-monitoring,bloom,openshift-user-workload-monitoring/user-workload,tgis-bam,0.0
2024-05-24 20:53:17.276000023,tgi_tokenize_request_input_count,http,10.128.5.116:3000,tgis-bam,fmaas-monitoring,bloom,openshift-user-workload-monitoring/user-workload,tgis-bam,0.0
2024-05-24 20:53:22.276000023,tgi_tokenize_request_input_count,http,10.128.5.116:3000,tgis-bam,fmaas-monitoring,bloom,openshift-user-workload-monitoring/user-workload,tgis-bam,0.0
2024-05-24 20:53:27.276000023,tgi_tokenize_request_input_count,http,10.128.5.116:3000,tgis-bam,fmaas-monitoring,bloom,openshift-user-workload-monitoring/user-workload,tgis-bam,0.0
2024-05-24 20:53:32.276000023,tgi_tokenize_request_input_count,http,10.128.5.116:3000,tgis-bam,fmaas-monitoring,bloom,openshift-user-workload-monitoring/user-workload,tgis-bam,0.0
2024-05-24 20:53:37.276000023,tgi_tokenize_request_input_count,http,10.128.5.116:3000,tgis-bam,fmaas-monitoring,bloom,openshift-user-workload-monitoring/user-workload,tgis-bam,0.0
2024-05-24 20:53:42.276000023,tgi_tokenize_request_input_count,http,10.128.5.116:3000,tgis-bam,fmaas-monitoring,bloom,openshift-user-workload-monitoring/user-workload,tgis-bam,0.0
2024-05-24 20:53:47.282999992,tgi_tokenize_request_input_count,http,10.128.5.116:3000,tgis-bam,fmaas-monitoring,bloom,openshift-user-workload-monitoring/user-workload,tgis-bam,0.0
2024-05-24 20:53:52.276000023,tgi_tokenize_request_input_count,http,10.128.5.116:3000,tgis-bam,fmaas-monitoring,bloom,openshift-user-workload-monitoring/user-workload,tgis-bam,0.0
2024-05-24 20:53:57.276000023,tgi_tokenize_request_input_count,http,10.128.5.116:3000,tgis-bam,fmaas-monitoring,bloom,openshift-user-workload-monitoring/user-workload,tgis-bam,0.0
2024-05-24 20:54:02.276000023,tgi_tokenize_request_input_count,http,10.128.5.116:3000,tgis-bam,fmaas-monitoring,bloom,openshift-user-workload-monitoring/user-workload,tgis-bam,0.0
2024-05-24 20:54:07.276000023,tgi_tokenize_request_input_count,http,10.128.5.116:3000,tgis-bam,fmaas-monitoring,bloom,openshift-user-workload-monitoring/user-workload,tgis-bam,0.0
2024-05-24 20:54:12.276000023,tgi_tokenize_request_input_count,http,10.128.5.116:3000,tgis-bam,fmaas-monitoring,bloom,openshift-user-workload-monitoring/user-workload,tgis-bam,0.0
2024-05-24 20:54:17.276000023,tgi_tokenize_request_input_count,http,10.128.5.116:3000,tgis-bam,fmaas-monitoring,bloom,openshift-user-workload-monitoring/user-workload,tgis-bam,0.0
2024-05-24 20:54:22.276000023,tgi_tokenize_request_input_count,http,10.128.5.116:3000,tgis-bam,fmaas-monitoring,bloom,openshift-user-workload-monitoring/user-workload,tgis-bam,0.0
2024-05-24 20:54:27.276000023,tgi_tokenize_request_input_count,http,10.128.5.116:3000,tgis-bam,fmaas-monitoring,bloom,openshift-user-workload-monitoring/user-workload,tgis-bam,0.0
2024-05-24 20:54:32.276000023,tgi_tokenize_request_input_count,http,10.128.5.116:3000,tgis-bam,fmaas-monitoring,bloom,openshift-user-workload-monitoring/user-workload,tgis-bam,0.0
2024-05-24 20:54:37.276000023,tgi_tokenize_request_input_count,http,10.128.5.116:3000,tgis-bam,fmaas-monitoring,bloom,openshift-user-workload-monitoring/user-workload,tgis-bam,0.0
2024-05-24 20:54:42.276000023,tgi_tokenize_request_input_count,http,10.128.5.116:3000,tgis-bam,fmaas-monitoring,bloom,openshift-user-workload-monitoring/user-workload,tgis-bam,0.0
2024-05-24 20:54:47.276000023,tgi_tokenize_request_input_count,http,10.128.5.116:3000,tgis-bam,fmaas-monitoring,bloom,openshift-user-workload-monitoring/user-workload,tgis-bam,0.0
2024-05-24 20:54:52.276000023,tgi_tokenize_request_input_count,http,10.128.5.116:3000,tgis-bam,fmaas-monitoring,bloom,openshift-user-workload-monitoring/user-workload,tgis-bam,0.0
2024-05-24 20:54:57.276000023,tgi_tokenize_request_input_count,http,10.128.5.116:3000,tgis-bam,fmaas-monitoring,bloom,openshift-user-workload-monitoring/user-workload,tgis-bam,0.0
2024-05-24 20:55:02.276000023,tgi_tokenize_request_input_count,http,10.128.5.116:3000,tgis-bam,fmaas-monitoring,bloom,openshift-user-workload-monitoring/user-workload,tgis-bam,0.0
2024-05-24 20:55:07.276000023,tgi_tokenize_request_input_count,http,10.128.5.116:3000,tgis-bam,fmaas-monitoring,bloom,openshift-user-workload-monitoring/user-workload,tgis-bam,0.0
2024-05-24 20:55:12.276000023,tgi_tokenize_request_input_count,http,10.128.5.116:3000,tgis-bam,fmaas-monitoring,bloom,openshift-user-workload-monitoring/user-workload,tgis-bam,0.0
2024-05-24 20:55:17.276000023,tgi_tokenize_request_input_count,http,10.128.5.116:3000,tgis-bam,fmaas-monitoring,bloom,openshift-user-workload-monitoring/user-workload,tgis-bam,0.0
2024-05-24 20:55:22.276000023,tgi_tokenize_request_input_count,http,10.128.5.116:3000,tgis-bam,fmaas-monitoring,bloom,openshift-user-workload-monitoring/user-workload,tgis-bam,0.0
2024-05-24 20:55:27.276000023,tgi_tokenize_request_input_count,http,10.128.5.116:3000,tgis-bam,fmaas-monitoring,bloom,openshift-user-workload-monitoring/user-workload,tgis-bam,0.0
2024-05-24 20:55:32.276000023,tgi_tokenize_request_input_count,http,10.128.5.116:3000,tgis-bam,fmaas-monitoring,bloom,openshift-user-workload-monitoring/user-workload,tgis-bam,0.0
2024-05-24 20:55:37.276000023,tgi_tokenize_request_input_count,http,10.128.5.116:3000,tgis-bam,fmaas-monitoring,bloom,openshift-user-workload-monitoring/user-workload,tgis-bam,0.0
