timestamp,DCGM_FI_DEV_BRAND,DCGM_FI_DEV_ECC_INFOROM_VER,DCGM_FI_DEV_INFOROM_IMAGE_VER,DCGM_FI_DEV_OEM_INFOROM_VER,DCGM_FI_DEV_SERIAL,DCGM_FI_DEV_VBIOS_VERSION,DCGM_FI_DRIVER_VERSION,DCGM_FI_NVML_VERSION,Hostname,UUID,__name__,container,device,endpoint,exported_container,exported_namespace,exported_pod,gpu,instance,job,modelName,namespace,pod,prometheus,service,value
2024-05-21 16:18:43.667999983,NVIDIA,6.16,G506.0210.00.03,2.0,1652523001873,92.00.45.00.05,535.104.05,12.535.104.05,fmaas-devstage-backen-9cjgj-worker-a100-il-rdma-3-jx6tm,GPU-005a31d4-76ae-2dd3-af84-3b7039e24835,DCGM_FI_DEV_ROW_REMAP_FAILURE,nvidia-dcgm-exporter,nvidia6,gpu-metrics,text-generation-server,tgis-dev,tee13-70bf-n-f16-shard-flash,6,192.241.129.18:9400,nvidia-dcgm-exporter,NVIDIA A100-SXM4-80GB,nvidia-gpu-operator,nvidia-dcgm-exporter-xq25l,openshift-monitoring/k8s,nvidia-dcgm-exporter,0.0
2024-05-21 16:19:00.772000074,NVIDIA,6.16,G506.0210.00.03,2.0,1652523001873,92.00.45.00.05,535.104.05,12.535.104.05,fmaas-devstage-backen-9cjgj-worker-a100-il-rdma-3-jx6tm,GPU-005a31d4-76ae-2dd3-af84-3b7039e24835,DCGM_FI_DEV_ROW_REMAP_FAILURE,nvidia-dcgm-exporter,nvidia6,gpu-metrics,text-generation-server,tgis-dev,tee13-70bf-n-f16-shard-flash,6,192.241.129.18:9400,nvidia-dcgm-exporter,NVIDIA A100-SXM4-80GB,nvidia-gpu-operator,nvidia-dcgm-exporter-xq25l,openshift-monitoring/k8s,nvidia-dcgm-exporter,0.0
2024-05-21 16:19:30.772000074,NVIDIA,6.16,G506.0210.00.03,2.0,1652523001873,92.00.45.00.05,535.104.05,12.535.104.05,fmaas-devstage-backen-9cjgj-worker-a100-il-rdma-3-jx6tm,GPU-005a31d4-76ae-2dd3-af84-3b7039e24835,DCGM_FI_DEV_ROW_REMAP_FAILURE,nvidia-dcgm-exporter,nvidia6,gpu-metrics,text-generation-server,tgis-dev,tee13-70bf-n-f16-shard-flash,6,192.241.129.18:9400,nvidia-dcgm-exporter,NVIDIA A100-SXM4-80GB,nvidia-gpu-operator,nvidia-dcgm-exporter-xq25l,openshift-monitoring/k8s,nvidia-dcgm-exporter,0.0
2024-05-21 16:20:00.772000074,NVIDIA,6.16,G506.0210.00.03,2.0,1652523001873,92.00.45.00.05,535.104.05,12.535.104.05,fmaas-devstage-backen-9cjgj-worker-a100-il-rdma-3-jx6tm,GPU-005a31d4-76ae-2dd3-af84-3b7039e24835,DCGM_FI_DEV_ROW_REMAP_FAILURE,nvidia-dcgm-exporter,nvidia6,gpu-metrics,text-generation-server,tgis-dev,tee13-70bf-n-f16-shard-flash,6,192.241.129.18:9400,nvidia-dcgm-exporter,NVIDIA A100-SXM4-80GB,nvidia-gpu-operator,nvidia-dcgm-exporter-xq25l,openshift-monitoring/k8s,nvidia-dcgm-exporter,0.0
2024-05-21 16:20:30.772000074,NVIDIA,6.16,G506.0210.00.03,2.0,1652523001873,92.00.45.00.05,535.104.05,12.535.104.05,fmaas-devstage-backen-9cjgj-worker-a100-il-rdma-3-jx6tm,GPU-005a31d4-76ae-2dd3-af84-3b7039e24835,DCGM_FI_DEV_ROW_REMAP_FAILURE,nvidia-dcgm-exporter,nvidia6,gpu-metrics,text-generation-server,tgis-dev,tee13-70bf-n-f16-shard-flash,6,192.241.129.18:9400,nvidia-dcgm-exporter,NVIDIA A100-SXM4-80GB,nvidia-gpu-operator,nvidia-dcgm-exporter-xq25l,openshift-monitoring/k8s,nvidia-dcgm-exporter,0.0
2024-05-21 16:21:00.772000074,NVIDIA,6.16,G506.0210.00.03,2.0,1652523001873,92.00.45.00.05,535.104.05,12.535.104.05,fmaas-devstage-backen-9cjgj-worker-a100-il-rdma-3-jx6tm,GPU-005a31d4-76ae-2dd3-af84-3b7039e24835,DCGM_FI_DEV_ROW_REMAP_FAILURE,nvidia-dcgm-exporter,nvidia6,gpu-metrics,text-generation-server,tgis-dev,tee13-70bf-n-f16-shard-flash,6,192.241.129.18:9400,nvidia-dcgm-exporter,NVIDIA A100-SXM4-80GB,nvidia-gpu-operator,nvidia-dcgm-exporter-xq25l,openshift-monitoring/k8s,nvidia-dcgm-exporter,0.0
2024-05-21 16:21:30.772000074,NVIDIA,6.16,G506.0210.00.03,2.0,1652523001873,92.00.45.00.05,535.104.05,12.535.104.05,fmaas-devstage-backen-9cjgj-worker-a100-il-rdma-3-jx6tm,GPU-005a31d4-76ae-2dd3-af84-3b7039e24835,DCGM_FI_DEV_ROW_REMAP_FAILURE,nvidia-dcgm-exporter,nvidia6,gpu-metrics,text-generation-server,tgis-dev,tee13-70bf-n-f16-shard-flash,6,192.241.129.18:9400,nvidia-dcgm-exporter,NVIDIA A100-SXM4-80GB,nvidia-gpu-operator,nvidia-dcgm-exporter-xq25l,openshift-monitoring/k8s,nvidia-dcgm-exporter,0.0
2024-05-21 16:22:00.772000074,NVIDIA,6.16,G506.0210.00.03,2.0,1652523001873,92.00.45.00.05,535.104.05,12.535.104.05,fmaas-devstage-backen-9cjgj-worker-a100-il-rdma-3-jx6tm,GPU-005a31d4-76ae-2dd3-af84-3b7039e24835,DCGM_FI_DEV_ROW_REMAP_FAILURE,nvidia-dcgm-exporter,nvidia6,gpu-metrics,text-generation-server,tgis-dev,tee13-70bf-n-f16-shard-flash,6,192.241.129.18:9400,nvidia-dcgm-exporter,NVIDIA A100-SXM4-80GB,nvidia-gpu-operator,nvidia-dcgm-exporter-xq25l,openshift-monitoring/k8s,nvidia-dcgm-exporter,0.0
2024-05-21 16:22:30.772000074,NVIDIA,6.16,G506.0210.00.03,2.0,1652523001873,92.00.45.00.05,535.104.05,12.535.104.05,fmaas-devstage-backen-9cjgj-worker-a100-il-rdma-3-jx6tm,GPU-005a31d4-76ae-2dd3-af84-3b7039e24835,DCGM_FI_DEV_ROW_REMAP_FAILURE,nvidia-dcgm-exporter,nvidia6,gpu-metrics,text-generation-server,tgis-dev,tee13-70bf-n-f16-shard-flash,6,192.241.129.18:9400,nvidia-dcgm-exporter,NVIDIA A100-SXM4-80GB,nvidia-gpu-operator,nvidia-dcgm-exporter-xq25l,openshift-monitoring/k8s,nvidia-dcgm-exporter,0.0
2024-05-21 16:23:00.772000074,NVIDIA,6.16,G506.0210.00.03,2.0,1652523001873,92.00.45.00.05,535.104.05,12.535.104.05,fmaas-devstage-backen-9cjgj-worker-a100-il-rdma-3-jx6tm,GPU-005a31d4-76ae-2dd3-af84-3b7039e24835,DCGM_FI_DEV_ROW_REMAP_FAILURE,nvidia-dcgm-exporter,nvidia6,gpu-metrics,text-generation-server,tgis-dev,tee13-70bf-n-f16-shard-flash,6,192.241.129.18:9400,nvidia-dcgm-exporter,NVIDIA A100-SXM4-80GB,nvidia-gpu-operator,nvidia-dcgm-exporter-xq25l,openshift-monitoring/k8s,nvidia-dcgm-exporter,0.0
2024-05-21 16:23:30.772000074,NVIDIA,6.16,G506.0210.00.03,2.0,1652523001873,92.00.45.00.05,535.104.05,12.535.104.05,fmaas-devstage-backen-9cjgj-worker-a100-il-rdma-3-jx6tm,GPU-005a31d4-76ae-2dd3-af84-3b7039e24835,DCGM_FI_DEV_ROW_REMAP_FAILURE,nvidia-dcgm-exporter,nvidia6,gpu-metrics,text-generation-server,tgis-dev,tee13-70bf-n-f16-shard-flash,6,192.241.129.18:9400,nvidia-dcgm-exporter,NVIDIA A100-SXM4-80GB,nvidia-gpu-operator,nvidia-dcgm-exporter-xq25l,openshift-monitoring/k8s,nvidia-dcgm-exporter,0.0
2024-05-21 16:24:00.772000074,NVIDIA,6.16,G506.0210.00.03,2.0,1652523001873,92.00.45.00.05,535.104.05,12.535.104.05,fmaas-devstage-backen-9cjgj-worker-a100-il-rdma-3-jx6tm,GPU-005a31d4-76ae-2dd3-af84-3b7039e24835,DCGM_FI_DEV_ROW_REMAP_FAILURE,nvidia-dcgm-exporter,nvidia6,gpu-metrics,text-generation-server,tgis-dev,tee13-70bf-n-f16-shard-flash,6,192.241.129.18:9400,nvidia-dcgm-exporter,NVIDIA A100-SXM4-80GB,nvidia-gpu-operator,nvidia-dcgm-exporter-xq25l,openshift-monitoring/k8s,nvidia-dcgm-exporter,0.0
2024-05-21 16:24:30.772000074,NVIDIA,6.16,G506.0210.00.03,2.0,1652523001873,92.00.45.00.05,535.104.05,12.535.104.05,fmaas-devstage-backen-9cjgj-worker-a100-il-rdma-3-jx6tm,GPU-005a31d4-76ae-2dd3-af84-3b7039e24835,DCGM_FI_DEV_ROW_REMAP_FAILURE,nvidia-dcgm-exporter,nvidia6,gpu-metrics,text-generation-server,tgis-dev,tee13-70bf-n-f16-shard-flash,6,192.241.129.18:9400,nvidia-dcgm-exporter,NVIDIA A100-SXM4-80GB,nvidia-gpu-operator,nvidia-dcgm-exporter-xq25l,openshift-monitoring/k8s,nvidia-dcgm-exporter,0.0
2024-05-21 16:25:00.772000074,NVIDIA,6.16,G506.0210.00.03,2.0,1652523001873,92.00.45.00.05,535.104.05,12.535.104.05,fmaas-devstage-backen-9cjgj-worker-a100-il-rdma-3-jx6tm,GPU-005a31d4-76ae-2dd3-af84-3b7039e24835,DCGM_FI_DEV_ROW_REMAP_FAILURE,nvidia-dcgm-exporter,nvidia6,gpu-metrics,text-generation-server,tgis-dev,tee13-70bf-n-f16-shard-flash,6,192.241.129.18:9400,nvidia-dcgm-exporter,NVIDIA A100-SXM4-80GB,nvidia-gpu-operator,nvidia-dcgm-exporter-xq25l,openshift-monitoring/k8s,nvidia-dcgm-exporter,0.0
2024-05-21 16:25:30.772000074,NVIDIA,6.16,G506.0210.00.03,2.0,1652523001873,92.00.45.00.05,535.104.05,12.535.104.05,fmaas-devstage-backen-9cjgj-worker-a100-il-rdma-3-jx6tm,GPU-005a31d4-76ae-2dd3-af84-3b7039e24835,DCGM_FI_DEV_ROW_REMAP_FAILURE,nvidia-dcgm-exporter,nvidia6,gpu-metrics,text-generation-server,tgis-dev,tee13-70bf-n-f16-shard-flash,6,192.241.129.18:9400,nvidia-dcgm-exporter,NVIDIA A100-SXM4-80GB,nvidia-gpu-operator,nvidia-dcgm-exporter-xq25l,openshift-monitoring/k8s,nvidia-dcgm-exporter,0.0
2024-05-21 16:15:43.667999983,NVIDIA,6.16,G506.0210.00.03,2.0,1652523001873,92.00.45.00.05,535.104.05,12.535.104.05,fmaas-devstage-backen-9cjgj-worker-a100-il-rdma-3-jx6tm,GPU-005a31d4-76ae-2dd3-af84-3b7039e24835,DCGM_FI_DEV_ROW_REMAP_FAILURE,nvidia-dcgm-exporter,nvidia6,gpu-metrics,,,,6,192.241.129.18:9400,nvidia-dcgm-exporter,NVIDIA A100-SXM4-80GB,nvidia-gpu-operator,nvidia-dcgm-exporter-xq25l,openshift-monitoring/k8s,nvidia-dcgm-exporter,0.0
2024-05-21 16:16:00.772000074,NVIDIA,6.16,G506.0210.00.03,2.0,1652523001873,92.00.45.00.05,535.104.05,12.535.104.05,fmaas-devstage-backen-9cjgj-worker-a100-il-rdma-3-jx6tm,GPU-005a31d4-76ae-2dd3-af84-3b7039e24835,DCGM_FI_DEV_ROW_REMAP_FAILURE,nvidia-dcgm-exporter,nvidia6,gpu-metrics,,,,6,192.241.129.18:9400,nvidia-dcgm-exporter,NVIDIA A100-SXM4-80GB,nvidia-gpu-operator,nvidia-dcgm-exporter-xq25l,openshift-monitoring/k8s,nvidia-dcgm-exporter,0.0
2024-05-21 16:16:30.772000074,NVIDIA,6.16,G506.0210.00.03,2.0,1652523001873,92.00.45.00.05,535.104.05,12.535.104.05,fmaas-devstage-backen-9cjgj-worker-a100-il-rdma-3-jx6tm,GPU-005a31d4-76ae-2dd3-af84-3b7039e24835,DCGM_FI_DEV_ROW_REMAP_FAILURE,nvidia-dcgm-exporter,nvidia6,gpu-metrics,,,,6,192.241.129.18:9400,nvidia-dcgm-exporter,NVIDIA A100-SXM4-80GB,nvidia-gpu-operator,nvidia-dcgm-exporter-xq25l,openshift-monitoring/k8s,nvidia-dcgm-exporter,0.0
2024-05-21 16:17:00.772000074,NVIDIA,6.16,G506.0210.00.03,2.0,1652523001873,92.00.45.00.05,535.104.05,12.535.104.05,fmaas-devstage-backen-9cjgj-worker-a100-il-rdma-3-jx6tm,GPU-005a31d4-76ae-2dd3-af84-3b7039e24835,DCGM_FI_DEV_ROW_REMAP_FAILURE,nvidia-dcgm-exporter,nvidia6,gpu-metrics,,,,6,192.241.129.18:9400,nvidia-dcgm-exporter,NVIDIA A100-SXM4-80GB,nvidia-gpu-operator,nvidia-dcgm-exporter-xq25l,openshift-monitoring/k8s,nvidia-dcgm-exporter,0.0
2024-05-21 16:17:30.772000074,NVIDIA,6.16,G506.0210.00.03,2.0,1652523001873,92.00.45.00.05,535.104.05,12.535.104.05,fmaas-devstage-backen-9cjgj-worker-a100-il-rdma-3-jx6tm,GPU-005a31d4-76ae-2dd3-af84-3b7039e24835,DCGM_FI_DEV_ROW_REMAP_FAILURE,nvidia-dcgm-exporter,nvidia6,gpu-metrics,,,,6,192.241.129.18:9400,nvidia-dcgm-exporter,NVIDIA A100-SXM4-80GB,nvidia-gpu-operator,nvidia-dcgm-exporter-xq25l,openshift-monitoring/k8s,nvidia-dcgm-exporter,0.0
2024-05-21 16:18:00.772000074,NVIDIA,6.16,G506.0210.00.03,2.0,1652523001873,92.00.45.00.05,535.104.05,12.535.104.05,fmaas-devstage-backen-9cjgj-worker-a100-il-rdma-3-jx6tm,GPU-005a31d4-76ae-2dd3-af84-3b7039e24835,DCGM_FI_DEV_ROW_REMAP_FAILURE,nvidia-dcgm-exporter,nvidia6,gpu-metrics,,,,6,192.241.129.18:9400,nvidia-dcgm-exporter,NVIDIA A100-SXM4-80GB,nvidia-gpu-operator,nvidia-dcgm-exporter-xq25l,openshift-monitoring/k8s,nvidia-dcgm-exporter,0.0
2024-05-21 16:18:30.772000074,NVIDIA,6.16,G506.0210.00.03,2.0,1652523001873,92.00.45.00.05,535.104.05,12.535.104.05,fmaas-devstage-backen-9cjgj-worker-a100-il-rdma-3-jx6tm,GPU-005a31d4-76ae-2dd3-af84-3b7039e24835,DCGM_FI_DEV_ROW_REMAP_FAILURE,nvidia-dcgm-exporter,nvidia6,gpu-metrics,,,,6,192.241.129.18:9400,nvidia-dcgm-exporter,NVIDIA A100-SXM4-80GB,nvidia-gpu-operator,nvidia-dcgm-exporter-xq25l,openshift-monitoring/k8s,nvidia-dcgm-exporter,0.0
2024-05-21 16:15:43.667999983,NVIDIA,6.16,G506.0210.00.03,2.0,1652523002864,92.00.45.00.05,535.104.05,12.535.104.05,fmaas-devstage-backen-9cjgj-worker-a100-il-rdma-3-jx6tm,GPU-bd65bd70-5a12-7002-a705-315758f75144,DCGM_FI_DEV_ROW_REMAP_FAILURE,nvidia-dcgm-exporter,nvidia7,gpu-metrics,caikit-runtime,fmaas-tuning,devstage-cais-bcbf7c8fb-pxhmp,7,192.241.129.18:9400,nvidia-dcgm-exporter,NVIDIA A100-SXM4-80GB,nvidia-gpu-operator,nvidia-dcgm-exporter-xq25l,openshift-monitoring/k8s,nvidia-dcgm-exporter,0.0
2024-05-21 16:16:00.772000074,NVIDIA,6.16,G506.0210.00.03,2.0,1652523002864,92.00.45.00.05,535.104.05,12.535.104.05,fmaas-devstage-backen-9cjgj-worker-a100-il-rdma-3-jx6tm,GPU-bd65bd70-5a12-7002-a705-315758f75144,DCGM_FI_DEV_ROW_REMAP_FAILURE,nvidia-dcgm-exporter,nvidia7,gpu-metrics,caikit-runtime,fmaas-tuning,devstage-cais-bcbf7c8fb-pxhmp,7,192.241.129.18:9400,nvidia-dcgm-exporter,NVIDIA A100-SXM4-80GB,nvidia-gpu-operator,nvidia-dcgm-exporter-xq25l,openshift-monitoring/k8s,nvidia-dcgm-exporter,0.0
2024-05-21 16:16:30.772000074,NVIDIA,6.16,G506.0210.00.03,2.0,1652523002864,92.00.45.00.05,535.104.05,12.535.104.05,fmaas-devstage-backen-9cjgj-worker-a100-il-rdma-3-jx6tm,GPU-bd65bd70-5a12-7002-a705-315758f75144,DCGM_FI_DEV_ROW_REMAP_FAILURE,nvidia-dcgm-exporter,nvidia7,gpu-metrics,caikit-runtime,fmaas-tuning,devstage-cais-bcbf7c8fb-pxhmp,7,192.241.129.18:9400,nvidia-dcgm-exporter,NVIDIA A100-SXM4-80GB,nvidia-gpu-operator,nvidia-dcgm-exporter-xq25l,openshift-monitoring/k8s,nvidia-dcgm-exporter,0.0
2024-05-21 16:17:00.772000074,NVIDIA,6.16,G506.0210.00.03,2.0,1652523002864,92.00.45.00.05,535.104.05,12.535.104.05,fmaas-devstage-backen-9cjgj-worker-a100-il-rdma-3-jx6tm,GPU-bd65bd70-5a12-7002-a705-315758f75144,DCGM_FI_DEV_ROW_REMAP_FAILURE,nvidia-dcgm-exporter,nvidia7,gpu-metrics,caikit-runtime,fmaas-tuning,devstage-cais-bcbf7c8fb-pxhmp,7,192.241.129.18:9400,nvidia-dcgm-exporter,NVIDIA A100-SXM4-80GB,nvidia-gpu-operator,nvidia-dcgm-exporter-xq25l,openshift-monitoring/k8s,nvidia-dcgm-exporter,0.0
2024-05-21 16:17:30.772000074,NVIDIA,6.16,G506.0210.00.03,2.0,1652523002864,92.00.45.00.05,535.104.05,12.535.104.05,fmaas-devstage-backen-9cjgj-worker-a100-il-rdma-3-jx6tm,GPU-bd65bd70-5a12-7002-a705-315758f75144,DCGM_FI_DEV_ROW_REMAP_FAILURE,nvidia-dcgm-exporter,nvidia7,gpu-metrics,caikit-runtime,fmaas-tuning,devstage-cais-bcbf7c8fb-pxhmp,7,192.241.129.18:9400,nvidia-dcgm-exporter,NVIDIA A100-SXM4-80GB,nvidia-gpu-operator,nvidia-dcgm-exporter-xq25l,openshift-monitoring/k8s,nvidia-dcgm-exporter,0.0
2024-05-21 16:18:00.772000074,NVIDIA,6.16,G506.0210.00.03,2.0,1652523002864,92.00.45.00.05,535.104.05,12.535.104.05,fmaas-devstage-backen-9cjgj-worker-a100-il-rdma-3-jx6tm,GPU-bd65bd70-5a12-7002-a705-315758f75144,DCGM_FI_DEV_ROW_REMAP_FAILURE,nvidia-dcgm-exporter,nvidia7,gpu-metrics,caikit-runtime,fmaas-tuning,devstage-cais-bcbf7c8fb-pxhmp,7,192.241.129.18:9400,nvidia-dcgm-exporter,NVIDIA A100-SXM4-80GB,nvidia-gpu-operator,nvidia-dcgm-exporter-xq25l,openshift-monitoring/k8s,nvidia-dcgm-exporter,0.0
2024-05-21 16:18:30.772000074,NVIDIA,6.16,G506.0210.00.03,2.0,1652523002864,92.00.45.00.05,535.104.05,12.535.104.05,fmaas-devstage-backen-9cjgj-worker-a100-il-rdma-3-jx6tm,GPU-bd65bd70-5a12-7002-a705-315758f75144,DCGM_FI_DEV_ROW_REMAP_FAILURE,nvidia-dcgm-exporter,nvidia7,gpu-metrics,caikit-runtime,fmaas-tuning,devstage-cais-bcbf7c8fb-pxhmp,7,192.241.129.18:9400,nvidia-dcgm-exporter,NVIDIA A100-SXM4-80GB,nvidia-gpu-operator,nvidia-dcgm-exporter-xq25l,openshift-monitoring/k8s,nvidia-dcgm-exporter,0.0
2024-05-21 16:19:00.772000074,NVIDIA,6.16,G506.0210.00.03,2.0,1652523002864,92.00.45.00.05,535.104.05,12.535.104.05,fmaas-devstage-backen-9cjgj-worker-a100-il-rdma-3-jx6tm,GPU-bd65bd70-5a12-7002-a705-315758f75144,DCGM_FI_DEV_ROW_REMAP_FAILURE,nvidia-dcgm-exporter,nvidia7,gpu-metrics,caikit-runtime,fmaas-tuning,devstage-cais-bcbf7c8fb-pxhmp,7,192.241.129.18:9400,nvidia-dcgm-exporter,NVIDIA A100-SXM4-80GB,nvidia-gpu-operator,nvidia-dcgm-exporter-xq25l,openshift-monitoring/k8s,nvidia-dcgm-exporter,0.0
2024-05-21 16:19:30.772000074,NVIDIA,6.16,G506.0210.00.03,2.0,1652523002864,92.00.45.00.05,535.104.05,12.535.104.05,fmaas-devstage-backen-9cjgj-worker-a100-il-rdma-3-jx6tm,GPU-bd65bd70-5a12-7002-a705-315758f75144,DCGM_FI_DEV_ROW_REMAP_FAILURE,nvidia-dcgm-exporter,nvidia7,gpu-metrics,caikit-runtime,fmaas-tuning,devstage-cais-bcbf7c8fb-pxhmp,7,192.241.129.18:9400,nvidia-dcgm-exporter,NVIDIA A100-SXM4-80GB,nvidia-gpu-operator,nvidia-dcgm-exporter-xq25l,openshift-monitoring/k8s,nvidia-dcgm-exporter,0.0
2024-05-21 16:20:00.772000074,NVIDIA,6.16,G506.0210.00.03,2.0,1652523002864,92.00.45.00.05,535.104.05,12.535.104.05,fmaas-devstage-backen-9cjgj-worker-a100-il-rdma-3-jx6tm,GPU-bd65bd70-5a12-7002-a705-315758f75144,DCGM_FI_DEV_ROW_REMAP_FAILURE,nvidia-dcgm-exporter,nvidia7,gpu-metrics,caikit-runtime,fmaas-tuning,devstage-cais-bcbf7c8fb-pxhmp,7,192.241.129.18:9400,nvidia-dcgm-exporter,NVIDIA A100-SXM4-80GB,nvidia-gpu-operator,nvidia-dcgm-exporter-xq25l,openshift-monitoring/k8s,nvidia-dcgm-exporter,0.0
2024-05-21 16:20:30.772000074,NVIDIA,6.16,G506.0210.00.03,2.0,1652523002864,92.00.45.00.05,535.104.05,12.535.104.05,fmaas-devstage-backen-9cjgj-worker-a100-il-rdma-3-jx6tm,GPU-bd65bd70-5a12-7002-a705-315758f75144,DCGM_FI_DEV_ROW_REMAP_FAILURE,nvidia-dcgm-exporter,nvidia7,gpu-metrics,caikit-runtime,fmaas-tuning,devstage-cais-bcbf7c8fb-pxhmp,7,192.241.129.18:9400,nvidia-dcgm-exporter,NVIDIA A100-SXM4-80GB,nvidia-gpu-operator,nvidia-dcgm-exporter-xq25l,openshift-monitoring/k8s,nvidia-dcgm-exporter,0.0
2024-05-21 16:21:00.772000074,NVIDIA,6.16,G506.0210.00.03,2.0,1652523002864,92.00.45.00.05,535.104.05,12.535.104.05,fmaas-devstage-backen-9cjgj-worker-a100-il-rdma-3-jx6tm,GPU-bd65bd70-5a12-7002-a705-315758f75144,DCGM_FI_DEV_ROW_REMAP_FAILURE,nvidia-dcgm-exporter,nvidia7,gpu-metrics,caikit-runtime,fmaas-tuning,devstage-cais-bcbf7c8fb-pxhmp,7,192.241.129.18:9400,nvidia-dcgm-exporter,NVIDIA A100-SXM4-80GB,nvidia-gpu-operator,nvidia-dcgm-exporter-xq25l,openshift-monitoring/k8s,nvidia-dcgm-exporter,0.0
2024-05-21 16:21:30.772000074,NVIDIA,6.16,G506.0210.00.03,2.0,1652523002864,92.00.45.00.05,535.104.05,12.535.104.05,fmaas-devstage-backen-9cjgj-worker-a100-il-rdma-3-jx6tm,GPU-bd65bd70-5a12-7002-a705-315758f75144,DCGM_FI_DEV_ROW_REMAP_FAILURE,nvidia-dcgm-exporter,nvidia7,gpu-metrics,caikit-runtime,fmaas-tuning,devstage-cais-bcbf7c8fb-pxhmp,7,192.241.129.18:9400,nvidia-dcgm-exporter,NVIDIA A100-SXM4-80GB,nvidia-gpu-operator,nvidia-dcgm-exporter-xq25l,openshift-monitoring/k8s,nvidia-dcgm-exporter,0.0
2024-05-21 16:22:00.772000074,NVIDIA,6.16,G506.0210.00.03,2.0,1652523002864,92.00.45.00.05,535.104.05,12.535.104.05,fmaas-devstage-backen-9cjgj-worker-a100-il-rdma-3-jx6tm,GPU-bd65bd70-5a12-7002-a705-315758f75144,DCGM_FI_DEV_ROW_REMAP_FAILURE,nvidia-dcgm-exporter,nvidia7,gpu-metrics,caikit-runtime,fmaas-tuning,devstage-cais-bcbf7c8fb-pxhmp,7,192.241.129.18:9400,nvidia-dcgm-exporter,NVIDIA A100-SXM4-80GB,nvidia-gpu-operator,nvidia-dcgm-exporter-xq25l,openshift-monitoring/k8s,nvidia-dcgm-exporter,0.0
2024-05-21 16:22:30.772000074,NVIDIA,6.16,G506.0210.00.03,2.0,1652523002864,92.00.45.00.05,535.104.05,12.535.104.05,fmaas-devstage-backen-9cjgj-worker-a100-il-rdma-3-jx6tm,GPU-bd65bd70-5a12-7002-a705-315758f75144,DCGM_FI_DEV_ROW_REMAP_FAILURE,nvidia-dcgm-exporter,nvidia7,gpu-metrics,caikit-runtime,fmaas-tuning,devstage-cais-bcbf7c8fb-pxhmp,7,192.241.129.18:9400,nvidia-dcgm-exporter,NVIDIA A100-SXM4-80GB,nvidia-gpu-operator,nvidia-dcgm-exporter-xq25l,openshift-monitoring/k8s,nvidia-dcgm-exporter,0.0
2024-05-21 16:23:00.772000074,NVIDIA,6.16,G506.0210.00.03,2.0,1652523002864,92.00.45.00.05,535.104.05,12.535.104.05,fmaas-devstage-backen-9cjgj-worker-a100-il-rdma-3-jx6tm,GPU-bd65bd70-5a12-7002-a705-315758f75144,DCGM_FI_DEV_ROW_REMAP_FAILURE,nvidia-dcgm-exporter,nvidia7,gpu-metrics,caikit-runtime,fmaas-tuning,devstage-cais-bcbf7c8fb-pxhmp,7,192.241.129.18:9400,nvidia-dcgm-exporter,NVIDIA A100-SXM4-80GB,nvidia-gpu-operator,nvidia-dcgm-exporter-xq25l,openshift-monitoring/k8s,nvidia-dcgm-exporter,0.0
2024-05-21 16:23:30.772000074,NVIDIA,6.16,G506.0210.00.03,2.0,1652523002864,92.00.45.00.05,535.104.05,12.535.104.05,fmaas-devstage-backen-9cjgj-worker-a100-il-rdma-3-jx6tm,GPU-bd65bd70-5a12-7002-a705-315758f75144,DCGM_FI_DEV_ROW_REMAP_FAILURE,nvidia-dcgm-exporter,nvidia7,gpu-metrics,caikit-runtime,fmaas-tuning,devstage-cais-bcbf7c8fb-pxhmp,7,192.241.129.18:9400,nvidia-dcgm-exporter,NVIDIA A100-SXM4-80GB,nvidia-gpu-operator,nvidia-dcgm-exporter-xq25l,openshift-monitoring/k8s,nvidia-dcgm-exporter,0.0
2024-05-21 16:24:00.772000074,NVIDIA,6.16,G506.0210.00.03,2.0,1652523002864,92.00.45.00.05,535.104.05,12.535.104.05,fmaas-devstage-backen-9cjgj-worker-a100-il-rdma-3-jx6tm,GPU-bd65bd70-5a12-7002-a705-315758f75144,DCGM_FI_DEV_ROW_REMAP_FAILURE,nvidia-dcgm-exporter,nvidia7,gpu-metrics,caikit-runtime,fmaas-tuning,devstage-cais-bcbf7c8fb-pxhmp,7,192.241.129.18:9400,nvidia-dcgm-exporter,NVIDIA A100-SXM4-80GB,nvidia-gpu-operator,nvidia-dcgm-exporter-xq25l,openshift-monitoring/k8s,nvidia-dcgm-exporter,0.0
2024-05-21 16:24:30.772000074,NVIDIA,6.16,G506.0210.00.03,2.0,1652523002864,92.00.45.00.05,535.104.05,12.535.104.05,fmaas-devstage-backen-9cjgj-worker-a100-il-rdma-3-jx6tm,GPU-bd65bd70-5a12-7002-a705-315758f75144,DCGM_FI_DEV_ROW_REMAP_FAILURE,nvidia-dcgm-exporter,nvidia7,gpu-metrics,caikit-runtime,fmaas-tuning,devstage-cais-bcbf7c8fb-pxhmp,7,192.241.129.18:9400,nvidia-dcgm-exporter,NVIDIA A100-SXM4-80GB,nvidia-gpu-operator,nvidia-dcgm-exporter-xq25l,openshift-monitoring/k8s,nvidia-dcgm-exporter,0.0
2024-05-21 16:25:00.772000074,NVIDIA,6.16,G506.0210.00.03,2.0,1652523002864,92.00.45.00.05,535.104.05,12.535.104.05,fmaas-devstage-backen-9cjgj-worker-a100-il-rdma-3-jx6tm,GPU-bd65bd70-5a12-7002-a705-315758f75144,DCGM_FI_DEV_ROW_REMAP_FAILURE,nvidia-dcgm-exporter,nvidia7,gpu-metrics,caikit-runtime,fmaas-tuning,devstage-cais-bcbf7c8fb-pxhmp,7,192.241.129.18:9400,nvidia-dcgm-exporter,NVIDIA A100-SXM4-80GB,nvidia-gpu-operator,nvidia-dcgm-exporter-xq25l,openshift-monitoring/k8s,nvidia-dcgm-exporter,0.0
2024-05-21 16:25:30.772000074,NVIDIA,6.16,G506.0210.00.03,2.0,1652523002864,92.00.45.00.05,535.104.05,12.535.104.05,fmaas-devstage-backen-9cjgj-worker-a100-il-rdma-3-jx6tm,GPU-bd65bd70-5a12-7002-a705-315758f75144,DCGM_FI_DEV_ROW_REMAP_FAILURE,nvidia-dcgm-exporter,nvidia7,gpu-metrics,caikit-runtime,fmaas-tuning,devstage-cais-bcbf7c8fb-pxhmp,7,192.241.129.18:9400,nvidia-dcgm-exporter,NVIDIA A100-SXM4-80GB,nvidia-gpu-operator,nvidia-dcgm-exporter-xq25l,openshift-monitoring/k8s,nvidia-dcgm-exporter,0.0
2024-05-21 16:24:13.667999983,NVIDIA,6.16,G506.0210.00.03,2.0,1652523003950,92.00.45.00.05,535.104.05,12.535.104.05,fmaas-devstage-backen-9cjgj-worker-a100-il-rdma-3-jx6tm,GPU-ed198df6-90a8-c0bf-17bb-f1171d39c5dd,DCGM_FI_DEV_ROW_REMAP_FAILURE,nvidia-dcgm-exporter,nvidia1,gpu-metrics,text-generation-server,tgis-dev,tee13-flant5xl-t-f16,1,192.241.129.18:9400,nvidia-dcgm-exporter,NVIDIA A100-SXM4-80GB,nvidia-gpu-operator,nvidia-dcgm-exporter-xq25l,openshift-monitoring/k8s,nvidia-dcgm-exporter,0.0
2024-05-21 16:24:30.772000074,NVIDIA,6.16,G506.0210.00.03,2.0,1652523003950,92.00.45.00.05,535.104.05,12.535.104.05,fmaas-devstage-backen-9cjgj-worker-a100-il-rdma-3-jx6tm,GPU-ed198df6-90a8-c0bf-17bb-f1171d39c5dd,DCGM_FI_DEV_ROW_REMAP_FAILURE,nvidia-dcgm-exporter,nvidia1,gpu-metrics,text-generation-server,tgis-dev,tee13-flant5xl-t-f16,1,192.241.129.18:9400,nvidia-dcgm-exporter,NVIDIA A100-SXM4-80GB,nvidia-gpu-operator,nvidia-dcgm-exporter-xq25l,openshift-monitoring/k8s,nvidia-dcgm-exporter,0.0
2024-05-21 16:25:00.772000074,NVIDIA,6.16,G506.0210.00.03,2.0,1652523003950,92.00.45.00.05,535.104.05,12.535.104.05,fmaas-devstage-backen-9cjgj-worker-a100-il-rdma-3-jx6tm,GPU-ed198df6-90a8-c0bf-17bb-f1171d39c5dd,DCGM_FI_DEV_ROW_REMAP_FAILURE,nvidia-dcgm-exporter,nvidia1,gpu-metrics,text-generation-server,tgis-dev,tee13-flant5xl-t-f16,1,192.241.129.18:9400,nvidia-dcgm-exporter,NVIDIA A100-SXM4-80GB,nvidia-gpu-operator,nvidia-dcgm-exporter-xq25l,openshift-monitoring/k8s,nvidia-dcgm-exporter,0.0
2024-05-21 16:25:30.772000074,NVIDIA,6.16,G506.0210.00.03,2.0,1652523003950,92.00.45.00.05,535.104.05,12.535.104.05,fmaas-devstage-backen-9cjgj-worker-a100-il-rdma-3-jx6tm,GPU-ed198df6-90a8-c0bf-17bb-f1171d39c5dd,DCGM_FI_DEV_ROW_REMAP_FAILURE,nvidia-dcgm-exporter,nvidia1,gpu-metrics,text-generation-server,tgis-dev,tee13-flant5xl-t-f16,1,192.241.129.18:9400,nvidia-dcgm-exporter,NVIDIA A100-SXM4-80GB,nvidia-gpu-operator,nvidia-dcgm-exporter-xq25l,openshift-monitoring/k8s,nvidia-dcgm-exporter,0.0
2024-05-21 16:15:43.667999983,NVIDIA,6.16,G506.0210.00.03,2.0,1652523003950,92.00.45.00.05,535.104.05,12.535.104.05,fmaas-devstage-backen-9cjgj-worker-a100-il-rdma-3-jx6tm,GPU-ed198df6-90a8-c0bf-17bb-f1171d39c5dd,DCGM_FI_DEV_ROW_REMAP_FAILURE,nvidia-dcgm-exporter,nvidia1,gpu-metrics,text-generation-server,tgis-dev,tee13-starc-n-f16-flash,1,192.241.129.18:9400,nvidia-dcgm-exporter,NVIDIA A100-SXM4-80GB,nvidia-gpu-operator,nvidia-dcgm-exporter-xq25l,openshift-monitoring/k8s,nvidia-dcgm-exporter,0.0
2024-05-21 16:16:00.772000074,NVIDIA,6.16,G506.0210.00.03,2.0,1652523003950,92.00.45.00.05,535.104.05,12.535.104.05,fmaas-devstage-backen-9cjgj-worker-a100-il-rdma-3-jx6tm,GPU-ed198df6-90a8-c0bf-17bb-f1171d39c5dd,DCGM_FI_DEV_ROW_REMAP_FAILURE,nvidia-dcgm-exporter,nvidia1,gpu-metrics,text-generation-server,tgis-dev,tee13-starc-n-f16-flash,1,192.241.129.18:9400,nvidia-dcgm-exporter,NVIDIA A100-SXM4-80GB,nvidia-gpu-operator,nvidia-dcgm-exporter-xq25l,openshift-monitoring/k8s,nvidia-dcgm-exporter,0.0
2024-05-21 16:16:30.772000074,NVIDIA,6.16,G506.0210.00.03,2.0,1652523003950,92.00.45.00.05,535.104.05,12.535.104.05,fmaas-devstage-backen-9cjgj-worker-a100-il-rdma-3-jx6tm,GPU-ed198df6-90a8-c0bf-17bb-f1171d39c5dd,DCGM_FI_DEV_ROW_REMAP_FAILURE,nvidia-dcgm-exporter,nvidia1,gpu-metrics,text-generation-server,tgis-dev,tee13-starc-n-f16-flash,1,192.241.129.18:9400,nvidia-dcgm-exporter,NVIDIA A100-SXM4-80GB,nvidia-gpu-operator,nvidia-dcgm-exporter-xq25l,openshift-monitoring/k8s,nvidia-dcgm-exporter,0.0
2024-05-21 16:16:43.667999983,NVIDIA,6.16,G506.0210.00.03,2.0,1652523003950,92.00.45.00.05,535.104.05,12.535.104.05,fmaas-devstage-backen-9cjgj-worker-a100-il-rdma-3-jx6tm,GPU-ed198df6-90a8-c0bf-17bb-f1171d39c5dd,DCGM_FI_DEV_ROW_REMAP_FAILURE,nvidia-dcgm-exporter,nvidia1,gpu-metrics,,,,1,192.241.129.18:9400,nvidia-dcgm-exporter,NVIDIA A100-SXM4-80GB,nvidia-gpu-operator,nvidia-dcgm-exporter-xq25l,openshift-monitoring/k8s,nvidia-dcgm-exporter,0.0
2024-05-21 16:17:00.772000074,NVIDIA,6.16,G506.0210.00.03,2.0,1652523003950,92.00.45.00.05,535.104.05,12.535.104.05,fmaas-devstage-backen-9cjgj-worker-a100-il-rdma-3-jx6tm,GPU-ed198df6-90a8-c0bf-17bb-f1171d39c5dd,DCGM_FI_DEV_ROW_REMAP_FAILURE,nvidia-dcgm-exporter,nvidia1,gpu-metrics,,,,1,192.241.129.18:9400,nvidia-dcgm-exporter,NVIDIA A100-SXM4-80GB,nvidia-gpu-operator,nvidia-dcgm-exporter-xq25l,openshift-monitoring/k8s,nvidia-dcgm-exporter,0.0
2024-05-21 16:17:30.772000074,NVIDIA,6.16,G506.0210.00.03,2.0,1652523003950,92.00.45.00.05,535.104.05,12.535.104.05,fmaas-devstage-backen-9cjgj-worker-a100-il-rdma-3-jx6tm,GPU-ed198df6-90a8-c0bf-17bb-f1171d39c5dd,DCGM_FI_DEV_ROW_REMAP_FAILURE,nvidia-dcgm-exporter,nvidia1,gpu-metrics,,,,1,192.241.129.18:9400,nvidia-dcgm-exporter,NVIDIA A100-SXM4-80GB,nvidia-gpu-operator,nvidia-dcgm-exporter-xq25l,openshift-monitoring/k8s,nvidia-dcgm-exporter,0.0
2024-05-21 16:18:00.772000074,NVIDIA,6.16,G506.0210.00.03,2.0,1652523003950,92.00.45.00.05,535.104.05,12.535.104.05,fmaas-devstage-backen-9cjgj-worker-a100-il-rdma-3-jx6tm,GPU-ed198df6-90a8-c0bf-17bb-f1171d39c5dd,DCGM_FI_DEV_ROW_REMAP_FAILURE,nvidia-dcgm-exporter,nvidia1,gpu-metrics,,,,1,192.241.129.18:9400,nvidia-dcgm-exporter,NVIDIA A100-SXM4-80GB,nvidia-gpu-operator,nvidia-dcgm-exporter-xq25l,openshift-monitoring/k8s,nvidia-dcgm-exporter,0.0
2024-05-21 16:18:30.772000074,NVIDIA,6.16,G506.0210.00.03,2.0,1652523003950,92.00.45.00.05,535.104.05,12.535.104.05,fmaas-devstage-backen-9cjgj-worker-a100-il-rdma-3-jx6tm,GPU-ed198df6-90a8-c0bf-17bb-f1171d39c5dd,DCGM_FI_DEV_ROW_REMAP_FAILURE,nvidia-dcgm-exporter,nvidia1,gpu-metrics,,,,1,192.241.129.18:9400,nvidia-dcgm-exporter,NVIDIA A100-SXM4-80GB,nvidia-gpu-operator,nvidia-dcgm-exporter-xq25l,openshift-monitoring/k8s,nvidia-dcgm-exporter,0.0
2024-05-21 16:19:00.772000074,NVIDIA,6.16,G506.0210.00.03,2.0,1652523003950,92.00.45.00.05,535.104.05,12.535.104.05,fmaas-devstage-backen-9cjgj-worker-a100-il-rdma-3-jx6tm,GPU-ed198df6-90a8-c0bf-17bb-f1171d39c5dd,DCGM_FI_DEV_ROW_REMAP_FAILURE,nvidia-dcgm-exporter,nvidia1,gpu-metrics,,,,1,192.241.129.18:9400,nvidia-dcgm-exporter,NVIDIA A100-SXM4-80GB,nvidia-gpu-operator,nvidia-dcgm-exporter-xq25l,openshift-monitoring/k8s,nvidia-dcgm-exporter,0.0
2024-05-21 16:19:30.772000074,NVIDIA,6.16,G506.0210.00.03,2.0,1652523003950,92.00.45.00.05,535.104.05,12.535.104.05,fmaas-devstage-backen-9cjgj-worker-a100-il-rdma-3-jx6tm,GPU-ed198df6-90a8-c0bf-17bb-f1171d39c5dd,DCGM_FI_DEV_ROW_REMAP_FAILURE,nvidia-dcgm-exporter,nvidia1,gpu-metrics,,,,1,192.241.129.18:9400,nvidia-dcgm-exporter,NVIDIA A100-SXM4-80GB,nvidia-gpu-operator,nvidia-dcgm-exporter-xq25l,openshift-monitoring/k8s,nvidia-dcgm-exporter,0.0
2024-05-21 16:20:00.772000074,NVIDIA,6.16,G506.0210.00.03,2.0,1652523003950,92.00.45.00.05,535.104.05,12.535.104.05,fmaas-devstage-backen-9cjgj-worker-a100-il-rdma-3-jx6tm,GPU-ed198df6-90a8-c0bf-17bb-f1171d39c5dd,DCGM_FI_DEV_ROW_REMAP_FAILURE,nvidia-dcgm-exporter,nvidia1,gpu-metrics,,,,1,192.241.129.18:9400,nvidia-dcgm-exporter,NVIDIA A100-SXM4-80GB,nvidia-gpu-operator,nvidia-dcgm-exporter-xq25l,openshift-monitoring/k8s,nvidia-dcgm-exporter,0.0
2024-05-21 16:20:30.772000074,NVIDIA,6.16,G506.0210.00.03,2.0,1652523003950,92.00.45.00.05,535.104.05,12.535.104.05,fmaas-devstage-backen-9cjgj-worker-a100-il-rdma-3-jx6tm,GPU-ed198df6-90a8-c0bf-17bb-f1171d39c5dd,DCGM_FI_DEV_ROW_REMAP_FAILURE,nvidia-dcgm-exporter,nvidia1,gpu-metrics,,,,1,192.241.129.18:9400,nvidia-dcgm-exporter,NVIDIA A100-SXM4-80GB,nvidia-gpu-operator,nvidia-dcgm-exporter-xq25l,openshift-monitoring/k8s,nvidia-dcgm-exporter,0.0
2024-05-21 16:21:00.772000074,NVIDIA,6.16,G506.0210.00.03,2.0,1652523003950,92.00.45.00.05,535.104.05,12.535.104.05,fmaas-devstage-backen-9cjgj-worker-a100-il-rdma-3-jx6tm,GPU-ed198df6-90a8-c0bf-17bb-f1171d39c5dd,DCGM_FI_DEV_ROW_REMAP_FAILURE,nvidia-dcgm-exporter,nvidia1,gpu-metrics,,,,1,192.241.129.18:9400,nvidia-dcgm-exporter,NVIDIA A100-SXM4-80GB,nvidia-gpu-operator,nvidia-dcgm-exporter-xq25l,openshift-monitoring/k8s,nvidia-dcgm-exporter,0.0
2024-05-21 16:21:30.772000074,NVIDIA,6.16,G506.0210.00.03,2.0,1652523003950,92.00.45.00.05,535.104.05,12.535.104.05,fmaas-devstage-backen-9cjgj-worker-a100-il-rdma-3-jx6tm,GPU-ed198df6-90a8-c0bf-17bb-f1171d39c5dd,DCGM_FI_DEV_ROW_REMAP_FAILURE,nvidia-dcgm-exporter,nvidia1,gpu-metrics,,,,1,192.241.129.18:9400,nvidia-dcgm-exporter,NVIDIA A100-SXM4-80GB,nvidia-gpu-operator,nvidia-dcgm-exporter-xq25l,openshift-monitoring/k8s,nvidia-dcgm-exporter,0.0
2024-05-21 16:22:00.772000074,NVIDIA,6.16,G506.0210.00.03,2.0,1652523003950,92.00.45.00.05,535.104.05,12.535.104.05,fmaas-devstage-backen-9cjgj-worker-a100-il-rdma-3-jx6tm,GPU-ed198df6-90a8-c0bf-17bb-f1171d39c5dd,DCGM_FI_DEV_ROW_REMAP_FAILURE,nvidia-dcgm-exporter,nvidia1,gpu-metrics,,,,1,192.241.129.18:9400,nvidia-dcgm-exporter,NVIDIA A100-SXM4-80GB,nvidia-gpu-operator,nvidia-dcgm-exporter-xq25l,openshift-monitoring/k8s,nvidia-dcgm-exporter,0.0
2024-05-21 16:22:30.772000074,NVIDIA,6.16,G506.0210.00.03,2.0,1652523003950,92.00.45.00.05,535.104.05,12.535.104.05,fmaas-devstage-backen-9cjgj-worker-a100-il-rdma-3-jx6tm,GPU-ed198df6-90a8-c0bf-17bb-f1171d39c5dd,DCGM_FI_DEV_ROW_REMAP_FAILURE,nvidia-dcgm-exporter,nvidia1,gpu-metrics,,,,1,192.241.129.18:9400,nvidia-dcgm-exporter,NVIDIA A100-SXM4-80GB,nvidia-gpu-operator,nvidia-dcgm-exporter-xq25l,openshift-monitoring/k8s,nvidia-dcgm-exporter,0.0
2024-05-21 16:23:00.772000074,NVIDIA,6.16,G506.0210.00.03,2.0,1652523003950,92.00.45.00.05,535.104.05,12.535.104.05,fmaas-devstage-backen-9cjgj-worker-a100-il-rdma-3-jx6tm,GPU-ed198df6-90a8-c0bf-17bb-f1171d39c5dd,DCGM_FI_DEV_ROW_REMAP_FAILURE,nvidia-dcgm-exporter,nvidia1,gpu-metrics,,,,1,192.241.129.18:9400,nvidia-dcgm-exporter,NVIDIA A100-SXM4-80GB,nvidia-gpu-operator,nvidia-dcgm-exporter-xq25l,openshift-monitoring/k8s,nvidia-dcgm-exporter,0.0
2024-05-21 16:23:30.772000074,NVIDIA,6.16,G506.0210.00.03,2.0,1652523003950,92.00.45.00.05,535.104.05,12.535.104.05,fmaas-devstage-backen-9cjgj-worker-a100-il-rdma-3-jx6tm,GPU-ed198df6-90a8-c0bf-17bb-f1171d39c5dd,DCGM_FI_DEV_ROW_REMAP_FAILURE,nvidia-dcgm-exporter,nvidia1,gpu-metrics,,,,1,192.241.129.18:9400,nvidia-dcgm-exporter,NVIDIA A100-SXM4-80GB,nvidia-gpu-operator,nvidia-dcgm-exporter-xq25l,openshift-monitoring/k8s,nvidia-dcgm-exporter,0.0
2024-05-21 16:24:00.772000074,NVIDIA,6.16,G506.0210.00.03,2.0,1652523003950,92.00.45.00.05,535.104.05,12.535.104.05,fmaas-devstage-backen-9cjgj-worker-a100-il-rdma-3-jx6tm,GPU-ed198df6-90a8-c0bf-17bb-f1171d39c5dd,DCGM_FI_DEV_ROW_REMAP_FAILURE,nvidia-dcgm-exporter,nvidia1,gpu-metrics,,,,1,192.241.129.18:9400,nvidia-dcgm-exporter,NVIDIA A100-SXM4-80GB,nvidia-gpu-operator,nvidia-dcgm-exporter-xq25l,openshift-monitoring/k8s,nvidia-dcgm-exporter,0.0
2024-05-21 16:15:43.667999983,NVIDIA,6.16,G506.0210.00.03,2.0,1652523003996,92.00.45.00.05,535.104.05,12.535.104.05,fmaas-devstage-backen-9cjgj-worker-a100-il-rdma-3-jx6tm,GPU-f94e20f3-b883-1dc9-1c93-9769594edc6a,DCGM_FI_DEV_ROW_REMAP_FAILURE,nvidia-dcgm-exporter,nvidia2,gpu-metrics,base,fmaas-monitoring,llama3,2,192.241.129.18:9400,nvidia-dcgm-exporter,NVIDIA A100-SXM4-80GB,nvidia-gpu-operator,nvidia-dcgm-exporter-xq25l,openshift-monitoring/k8s,nvidia-dcgm-exporter,0.0
2024-05-21 16:16:00.772000074,NVIDIA,6.16,G506.0210.00.03,2.0,1652523003996,92.00.45.00.05,535.104.05,12.535.104.05,fmaas-devstage-backen-9cjgj-worker-a100-il-rdma-3-jx6tm,GPU-f94e20f3-b883-1dc9-1c93-9769594edc6a,DCGM_FI_DEV_ROW_REMAP_FAILURE,nvidia-dcgm-exporter,nvidia2,gpu-metrics,base,fmaas-monitoring,llama3,2,192.241.129.18:9400,nvidia-dcgm-exporter,NVIDIA A100-SXM4-80GB,nvidia-gpu-operator,nvidia-dcgm-exporter-xq25l,openshift-monitoring/k8s,nvidia-dcgm-exporter,0.0
2024-05-21 16:16:30.772000074,NVIDIA,6.16,G506.0210.00.03,2.0,1652523003996,92.00.45.00.05,535.104.05,12.535.104.05,fmaas-devstage-backen-9cjgj-worker-a100-il-rdma-3-jx6tm,GPU-f94e20f3-b883-1dc9-1c93-9769594edc6a,DCGM_FI_DEV_ROW_REMAP_FAILURE,nvidia-dcgm-exporter,nvidia2,gpu-metrics,base,fmaas-monitoring,llama3,2,192.241.129.18:9400,nvidia-dcgm-exporter,NVIDIA A100-SXM4-80GB,nvidia-gpu-operator,nvidia-dcgm-exporter-xq25l,openshift-monitoring/k8s,nvidia-dcgm-exporter,0.0
2024-05-21 16:17:00.772000074,NVIDIA,6.16,G506.0210.00.03,2.0,1652523003996,92.00.45.00.05,535.104.05,12.535.104.05,fmaas-devstage-backen-9cjgj-worker-a100-il-rdma-3-jx6tm,GPU-f94e20f3-b883-1dc9-1c93-9769594edc6a,DCGM_FI_DEV_ROW_REMAP_FAILURE,nvidia-dcgm-exporter,nvidia2,gpu-metrics,base,fmaas-monitoring,llama3,2,192.241.129.18:9400,nvidia-dcgm-exporter,NVIDIA A100-SXM4-80GB,nvidia-gpu-operator,nvidia-dcgm-exporter-xq25l,openshift-monitoring/k8s,nvidia-dcgm-exporter,0.0
2024-05-21 16:17:30.772000074,NVIDIA,6.16,G506.0210.00.03,2.0,1652523003996,92.00.45.00.05,535.104.05,12.535.104.05,fmaas-devstage-backen-9cjgj-worker-a100-il-rdma-3-jx6tm,GPU-f94e20f3-b883-1dc9-1c93-9769594edc6a,DCGM_FI_DEV_ROW_REMAP_FAILURE,nvidia-dcgm-exporter,nvidia2,gpu-metrics,base,fmaas-monitoring,llama3,2,192.241.129.18:9400,nvidia-dcgm-exporter,NVIDIA A100-SXM4-80GB,nvidia-gpu-operator,nvidia-dcgm-exporter-xq25l,openshift-monitoring/k8s,nvidia-dcgm-exporter,0.0
2024-05-21 16:18:00.772000074,NVIDIA,6.16,G506.0210.00.03,2.0,1652523003996,92.00.45.00.05,535.104.05,12.535.104.05,fmaas-devstage-backen-9cjgj-worker-a100-il-rdma-3-jx6tm,GPU-f94e20f3-b883-1dc9-1c93-9769594edc6a,DCGM_FI_DEV_ROW_REMAP_FAILURE,nvidia-dcgm-exporter,nvidia2,gpu-metrics,base,fmaas-monitoring,llama3,2,192.241.129.18:9400,nvidia-dcgm-exporter,NVIDIA A100-SXM4-80GB,nvidia-gpu-operator,nvidia-dcgm-exporter-xq25l,openshift-monitoring/k8s,nvidia-dcgm-exporter,0.0
2024-05-21 16:18:30.772000074,NVIDIA,6.16,G506.0210.00.03,2.0,1652523003996,92.00.45.00.05,535.104.05,12.535.104.05,fmaas-devstage-backen-9cjgj-worker-a100-il-rdma-3-jx6tm,GPU-f94e20f3-b883-1dc9-1c93-9769594edc6a,DCGM_FI_DEV_ROW_REMAP_FAILURE,nvidia-dcgm-exporter,nvidia2,gpu-metrics,base,fmaas-monitoring,llama3,2,192.241.129.18:9400,nvidia-dcgm-exporter,NVIDIA A100-SXM4-80GB,nvidia-gpu-operator,nvidia-dcgm-exporter-xq25l,openshift-monitoring/k8s,nvidia-dcgm-exporter,0.0
2024-05-21 16:19:00.772000074,NVIDIA,6.16,G506.0210.00.03,2.0,1652523003996,92.00.45.00.05,535.104.05,12.535.104.05,fmaas-devstage-backen-9cjgj-worker-a100-il-rdma-3-jx6tm,GPU-f94e20f3-b883-1dc9-1c93-9769594edc6a,DCGM_FI_DEV_ROW_REMAP_FAILURE,nvidia-dcgm-exporter,nvidia2,gpu-metrics,base,fmaas-monitoring,llama3,2,192.241.129.18:9400,nvidia-dcgm-exporter,NVIDIA A100-SXM4-80GB,nvidia-gpu-operator,nvidia-dcgm-exporter-xq25l,openshift-monitoring/k8s,nvidia-dcgm-exporter,0.0
2024-05-21 16:19:30.772000074,NVIDIA,6.16,G506.0210.00.03,2.0,1652523003996,92.00.45.00.05,535.104.05,12.535.104.05,fmaas-devstage-backen-9cjgj-worker-a100-il-rdma-3-jx6tm,GPU-f94e20f3-b883-1dc9-1c93-9769594edc6a,DCGM_FI_DEV_ROW_REMAP_FAILURE,nvidia-dcgm-exporter,nvidia2,gpu-metrics,base,fmaas-monitoring,llama3,2,192.241.129.18:9400,nvidia-dcgm-exporter,NVIDIA A100-SXM4-80GB,nvidia-gpu-operator,nvidia-dcgm-exporter-xq25l,openshift-monitoring/k8s,nvidia-dcgm-exporter,0.0
2024-05-21 16:20:00.772000074,NVIDIA,6.16,G506.0210.00.03,2.0,1652523003996,92.00.45.00.05,535.104.05,12.535.104.05,fmaas-devstage-backen-9cjgj-worker-a100-il-rdma-3-jx6tm,GPU-f94e20f3-b883-1dc9-1c93-9769594edc6a,DCGM_FI_DEV_ROW_REMAP_FAILURE,nvidia-dcgm-exporter,nvidia2,gpu-metrics,base,fmaas-monitoring,llama3,2,192.241.129.18:9400,nvidia-dcgm-exporter,NVIDIA A100-SXM4-80GB,nvidia-gpu-operator,nvidia-dcgm-exporter-xq25l,openshift-monitoring/k8s,nvidia-dcgm-exporter,0.0
2024-05-21 16:20:30.772000074,NVIDIA,6.16,G506.0210.00.03,2.0,1652523003996,92.00.45.00.05,535.104.05,12.535.104.05,fmaas-devstage-backen-9cjgj-worker-a100-il-rdma-3-jx6tm,GPU-f94e20f3-b883-1dc9-1c93-9769594edc6a,DCGM_FI_DEV_ROW_REMAP_FAILURE,nvidia-dcgm-exporter,nvidia2,gpu-metrics,base,fmaas-monitoring,llama3,2,192.241.129.18:9400,nvidia-dcgm-exporter,NVIDIA A100-SXM4-80GB,nvidia-gpu-operator,nvidia-dcgm-exporter-xq25l,openshift-monitoring/k8s,nvidia-dcgm-exporter,0.0
2024-05-21 16:21:00.772000074,NVIDIA,6.16,G506.0210.00.03,2.0,1652523003996,92.00.45.00.05,535.104.05,12.535.104.05,fmaas-devstage-backen-9cjgj-worker-a100-il-rdma-3-jx6tm,GPU-f94e20f3-b883-1dc9-1c93-9769594edc6a,DCGM_FI_DEV_ROW_REMAP_FAILURE,nvidia-dcgm-exporter,nvidia2,gpu-metrics,base,fmaas-monitoring,llama3,2,192.241.129.18:9400,nvidia-dcgm-exporter,NVIDIA A100-SXM4-80GB,nvidia-gpu-operator,nvidia-dcgm-exporter-xq25l,openshift-monitoring/k8s,nvidia-dcgm-exporter,0.0
2024-05-21 16:21:30.772000074,NVIDIA,6.16,G506.0210.00.03,2.0,1652523003996,92.00.45.00.05,535.104.05,12.535.104.05,fmaas-devstage-backen-9cjgj-worker-a100-il-rdma-3-jx6tm,GPU-f94e20f3-b883-1dc9-1c93-9769594edc6a,DCGM_FI_DEV_ROW_REMAP_FAILURE,nvidia-dcgm-exporter,nvidia2,gpu-metrics,base,fmaas-monitoring,llama3,2,192.241.129.18:9400,nvidia-dcgm-exporter,NVIDIA A100-SXM4-80GB,nvidia-gpu-operator,nvidia-dcgm-exporter-xq25l,openshift-monitoring/k8s,nvidia-dcgm-exporter,0.0
2024-05-21 16:22:00.772000074,NVIDIA,6.16,G506.0210.00.03,2.0,1652523003996,92.00.45.00.05,535.104.05,12.535.104.05,fmaas-devstage-backen-9cjgj-worker-a100-il-rdma-3-jx6tm,GPU-f94e20f3-b883-1dc9-1c93-9769594edc6a,DCGM_FI_DEV_ROW_REMAP_FAILURE,nvidia-dcgm-exporter,nvidia2,gpu-metrics,base,fmaas-monitoring,llama3,2,192.241.129.18:9400,nvidia-dcgm-exporter,NVIDIA A100-SXM4-80GB,nvidia-gpu-operator,nvidia-dcgm-exporter-xq25l,openshift-monitoring/k8s,nvidia-dcgm-exporter,0.0
2024-05-21 16:22:30.772000074,NVIDIA,6.16,G506.0210.00.03,2.0,1652523003996,92.00.45.00.05,535.104.05,12.535.104.05,fmaas-devstage-backen-9cjgj-worker-a100-il-rdma-3-jx6tm,GPU-f94e20f3-b883-1dc9-1c93-9769594edc6a,DCGM_FI_DEV_ROW_REMAP_FAILURE,nvidia-dcgm-exporter,nvidia2,gpu-metrics,base,fmaas-monitoring,llama3,2,192.241.129.18:9400,nvidia-dcgm-exporter,NVIDIA A100-SXM4-80GB,nvidia-gpu-operator,nvidia-dcgm-exporter-xq25l,openshift-monitoring/k8s,nvidia-dcgm-exporter,0.0
2024-05-21 16:23:00.772000074,NVIDIA,6.16,G506.0210.00.03,2.0,1652523003996,92.00.45.00.05,535.104.05,12.535.104.05,fmaas-devstage-backen-9cjgj-worker-a100-il-rdma-3-jx6tm,GPU-f94e20f3-b883-1dc9-1c93-9769594edc6a,DCGM_FI_DEV_ROW_REMAP_FAILURE,nvidia-dcgm-exporter,nvidia2,gpu-metrics,base,fmaas-monitoring,llama3,2,192.241.129.18:9400,nvidia-dcgm-exporter,NVIDIA A100-SXM4-80GB,nvidia-gpu-operator,nvidia-dcgm-exporter-xq25l,openshift-monitoring/k8s,nvidia-dcgm-exporter,0.0
2024-05-21 16:23:30.772000074,NVIDIA,6.16,G506.0210.00.03,2.0,1652523003996,92.00.45.00.05,535.104.05,12.535.104.05,fmaas-devstage-backen-9cjgj-worker-a100-il-rdma-3-jx6tm,GPU-f94e20f3-b883-1dc9-1c93-9769594edc6a,DCGM_FI_DEV_ROW_REMAP_FAILURE,nvidia-dcgm-exporter,nvidia2,gpu-metrics,base,fmaas-monitoring,llama3,2,192.241.129.18:9400,nvidia-dcgm-exporter,NVIDIA A100-SXM4-80GB,nvidia-gpu-operator,nvidia-dcgm-exporter-xq25l,openshift-monitoring/k8s,nvidia-dcgm-exporter,0.0
2024-05-21 16:24:00.772000074,NVIDIA,6.16,G506.0210.00.03,2.0,1652523003996,92.00.45.00.05,535.104.05,12.535.104.05,fmaas-devstage-backen-9cjgj-worker-a100-il-rdma-3-jx6tm,GPU-f94e20f3-b883-1dc9-1c93-9769594edc6a,DCGM_FI_DEV_ROW_REMAP_FAILURE,nvidia-dcgm-exporter,nvidia2,gpu-metrics,base,fmaas-monitoring,llama3,2,192.241.129.18:9400,nvidia-dcgm-exporter,NVIDIA A100-SXM4-80GB,nvidia-gpu-operator,nvidia-dcgm-exporter-xq25l,openshift-monitoring/k8s,nvidia-dcgm-exporter,0.0
2024-05-21 16:24:30.772000074,NVIDIA,6.16,G506.0210.00.03,2.0,1652523003996,92.00.45.00.05,535.104.05,12.535.104.05,fmaas-devstage-backen-9cjgj-worker-a100-il-rdma-3-jx6tm,GPU-f94e20f3-b883-1dc9-1c93-9769594edc6a,DCGM_FI_DEV_ROW_REMAP_FAILURE,nvidia-dcgm-exporter,nvidia2,gpu-metrics,base,fmaas-monitoring,llama3,2,192.241.129.18:9400,nvidia-dcgm-exporter,NVIDIA A100-SXM4-80GB,nvidia-gpu-operator,nvidia-dcgm-exporter-xq25l,openshift-monitoring/k8s,nvidia-dcgm-exporter,0.0
2024-05-21 16:25:00.772000074,NVIDIA,6.16,G506.0210.00.03,2.0,1652523003996,92.00.45.00.05,535.104.05,12.535.104.05,fmaas-devstage-backen-9cjgj-worker-a100-il-rdma-3-jx6tm,GPU-f94e20f3-b883-1dc9-1c93-9769594edc6a,DCGM_FI_DEV_ROW_REMAP_FAILURE,nvidia-dcgm-exporter,nvidia2,gpu-metrics,base,fmaas-monitoring,llama3,2,192.241.129.18:9400,nvidia-dcgm-exporter,NVIDIA A100-SXM4-80GB,nvidia-gpu-operator,nvidia-dcgm-exporter-xq25l,openshift-monitoring/k8s,nvidia-dcgm-exporter,0.0
2024-05-21 16:25:30.772000074,NVIDIA,6.16,G506.0210.00.03,2.0,1652523003996,92.00.45.00.05,535.104.05,12.535.104.05,fmaas-devstage-backen-9cjgj-worker-a100-il-rdma-3-jx6tm,GPU-f94e20f3-b883-1dc9-1c93-9769594edc6a,DCGM_FI_DEV_ROW_REMAP_FAILURE,nvidia-dcgm-exporter,nvidia2,gpu-metrics,base,fmaas-monitoring,llama3,2,192.241.129.18:9400,nvidia-dcgm-exporter,NVIDIA A100-SXM4-80GB,nvidia-gpu-operator,nvidia-dcgm-exporter-xq25l,openshift-monitoring/k8s,nvidia-dcgm-exporter,0.0
2024-05-21 16:15:43.667999983,NVIDIA,6.16,G506.0210.00.03,2.0,1652523004560,92.00.45.00.05,535.104.05,12.535.104.05,fmaas-devstage-backen-9cjgj-worker-a100-il-rdma-3-jx6tm,GPU-fae4890e-cca3-f53f-3743-ba11e6e50022,DCGM_FI_DEV_ROW_REMAP_FAILURE,nvidia-dcgm-exporter,nvidia3,gpu-metrics,text-generation-server,tgis-dev,tee13-gptneox20b-n-f16-flash,3,192.241.129.18:9400,nvidia-dcgm-exporter,NVIDIA A100-SXM4-80GB,nvidia-gpu-operator,nvidia-dcgm-exporter-xq25l,openshift-monitoring/k8s,nvidia-dcgm-exporter,0.0
2024-05-21 16:16:00.772000074,NVIDIA,6.16,G506.0210.00.03,2.0,1652523004560,92.00.45.00.05,535.104.05,12.535.104.05,fmaas-devstage-backen-9cjgj-worker-a100-il-rdma-3-jx6tm,GPU-fae4890e-cca3-f53f-3743-ba11e6e50022,DCGM_FI_DEV_ROW_REMAP_FAILURE,nvidia-dcgm-exporter,nvidia3,gpu-metrics,text-generation-server,tgis-dev,tee13-gptneox20b-n-f16-flash,3,192.241.129.18:9400,nvidia-dcgm-exporter,NVIDIA A100-SXM4-80GB,nvidia-gpu-operator,nvidia-dcgm-exporter-xq25l,openshift-monitoring/k8s,nvidia-dcgm-exporter,0.0
2024-05-21 16:16:30.772000074,NVIDIA,6.16,G506.0210.00.03,2.0,1652523004560,92.00.45.00.05,535.104.05,12.535.104.05,fmaas-devstage-backen-9cjgj-worker-a100-il-rdma-3-jx6tm,GPU-fae4890e-cca3-f53f-3743-ba11e6e50022,DCGM_FI_DEV_ROW_REMAP_FAILURE,nvidia-dcgm-exporter,nvidia3,gpu-metrics,text-generation-server,tgis-dev,tee13-gptneox20b-n-f16-flash,3,192.241.129.18:9400,nvidia-dcgm-exporter,NVIDIA A100-SXM4-80GB,nvidia-gpu-operator,nvidia-dcgm-exporter-xq25l,openshift-monitoring/k8s,nvidia-dcgm-exporter,0.0
2024-05-21 16:17:00.772000074,NVIDIA,6.16,G506.0210.00.03,2.0,1652523004560,92.00.45.00.05,535.104.05,12.535.104.05,fmaas-devstage-backen-9cjgj-worker-a100-il-rdma-3-jx6tm,GPU-fae4890e-cca3-f53f-3743-ba11e6e50022,DCGM_FI_DEV_ROW_REMAP_FAILURE,nvidia-dcgm-exporter,nvidia3,gpu-metrics,text-generation-server,tgis-dev,tee13-gptneox20b-n-f16-flash,3,192.241.129.18:9400,nvidia-dcgm-exporter,NVIDIA A100-SXM4-80GB,nvidia-gpu-operator,nvidia-dcgm-exporter-xq25l,openshift-monitoring/k8s,nvidia-dcgm-exporter,0.0
2024-05-21 16:17:30.772000074,NVIDIA,6.16,G506.0210.00.03,2.0,1652523004560,92.00.45.00.05,535.104.05,12.535.104.05,fmaas-devstage-backen-9cjgj-worker-a100-il-rdma-3-jx6tm,GPU-fae4890e-cca3-f53f-3743-ba11e6e50022,DCGM_FI_DEV_ROW_REMAP_FAILURE,nvidia-dcgm-exporter,nvidia3,gpu-metrics,text-generation-server,tgis-dev,tee13-gptneox20b-n-f16-flash,3,192.241.129.18:9400,nvidia-dcgm-exporter,NVIDIA A100-SXM4-80GB,nvidia-gpu-operator,nvidia-dcgm-exporter-xq25l,openshift-monitoring/k8s,nvidia-dcgm-exporter,0.0
2024-05-21 16:18:00.772000074,NVIDIA,6.16,G506.0210.00.03,2.0,1652523004560,92.00.45.00.05,535.104.05,12.535.104.05,fmaas-devstage-backen-9cjgj-worker-a100-il-rdma-3-jx6tm,GPU-fae4890e-cca3-f53f-3743-ba11e6e50022,DCGM_FI_DEV_ROW_REMAP_FAILURE,nvidia-dcgm-exporter,nvidia3,gpu-metrics,text-generation-server,tgis-dev,tee13-gptneox20b-n-f16-flash,3,192.241.129.18:9400,nvidia-dcgm-exporter,NVIDIA A100-SXM4-80GB,nvidia-gpu-operator,nvidia-dcgm-exporter-xq25l,openshift-monitoring/k8s,nvidia-dcgm-exporter,0.0
2024-05-21 16:18:30.772000074,NVIDIA,6.16,G506.0210.00.03,2.0,1652523004560,92.00.45.00.05,535.104.05,12.535.104.05,fmaas-devstage-backen-9cjgj-worker-a100-il-rdma-3-jx6tm,GPU-fae4890e-cca3-f53f-3743-ba11e6e50022,DCGM_FI_DEV_ROW_REMAP_FAILURE,nvidia-dcgm-exporter,nvidia3,gpu-metrics,text-generation-server,tgis-dev,tee13-gptneox20b-n-f16-flash,3,192.241.129.18:9400,nvidia-dcgm-exporter,NVIDIA A100-SXM4-80GB,nvidia-gpu-operator,nvidia-dcgm-exporter-xq25l,openshift-monitoring/k8s,nvidia-dcgm-exporter,0.0
2024-05-21 16:19:00.772000074,NVIDIA,6.16,G506.0210.00.03,2.0,1652523004560,92.00.45.00.05,535.104.05,12.535.104.05,fmaas-devstage-backen-9cjgj-worker-a100-il-rdma-3-jx6tm,GPU-fae4890e-cca3-f53f-3743-ba11e6e50022,DCGM_FI_DEV_ROW_REMAP_FAILURE,nvidia-dcgm-exporter,nvidia3,gpu-metrics,text-generation-server,tgis-dev,tee13-mt0xxl-t-f16,3,192.241.129.18:9400,nvidia-dcgm-exporter,NVIDIA A100-SXM4-80GB,nvidia-gpu-operator,nvidia-dcgm-exporter-xq25l,openshift-monitoring/k8s,nvidia-dcgm-exporter,0.0
2024-05-21 16:19:13.667999983,NVIDIA,6.16,G506.0210.00.03,2.0,1652523004560,92.00.45.00.05,535.104.05,12.535.104.05,fmaas-devstage-backen-9cjgj-worker-a100-il-rdma-3-jx6tm,GPU-fae4890e-cca3-f53f-3743-ba11e6e50022,DCGM_FI_DEV_ROW_REMAP_FAILURE,nvidia-dcgm-exporter,nvidia3,gpu-metrics,text-generation-server,tgis-dev,tee13-mt0xxl-t-f16,3,192.241.129.18:9400,nvidia-dcgm-exporter,NVIDIA A100-SXM4-80GB,nvidia-gpu-operator,nvidia-dcgm-exporter-xq25l,openshift-monitoring/k8s,nvidia-dcgm-exporter,0.0
2024-05-21 16:19:43.667999983,NVIDIA,6.16,G506.0210.00.03,2.0,1652523004560,92.00.45.00.05,535.104.05,12.535.104.05,fmaas-devstage-backen-9cjgj-worker-a100-il-rdma-3-jx6tm,GPU-fae4890e-cca3-f53f-3743-ba11e6e50022,DCGM_FI_DEV_ROW_REMAP_FAILURE,nvidia-dcgm-exporter,nvidia3,gpu-metrics,text-generation-server,tgis-dev,tee13-mt0xxl-t-f16,3,192.241.129.18:9400,nvidia-dcgm-exporter,NVIDIA A100-SXM4-80GB,nvidia-gpu-operator,nvidia-dcgm-exporter-xq25l,openshift-monitoring/k8s,nvidia-dcgm-exporter,0.0
2024-05-21 16:20:13.667999983,NVIDIA,6.16,G506.0210.00.03,2.0,1652523004560,92.00.45.00.05,535.104.05,12.535.104.05,fmaas-devstage-backen-9cjgj-worker-a100-il-rdma-3-jx6tm,GPU-fae4890e-cca3-f53f-3743-ba11e6e50022,DCGM_FI_DEV_ROW_REMAP_FAILURE,nvidia-dcgm-exporter,nvidia3,gpu-metrics,text-generation-server,tgis-dev,tee13-mt0xxl-t-f16,3,192.241.129.18:9400,nvidia-dcgm-exporter,NVIDIA A100-SXM4-80GB,nvidia-gpu-operator,nvidia-dcgm-exporter-xq25l,openshift-monitoring/k8s,nvidia-dcgm-exporter,0.0
2024-05-21 16:20:43.667999983,NVIDIA,6.16,G506.0210.00.03,2.0,1652523004560,92.00.45.00.05,535.104.05,12.535.104.05,fmaas-devstage-backen-9cjgj-worker-a100-il-rdma-3-jx6tm,GPU-fae4890e-cca3-f53f-3743-ba11e6e50022,DCGM_FI_DEV_ROW_REMAP_FAILURE,nvidia-dcgm-exporter,nvidia3,gpu-metrics,text-generation-server,tgis-dev,tee13-mt0xxl-t-f16,3,192.241.129.18:9400,nvidia-dcgm-exporter,NVIDIA A100-SXM4-80GB,nvidia-gpu-operator,nvidia-dcgm-exporter-xq25l,openshift-monitoring/k8s,nvidia-dcgm-exporter,0.0
2024-05-21 16:21:13.667999983,NVIDIA,6.16,G506.0210.00.03,2.0,1652523004560,92.00.45.00.05,535.104.05,12.535.104.05,fmaas-devstage-backen-9cjgj-worker-a100-il-rdma-3-jx6tm,GPU-fae4890e-cca3-f53f-3743-ba11e6e50022,DCGM_FI_DEV_ROW_REMAP_FAILURE,nvidia-dcgm-exporter,nvidia3,gpu-metrics,text-generation-server,tgis-dev,tee13-mt0xxl-t-f16,3,192.241.129.18:9400,nvidia-dcgm-exporter,NVIDIA A100-SXM4-80GB,nvidia-gpu-operator,nvidia-dcgm-exporter-xq25l,openshift-monitoring/k8s,nvidia-dcgm-exporter,0.0
2024-05-21 16:21:43.667999983,NVIDIA,6.16,G506.0210.00.03,2.0,1652523004560,92.00.45.00.05,535.104.05,12.535.104.05,fmaas-devstage-backen-9cjgj-worker-a100-il-rdma-3-jx6tm,GPU-fae4890e-cca3-f53f-3743-ba11e6e50022,DCGM_FI_DEV_ROW_REMAP_FAILURE,nvidia-dcgm-exporter,nvidia3,gpu-metrics,text-generation-server,tgis-dev,tee13-mt0xxl-t-f16,3,192.241.129.18:9400,nvidia-dcgm-exporter,NVIDIA A100-SXM4-80GB,nvidia-gpu-operator,nvidia-dcgm-exporter-xq25l,openshift-monitoring/k8s,nvidia-dcgm-exporter,0.0
2024-05-21 16:22:13.667999983,NVIDIA,6.16,G506.0210.00.03,2.0,1652523004560,92.00.45.00.05,535.104.05,12.535.104.05,fmaas-devstage-backen-9cjgj-worker-a100-il-rdma-3-jx6tm,GPU-fae4890e-cca3-f53f-3743-ba11e6e50022,DCGM_FI_DEV_ROW_REMAP_FAILURE,nvidia-dcgm-exporter,nvidia3,gpu-metrics,text-generation-server,tgis-dev,tee13-mt0xxl-t-f16,3,192.241.129.18:9400,nvidia-dcgm-exporter,NVIDIA A100-SXM4-80GB,nvidia-gpu-operator,nvidia-dcgm-exporter-xq25l,openshift-monitoring/k8s,nvidia-dcgm-exporter,0.0
2024-05-21 16:22:43.667999983,NVIDIA,6.16,G506.0210.00.03,2.0,1652523004560,92.00.45.00.05,535.104.05,12.535.104.05,fmaas-devstage-backen-9cjgj-worker-a100-il-rdma-3-jx6tm,GPU-fae4890e-cca3-f53f-3743-ba11e6e50022,DCGM_FI_DEV_ROW_REMAP_FAILURE,nvidia-dcgm-exporter,nvidia3,gpu-metrics,text-generation-server,tgis-dev,tee13-mt0xxl-t-f16,3,192.241.129.18:9400,nvidia-dcgm-exporter,NVIDIA A100-SXM4-80GB,nvidia-gpu-operator,nvidia-dcgm-exporter-xq25l,openshift-monitoring/k8s,nvidia-dcgm-exporter,0.0
2024-05-21 16:23:13.667999983,NVIDIA,6.16,G506.0210.00.03,2.0,1652523004560,92.00.45.00.05,535.104.05,12.535.104.05,fmaas-devstage-backen-9cjgj-worker-a100-il-rdma-3-jx6tm,GPU-fae4890e-cca3-f53f-3743-ba11e6e50022,DCGM_FI_DEV_ROW_REMAP_FAILURE,nvidia-dcgm-exporter,nvidia3,gpu-metrics,text-generation-server,tgis-dev,tee13-mt0xxl-t-f16,3,192.241.129.18:9400,nvidia-dcgm-exporter,NVIDIA A100-SXM4-80GB,nvidia-gpu-operator,nvidia-dcgm-exporter-xq25l,openshift-monitoring/k8s,nvidia-dcgm-exporter,0.0
2024-05-21 16:23:43.667999983,NVIDIA,6.16,G506.0210.00.03,2.0,1652523004560,92.00.45.00.05,535.104.05,12.535.104.05,fmaas-devstage-backen-9cjgj-worker-a100-il-rdma-3-jx6tm,GPU-fae4890e-cca3-f53f-3743-ba11e6e50022,DCGM_FI_DEV_ROW_REMAP_FAILURE,nvidia-dcgm-exporter,nvidia3,gpu-metrics,text-generation-server,tgis-dev,tee13-mt0xxl-t-f16,3,192.241.129.18:9400,nvidia-dcgm-exporter,NVIDIA A100-SXM4-80GB,nvidia-gpu-operator,nvidia-dcgm-exporter-xq25l,openshift-monitoring/k8s,nvidia-dcgm-exporter,0.0
2024-05-21 16:18:43.667999983,NVIDIA,6.16,G506.0210.00.03,2.0,1652523004560,92.00.45.00.05,535.104.05,12.535.104.05,fmaas-devstage-backen-9cjgj-worker-a100-il-rdma-3-jx6tm,GPU-fae4890e-cca3-f53f-3743-ba11e6e50022,DCGM_FI_DEV_ROW_REMAP_FAILURE,nvidia-dcgm-exporter,nvidia3,gpu-metrics,,,,3,192.241.129.18:9400,nvidia-dcgm-exporter,NVIDIA A100-SXM4-80GB,nvidia-gpu-operator,nvidia-dcgm-exporter-xq25l,openshift-monitoring/k8s,nvidia-dcgm-exporter,0.0
2024-05-21 16:24:13.667999983,NVIDIA,6.16,G506.0210.00.03,2.0,1652523004560,92.00.45.00.05,535.104.05,12.535.104.05,fmaas-devstage-backen-9cjgj-worker-a100-il-rdma-3-jx6tm,GPU-fae4890e-cca3-f53f-3743-ba11e6e50022,DCGM_FI_DEV_ROW_REMAP_FAILURE,nvidia-dcgm-exporter,nvidia3,gpu-metrics,,,,3,192.241.129.18:9400,nvidia-dcgm-exporter,NVIDIA A100-SXM4-80GB,nvidia-gpu-operator,nvidia-dcgm-exporter-xq25l,openshift-monitoring/k8s,nvidia-dcgm-exporter,0.0
2024-05-21 16:24:43.667999983,NVIDIA,6.16,G506.0210.00.03,2.0,1652523004560,92.00.45.00.05,535.104.05,12.535.104.05,fmaas-devstage-backen-9cjgj-worker-a100-il-rdma-3-jx6tm,GPU-fae4890e-cca3-f53f-3743-ba11e6e50022,DCGM_FI_DEV_ROW_REMAP_FAILURE,nvidia-dcgm-exporter,nvidia3,gpu-metrics,,,,3,192.241.129.18:9400,nvidia-dcgm-exporter,NVIDIA A100-SXM4-80GB,nvidia-gpu-operator,nvidia-dcgm-exporter-xq25l,openshift-monitoring/k8s,nvidia-dcgm-exporter,0.0
2024-05-21 16:25:13.667999983,NVIDIA,6.16,G506.0210.00.03,2.0,1652523004560,92.00.45.00.05,535.104.05,12.535.104.05,fmaas-devstage-backen-9cjgj-worker-a100-il-rdma-3-jx6tm,GPU-fae4890e-cca3-f53f-3743-ba11e6e50022,DCGM_FI_DEV_ROW_REMAP_FAILURE,nvidia-dcgm-exporter,nvidia3,gpu-metrics,,,,3,192.241.129.18:9400,nvidia-dcgm-exporter,NVIDIA A100-SXM4-80GB,nvidia-gpu-operator,nvidia-dcgm-exporter-xq25l,openshift-monitoring/k8s,nvidia-dcgm-exporter,0.0
2024-05-21 16:21:30.772000074,NVIDIA,6.16,G506.0210.00.03,2.0,1652523004804,92.00.45.00.05,535.104.05,12.535.104.05,fmaas-devstage-backen-9cjgj-worker-a100-il-rdma-3-jx6tm,GPU-6813d4a5-a19a-6a1f-b0ae-7d70939dc17d,DCGM_FI_DEV_ROW_REMAP_FAILURE,nvidia-dcgm-exporter,nvidia5,gpu-metrics,pytorch,fmaas-kubeflow-trainer,jim-test-image-1-master-0,5,192.241.129.18:9400,nvidia-dcgm-exporter,NVIDIA A100-SXM4-80GB,nvidia-gpu-operator,nvidia-dcgm-exporter-xq25l,openshift-monitoring/k8s,nvidia-dcgm-exporter,0.0
2024-05-21 16:21:43.667999983,NVIDIA,6.16,G506.0210.00.03,2.0,1652523004804,92.00.45.00.05,535.104.05,12.535.104.05,fmaas-devstage-backen-9cjgj-worker-a100-il-rdma-3-jx6tm,GPU-6813d4a5-a19a-6a1f-b0ae-7d70939dc17d,DCGM_FI_DEV_ROW_REMAP_FAILURE,nvidia-dcgm-exporter,nvidia5,gpu-metrics,pytorch,fmaas-kubeflow-trainer,jim-test-image-1-master-0,5,192.241.129.18:9400,nvidia-dcgm-exporter,NVIDIA A100-SXM4-80GB,nvidia-gpu-operator,nvidia-dcgm-exporter-xq25l,openshift-monitoring/k8s,nvidia-dcgm-exporter,0.0
2024-05-21 16:22:13.667999983,NVIDIA,6.16,G506.0210.00.03,2.0,1652523004804,92.00.45.00.05,535.104.05,12.535.104.05,fmaas-devstage-backen-9cjgj-worker-a100-il-rdma-3-jx6tm,GPU-6813d4a5-a19a-6a1f-b0ae-7d70939dc17d,DCGM_FI_DEV_ROW_REMAP_FAILURE,nvidia-dcgm-exporter,nvidia5,gpu-metrics,pytorch,fmaas-kubeflow-trainer,jim-test-image-1-master-0,5,192.241.129.18:9400,nvidia-dcgm-exporter,NVIDIA A100-SXM4-80GB,nvidia-gpu-operator,nvidia-dcgm-exporter-xq25l,openshift-monitoring/k8s,nvidia-dcgm-exporter,0.0
2024-05-21 16:22:43.667999983,NVIDIA,6.16,G506.0210.00.03,2.0,1652523004804,92.00.45.00.05,535.104.05,12.535.104.05,fmaas-devstage-backen-9cjgj-worker-a100-il-rdma-3-jx6tm,GPU-6813d4a5-a19a-6a1f-b0ae-7d70939dc17d,DCGM_FI_DEV_ROW_REMAP_FAILURE,nvidia-dcgm-exporter,nvidia5,gpu-metrics,pytorch,fmaas-kubeflow-trainer,jim-test-image-1-master-0,5,192.241.129.18:9400,nvidia-dcgm-exporter,NVIDIA A100-SXM4-80GB,nvidia-gpu-operator,nvidia-dcgm-exporter-xq25l,openshift-monitoring/k8s,nvidia-dcgm-exporter,0.0
2024-05-21 16:23:13.667999983,NVIDIA,6.16,G506.0210.00.03,2.0,1652523004804,92.00.45.00.05,535.104.05,12.535.104.05,fmaas-devstage-backen-9cjgj-worker-a100-il-rdma-3-jx6tm,GPU-6813d4a5-a19a-6a1f-b0ae-7d70939dc17d,DCGM_FI_DEV_ROW_REMAP_FAILURE,nvidia-dcgm-exporter,nvidia5,gpu-metrics,pytorch,fmaas-kubeflow-trainer,jim-test-image-1-master-0,5,192.241.129.18:9400,nvidia-dcgm-exporter,NVIDIA A100-SXM4-80GB,nvidia-gpu-operator,nvidia-dcgm-exporter-xq25l,openshift-monitoring/k8s,nvidia-dcgm-exporter,0.0
2024-05-21 16:23:43.667999983,NVIDIA,6.16,G506.0210.00.03,2.0,1652523004804,92.00.45.00.05,535.104.05,12.535.104.05,fmaas-devstage-backen-9cjgj-worker-a100-il-rdma-3-jx6tm,GPU-6813d4a5-a19a-6a1f-b0ae-7d70939dc17d,DCGM_FI_DEV_ROW_REMAP_FAILURE,nvidia-dcgm-exporter,nvidia5,gpu-metrics,pytorch,fmaas-kubeflow-trainer,jim-test-image-1-master-0,5,192.241.129.18:9400,nvidia-dcgm-exporter,NVIDIA A100-SXM4-80GB,nvidia-gpu-operator,nvidia-dcgm-exporter-xq25l,openshift-monitoring/k8s,nvidia-dcgm-exporter,0.0
2024-05-21 16:24:13.667999983,NVIDIA,6.16,G506.0210.00.03,2.0,1652523004804,92.00.45.00.05,535.104.05,12.535.104.05,fmaas-devstage-backen-9cjgj-worker-a100-il-rdma-3-jx6tm,GPU-6813d4a5-a19a-6a1f-b0ae-7d70939dc17d,DCGM_FI_DEV_ROW_REMAP_FAILURE,nvidia-dcgm-exporter,nvidia5,gpu-metrics,pytorch,fmaas-kubeflow-trainer,jim-test-image-1-master-0,5,192.241.129.18:9400,nvidia-dcgm-exporter,NVIDIA A100-SXM4-80GB,nvidia-gpu-operator,nvidia-dcgm-exporter-xq25l,openshift-monitoring/k8s,nvidia-dcgm-exporter,0.0
2024-05-21 16:24:43.667999983,NVIDIA,6.16,G506.0210.00.03,2.0,1652523004804,92.00.45.00.05,535.104.05,12.535.104.05,fmaas-devstage-backen-9cjgj-worker-a100-il-rdma-3-jx6tm,GPU-6813d4a5-a19a-6a1f-b0ae-7d70939dc17d,DCGM_FI_DEV_ROW_REMAP_FAILURE,nvidia-dcgm-exporter,nvidia5,gpu-metrics,pytorch,fmaas-kubeflow-trainer,jim-test-image-1-master-0,5,192.241.129.18:9400,nvidia-dcgm-exporter,NVIDIA A100-SXM4-80GB,nvidia-gpu-operator,nvidia-dcgm-exporter-xq25l,openshift-monitoring/k8s,nvidia-dcgm-exporter,0.0
2024-05-21 16:25:13.667999983,NVIDIA,6.16,G506.0210.00.03,2.0,1652523004804,92.00.45.00.05,535.104.05,12.535.104.05,fmaas-devstage-backen-9cjgj-worker-a100-il-rdma-3-jx6tm,GPU-6813d4a5-a19a-6a1f-b0ae-7d70939dc17d,DCGM_FI_DEV_ROW_REMAP_FAILURE,nvidia-dcgm-exporter,nvidia5,gpu-metrics,pytorch,fmaas-kubeflow-trainer,jim-test-image-1-master-0,5,192.241.129.18:9400,nvidia-dcgm-exporter,NVIDIA A100-SXM4-80GB,nvidia-gpu-operator,nvidia-dcgm-exporter-xq25l,openshift-monitoring/k8s,nvidia-dcgm-exporter,0.0
2024-05-21 16:15:43.667999983,NVIDIA,6.16,G506.0210.00.03,2.0,1652523004804,92.00.45.00.05,535.104.05,12.535.104.05,fmaas-devstage-backen-9cjgj-worker-a100-il-rdma-3-jx6tm,GPU-6813d4a5-a19a-6a1f-b0ae-7d70939dc17d,DCGM_FI_DEV_ROW_REMAP_FAILURE,nvidia-dcgm-exporter,nvidia5,gpu-metrics,,,,5,192.241.129.18:9400,nvidia-dcgm-exporter,NVIDIA A100-SXM4-80GB,nvidia-gpu-operator,nvidia-dcgm-exporter-xq25l,openshift-monitoring/k8s,nvidia-dcgm-exporter,0.0
2024-05-21 16:16:00.772000074,NVIDIA,6.16,G506.0210.00.03,2.0,1652523004804,92.00.45.00.05,535.104.05,12.535.104.05,fmaas-devstage-backen-9cjgj-worker-a100-il-rdma-3-jx6tm,GPU-6813d4a5-a19a-6a1f-b0ae-7d70939dc17d,DCGM_FI_DEV_ROW_REMAP_FAILURE,nvidia-dcgm-exporter,nvidia5,gpu-metrics,,,,5,192.241.129.18:9400,nvidia-dcgm-exporter,NVIDIA A100-SXM4-80GB,nvidia-gpu-operator,nvidia-dcgm-exporter-xq25l,openshift-monitoring/k8s,nvidia-dcgm-exporter,0.0
2024-05-21 16:16:30.772000074,NVIDIA,6.16,G506.0210.00.03,2.0,1652523004804,92.00.45.00.05,535.104.05,12.535.104.05,fmaas-devstage-backen-9cjgj-worker-a100-il-rdma-3-jx6tm,GPU-6813d4a5-a19a-6a1f-b0ae-7d70939dc17d,DCGM_FI_DEV_ROW_REMAP_FAILURE,nvidia-dcgm-exporter,nvidia5,gpu-metrics,,,,5,192.241.129.18:9400,nvidia-dcgm-exporter,NVIDIA A100-SXM4-80GB,nvidia-gpu-operator,nvidia-dcgm-exporter-xq25l,openshift-monitoring/k8s,nvidia-dcgm-exporter,0.0
2024-05-21 16:17:00.772000074,NVIDIA,6.16,G506.0210.00.03,2.0,1652523004804,92.00.45.00.05,535.104.05,12.535.104.05,fmaas-devstage-backen-9cjgj-worker-a100-il-rdma-3-jx6tm,GPU-6813d4a5-a19a-6a1f-b0ae-7d70939dc17d,DCGM_FI_DEV_ROW_REMAP_FAILURE,nvidia-dcgm-exporter,nvidia5,gpu-metrics,,,,5,192.241.129.18:9400,nvidia-dcgm-exporter,NVIDIA A100-SXM4-80GB,nvidia-gpu-operator,nvidia-dcgm-exporter-xq25l,openshift-monitoring/k8s,nvidia-dcgm-exporter,0.0
2024-05-21 16:17:30.772000074,NVIDIA,6.16,G506.0210.00.03,2.0,1652523004804,92.00.45.00.05,535.104.05,12.535.104.05,fmaas-devstage-backen-9cjgj-worker-a100-il-rdma-3-jx6tm,GPU-6813d4a5-a19a-6a1f-b0ae-7d70939dc17d,DCGM_FI_DEV_ROW_REMAP_FAILURE,nvidia-dcgm-exporter,nvidia5,gpu-metrics,,,,5,192.241.129.18:9400,nvidia-dcgm-exporter,NVIDIA A100-SXM4-80GB,nvidia-gpu-operator,nvidia-dcgm-exporter-xq25l,openshift-monitoring/k8s,nvidia-dcgm-exporter,0.0
2024-05-21 16:18:00.772000074,NVIDIA,6.16,G506.0210.00.03,2.0,1652523004804,92.00.45.00.05,535.104.05,12.535.104.05,fmaas-devstage-backen-9cjgj-worker-a100-il-rdma-3-jx6tm,GPU-6813d4a5-a19a-6a1f-b0ae-7d70939dc17d,DCGM_FI_DEV_ROW_REMAP_FAILURE,nvidia-dcgm-exporter,nvidia5,gpu-metrics,,,,5,192.241.129.18:9400,nvidia-dcgm-exporter,NVIDIA A100-SXM4-80GB,nvidia-gpu-operator,nvidia-dcgm-exporter-xq25l,openshift-monitoring/k8s,nvidia-dcgm-exporter,0.0
2024-05-21 16:18:30.772000074,NVIDIA,6.16,G506.0210.00.03,2.0,1652523004804,92.00.45.00.05,535.104.05,12.535.104.05,fmaas-devstage-backen-9cjgj-worker-a100-il-rdma-3-jx6tm,GPU-6813d4a5-a19a-6a1f-b0ae-7d70939dc17d,DCGM_FI_DEV_ROW_REMAP_FAILURE,nvidia-dcgm-exporter,nvidia5,gpu-metrics,,,,5,192.241.129.18:9400,nvidia-dcgm-exporter,NVIDIA A100-SXM4-80GB,nvidia-gpu-operator,nvidia-dcgm-exporter-xq25l,openshift-monitoring/k8s,nvidia-dcgm-exporter,0.0
2024-05-21 16:19:00.772000074,NVIDIA,6.16,G506.0210.00.03,2.0,1652523004804,92.00.45.00.05,535.104.05,12.535.104.05,fmaas-devstage-backen-9cjgj-worker-a100-il-rdma-3-jx6tm,GPU-6813d4a5-a19a-6a1f-b0ae-7d70939dc17d,DCGM_FI_DEV_ROW_REMAP_FAILURE,nvidia-dcgm-exporter,nvidia5,gpu-metrics,,,,5,192.241.129.18:9400,nvidia-dcgm-exporter,NVIDIA A100-SXM4-80GB,nvidia-gpu-operator,nvidia-dcgm-exporter-xq25l,openshift-monitoring/k8s,nvidia-dcgm-exporter,0.0
2024-05-21 16:19:30.772000074,NVIDIA,6.16,G506.0210.00.03,2.0,1652523004804,92.00.45.00.05,535.104.05,12.535.104.05,fmaas-devstage-backen-9cjgj-worker-a100-il-rdma-3-jx6tm,GPU-6813d4a5-a19a-6a1f-b0ae-7d70939dc17d,DCGM_FI_DEV_ROW_REMAP_FAILURE,nvidia-dcgm-exporter,nvidia5,gpu-metrics,,,,5,192.241.129.18:9400,nvidia-dcgm-exporter,NVIDIA A100-SXM4-80GB,nvidia-gpu-operator,nvidia-dcgm-exporter-xq25l,openshift-monitoring/k8s,nvidia-dcgm-exporter,0.0
2024-05-21 16:20:00.772000074,NVIDIA,6.16,G506.0210.00.03,2.0,1652523004804,92.00.45.00.05,535.104.05,12.535.104.05,fmaas-devstage-backen-9cjgj-worker-a100-il-rdma-3-jx6tm,GPU-6813d4a5-a19a-6a1f-b0ae-7d70939dc17d,DCGM_FI_DEV_ROW_REMAP_FAILURE,nvidia-dcgm-exporter,nvidia5,gpu-metrics,,,,5,192.241.129.18:9400,nvidia-dcgm-exporter,NVIDIA A100-SXM4-80GB,nvidia-gpu-operator,nvidia-dcgm-exporter-xq25l,openshift-monitoring/k8s,nvidia-dcgm-exporter,0.0
2024-05-21 16:20:30.772000074,NVIDIA,6.16,G506.0210.00.03,2.0,1652523004804,92.00.45.00.05,535.104.05,12.535.104.05,fmaas-devstage-backen-9cjgj-worker-a100-il-rdma-3-jx6tm,GPU-6813d4a5-a19a-6a1f-b0ae-7d70939dc17d,DCGM_FI_DEV_ROW_REMAP_FAILURE,nvidia-dcgm-exporter,nvidia5,gpu-metrics,,,,5,192.241.129.18:9400,nvidia-dcgm-exporter,NVIDIA A100-SXM4-80GB,nvidia-gpu-operator,nvidia-dcgm-exporter-xq25l,openshift-monitoring/k8s,nvidia-dcgm-exporter,0.0
2024-05-21 16:21:00.772000074,NVIDIA,6.16,G506.0210.00.03,2.0,1652523004804,92.00.45.00.05,535.104.05,12.535.104.05,fmaas-devstage-backen-9cjgj-worker-a100-il-rdma-3-jx6tm,GPU-6813d4a5-a19a-6a1f-b0ae-7d70939dc17d,DCGM_FI_DEV_ROW_REMAP_FAILURE,nvidia-dcgm-exporter,nvidia5,gpu-metrics,,,,5,192.241.129.18:9400,nvidia-dcgm-exporter,NVIDIA A100-SXM4-80GB,nvidia-gpu-operator,nvidia-dcgm-exporter-xq25l,openshift-monitoring/k8s,nvidia-dcgm-exporter,0.0
2024-05-21 16:16:43.667999983,NVIDIA,6.16,G506.0210.00.03,2.0,1652523021837,92.00.45.00.05,535.104.05,12.535.104.05,fmaas-devstage-backen-9cjgj-worker-a100-il-rdma-3-jx6tm,GPU-b30541a1-5408-9bb3-d9fa-12665d1e7472,DCGM_FI_DEV_ROW_REMAP_FAILURE,nvidia-dcgm-exporter,nvidia4,gpu-metrics,text-generation-server,tgis-dev,tee13-13bf-n-f16-flash,4,192.241.129.18:9400,nvidia-dcgm-exporter,NVIDIA A100-SXM4-80GB,nvidia-gpu-operator,nvidia-dcgm-exporter-xq25l,openshift-monitoring/k8s,nvidia-dcgm-exporter,0.0
2024-05-21 16:17:00.772000074,NVIDIA,6.16,G506.0210.00.03,2.0,1652523021837,92.00.45.00.05,535.104.05,12.535.104.05,fmaas-devstage-backen-9cjgj-worker-a100-il-rdma-3-jx6tm,GPU-b30541a1-5408-9bb3-d9fa-12665d1e7472,DCGM_FI_DEV_ROW_REMAP_FAILURE,nvidia-dcgm-exporter,nvidia4,gpu-metrics,text-generation-server,tgis-dev,tee13-13bf-n-f16-flash,4,192.241.129.18:9400,nvidia-dcgm-exporter,NVIDIA A100-SXM4-80GB,nvidia-gpu-operator,nvidia-dcgm-exporter-xq25l,openshift-monitoring/k8s,nvidia-dcgm-exporter,0.0
2024-05-21 16:17:30.772000074,NVIDIA,6.16,G506.0210.00.03,2.0,1652523021837,92.00.45.00.05,535.104.05,12.535.104.05,fmaas-devstage-backen-9cjgj-worker-a100-il-rdma-3-jx6tm,GPU-b30541a1-5408-9bb3-d9fa-12665d1e7472,DCGM_FI_DEV_ROW_REMAP_FAILURE,nvidia-dcgm-exporter,nvidia4,gpu-metrics,text-generation-server,tgis-dev,tee13-13bf-n-f16-flash,4,192.241.129.18:9400,nvidia-dcgm-exporter,NVIDIA A100-SXM4-80GB,nvidia-gpu-operator,nvidia-dcgm-exporter-xq25l,openshift-monitoring/k8s,nvidia-dcgm-exporter,0.0
2024-05-21 16:18:00.772000074,NVIDIA,6.16,G506.0210.00.03,2.0,1652523021837,92.00.45.00.05,535.104.05,12.535.104.05,fmaas-devstage-backen-9cjgj-worker-a100-il-rdma-3-jx6tm,GPU-b30541a1-5408-9bb3-d9fa-12665d1e7472,DCGM_FI_DEV_ROW_REMAP_FAILURE,nvidia-dcgm-exporter,nvidia4,gpu-metrics,text-generation-server,tgis-dev,tee13-13bf-n-f16-flash,4,192.241.129.18:9400,nvidia-dcgm-exporter,NVIDIA A100-SXM4-80GB,nvidia-gpu-operator,nvidia-dcgm-exporter-xq25l,openshift-monitoring/k8s,nvidia-dcgm-exporter,0.0
2024-05-21 16:18:30.772000074,NVIDIA,6.16,G506.0210.00.03,2.0,1652523021837,92.00.45.00.05,535.104.05,12.535.104.05,fmaas-devstage-backen-9cjgj-worker-a100-il-rdma-3-jx6tm,GPU-b30541a1-5408-9bb3-d9fa-12665d1e7472,DCGM_FI_DEV_ROW_REMAP_FAILURE,nvidia-dcgm-exporter,nvidia4,gpu-metrics,text-generation-server,tgis-dev,tee13-13bf-n-f16-flash,4,192.241.129.18:9400,nvidia-dcgm-exporter,NVIDIA A100-SXM4-80GB,nvidia-gpu-operator,nvidia-dcgm-exporter-xq25l,openshift-monitoring/k8s,nvidia-dcgm-exporter,0.0
2024-05-21 16:15:43.667999983,NVIDIA,6.16,G506.0210.00.03,2.0,1652523021837,92.00.45.00.05,535.104.05,12.535.104.05,fmaas-devstage-backen-9cjgj-worker-a100-il-rdma-3-jx6tm,GPU-b30541a1-5408-9bb3-d9fa-12665d1e7472,DCGM_FI_DEV_ROW_REMAP_FAILURE,nvidia-dcgm-exporter,nvidia4,gpu-metrics,,,,4,192.241.129.18:9400,nvidia-dcgm-exporter,NVIDIA A100-SXM4-80GB,nvidia-gpu-operator,nvidia-dcgm-exporter-xq25l,openshift-monitoring/k8s,nvidia-dcgm-exporter,0.0
2024-05-21 16:16:00.772000074,NVIDIA,6.16,G506.0210.00.03,2.0,1652523021837,92.00.45.00.05,535.104.05,12.535.104.05,fmaas-devstage-backen-9cjgj-worker-a100-il-rdma-3-jx6tm,GPU-b30541a1-5408-9bb3-d9fa-12665d1e7472,DCGM_FI_DEV_ROW_REMAP_FAILURE,nvidia-dcgm-exporter,nvidia4,gpu-metrics,,,,4,192.241.129.18:9400,nvidia-dcgm-exporter,NVIDIA A100-SXM4-80GB,nvidia-gpu-operator,nvidia-dcgm-exporter-xq25l,openshift-monitoring/k8s,nvidia-dcgm-exporter,0.0
2024-05-21 16:16:30.772000074,NVIDIA,6.16,G506.0210.00.03,2.0,1652523021837,92.00.45.00.05,535.104.05,12.535.104.05,fmaas-devstage-backen-9cjgj-worker-a100-il-rdma-3-jx6tm,GPU-b30541a1-5408-9bb3-d9fa-12665d1e7472,DCGM_FI_DEV_ROW_REMAP_FAILURE,nvidia-dcgm-exporter,nvidia4,gpu-metrics,,,,4,192.241.129.18:9400,nvidia-dcgm-exporter,NVIDIA A100-SXM4-80GB,nvidia-gpu-operator,nvidia-dcgm-exporter-xq25l,openshift-monitoring/k8s,nvidia-dcgm-exporter,0.0
2024-05-21 16:19:00.772000074,NVIDIA,6.16,G506.0210.00.03,2.0,1652523021837,92.00.45.00.05,535.104.05,12.535.104.05,fmaas-devstage-backen-9cjgj-worker-a100-il-rdma-3-jx6tm,GPU-b30541a1-5408-9bb3-d9fa-12665d1e7472,DCGM_FI_DEV_ROW_REMAP_FAILURE,nvidia-dcgm-exporter,nvidia4,gpu-metrics,,,,4,192.241.129.18:9400,nvidia-dcgm-exporter,NVIDIA A100-SXM4-80GB,nvidia-gpu-operator,nvidia-dcgm-exporter-xq25l,openshift-monitoring/k8s,nvidia-dcgm-exporter,0.0
2024-05-21 16:19:30.772000074,NVIDIA,6.16,G506.0210.00.03,2.0,1652523021837,92.00.45.00.05,535.104.05,12.535.104.05,fmaas-devstage-backen-9cjgj-worker-a100-il-rdma-3-jx6tm,GPU-b30541a1-5408-9bb3-d9fa-12665d1e7472,DCGM_FI_DEV_ROW_REMAP_FAILURE,nvidia-dcgm-exporter,nvidia4,gpu-metrics,,,,4,192.241.129.18:9400,nvidia-dcgm-exporter,NVIDIA A100-SXM4-80GB,nvidia-gpu-operator,nvidia-dcgm-exporter-xq25l,openshift-monitoring/k8s,nvidia-dcgm-exporter,0.0
2024-05-21 16:20:00.772000074,NVIDIA,6.16,G506.0210.00.03,2.0,1652523021837,92.00.45.00.05,535.104.05,12.535.104.05,fmaas-devstage-backen-9cjgj-worker-a100-il-rdma-3-jx6tm,GPU-b30541a1-5408-9bb3-d9fa-12665d1e7472,DCGM_FI_DEV_ROW_REMAP_FAILURE,nvidia-dcgm-exporter,nvidia4,gpu-metrics,,,,4,192.241.129.18:9400,nvidia-dcgm-exporter,NVIDIA A100-SXM4-80GB,nvidia-gpu-operator,nvidia-dcgm-exporter-xq25l,openshift-monitoring/k8s,nvidia-dcgm-exporter,0.0
2024-05-21 16:20:30.772000074,NVIDIA,6.16,G506.0210.00.03,2.0,1652523021837,92.00.45.00.05,535.104.05,12.535.104.05,fmaas-devstage-backen-9cjgj-worker-a100-il-rdma-3-jx6tm,GPU-b30541a1-5408-9bb3-d9fa-12665d1e7472,DCGM_FI_DEV_ROW_REMAP_FAILURE,nvidia-dcgm-exporter,nvidia4,gpu-metrics,,,,4,192.241.129.18:9400,nvidia-dcgm-exporter,NVIDIA A100-SXM4-80GB,nvidia-gpu-operator,nvidia-dcgm-exporter-xq25l,openshift-monitoring/k8s,nvidia-dcgm-exporter,0.0
2024-05-21 16:21:00.772000074,NVIDIA,6.16,G506.0210.00.03,2.0,1652523021837,92.00.45.00.05,535.104.05,12.535.104.05,fmaas-devstage-backen-9cjgj-worker-a100-il-rdma-3-jx6tm,GPU-b30541a1-5408-9bb3-d9fa-12665d1e7472,DCGM_FI_DEV_ROW_REMAP_FAILURE,nvidia-dcgm-exporter,nvidia4,gpu-metrics,,,,4,192.241.129.18:9400,nvidia-dcgm-exporter,NVIDIA A100-SXM4-80GB,nvidia-gpu-operator,nvidia-dcgm-exporter-xq25l,openshift-monitoring/k8s,nvidia-dcgm-exporter,0.0
2024-05-21 16:21:30.772000074,NVIDIA,6.16,G506.0210.00.03,2.0,1652523021837,92.00.45.00.05,535.104.05,12.535.104.05,fmaas-devstage-backen-9cjgj-worker-a100-il-rdma-3-jx6tm,GPU-b30541a1-5408-9bb3-d9fa-12665d1e7472,DCGM_FI_DEV_ROW_REMAP_FAILURE,nvidia-dcgm-exporter,nvidia4,gpu-metrics,,,,4,192.241.129.18:9400,nvidia-dcgm-exporter,NVIDIA A100-SXM4-80GB,nvidia-gpu-operator,nvidia-dcgm-exporter-xq25l,openshift-monitoring/k8s,nvidia-dcgm-exporter,0.0
2024-05-21 16:22:00.772000074,NVIDIA,6.16,G506.0210.00.03,2.0,1652523021837,92.00.45.00.05,535.104.05,12.535.104.05,fmaas-devstage-backen-9cjgj-worker-a100-il-rdma-3-jx6tm,GPU-b30541a1-5408-9bb3-d9fa-12665d1e7472,DCGM_FI_DEV_ROW_REMAP_FAILURE,nvidia-dcgm-exporter,nvidia4,gpu-metrics,,,,4,192.241.129.18:9400,nvidia-dcgm-exporter,NVIDIA A100-SXM4-80GB,nvidia-gpu-operator,nvidia-dcgm-exporter-xq25l,openshift-monitoring/k8s,nvidia-dcgm-exporter,0.0
2024-05-21 16:22:30.772000074,NVIDIA,6.16,G506.0210.00.03,2.0,1652523021837,92.00.45.00.05,535.104.05,12.535.104.05,fmaas-devstage-backen-9cjgj-worker-a100-il-rdma-3-jx6tm,GPU-b30541a1-5408-9bb3-d9fa-12665d1e7472,DCGM_FI_DEV_ROW_REMAP_FAILURE,nvidia-dcgm-exporter,nvidia4,gpu-metrics,,,,4,192.241.129.18:9400,nvidia-dcgm-exporter,NVIDIA A100-SXM4-80GB,nvidia-gpu-operator,nvidia-dcgm-exporter-xq25l,openshift-monitoring/k8s,nvidia-dcgm-exporter,0.0
2024-05-21 16:23:00.772000074,NVIDIA,6.16,G506.0210.00.03,2.0,1652523021837,92.00.45.00.05,535.104.05,12.535.104.05,fmaas-devstage-backen-9cjgj-worker-a100-il-rdma-3-jx6tm,GPU-b30541a1-5408-9bb3-d9fa-12665d1e7472,DCGM_FI_DEV_ROW_REMAP_FAILURE,nvidia-dcgm-exporter,nvidia4,gpu-metrics,,,,4,192.241.129.18:9400,nvidia-dcgm-exporter,NVIDIA A100-SXM4-80GB,nvidia-gpu-operator,nvidia-dcgm-exporter-xq25l,openshift-monitoring/k8s,nvidia-dcgm-exporter,0.0
2024-05-21 16:23:30.772000074,NVIDIA,6.16,G506.0210.00.03,2.0,1652523021837,92.00.45.00.05,535.104.05,12.535.104.05,fmaas-devstage-backen-9cjgj-worker-a100-il-rdma-3-jx6tm,GPU-b30541a1-5408-9bb3-d9fa-12665d1e7472,DCGM_FI_DEV_ROW_REMAP_FAILURE,nvidia-dcgm-exporter,nvidia4,gpu-metrics,,,,4,192.241.129.18:9400,nvidia-dcgm-exporter,NVIDIA A100-SXM4-80GB,nvidia-gpu-operator,nvidia-dcgm-exporter-xq25l,openshift-monitoring/k8s,nvidia-dcgm-exporter,0.0
2024-05-21 16:24:00.772000074,NVIDIA,6.16,G506.0210.00.03,2.0,1652523021837,92.00.45.00.05,535.104.05,12.535.104.05,fmaas-devstage-backen-9cjgj-worker-a100-il-rdma-3-jx6tm,GPU-b30541a1-5408-9bb3-d9fa-12665d1e7472,DCGM_FI_DEV_ROW_REMAP_FAILURE,nvidia-dcgm-exporter,nvidia4,gpu-metrics,,,,4,192.241.129.18:9400,nvidia-dcgm-exporter,NVIDIA A100-SXM4-80GB,nvidia-gpu-operator,nvidia-dcgm-exporter-xq25l,openshift-monitoring/k8s,nvidia-dcgm-exporter,0.0
2024-05-21 16:24:30.772000074,NVIDIA,6.16,G506.0210.00.03,2.0,1652523021837,92.00.45.00.05,535.104.05,12.535.104.05,fmaas-devstage-backen-9cjgj-worker-a100-il-rdma-3-jx6tm,GPU-b30541a1-5408-9bb3-d9fa-12665d1e7472,DCGM_FI_DEV_ROW_REMAP_FAILURE,nvidia-dcgm-exporter,nvidia4,gpu-metrics,,,,4,192.241.129.18:9400,nvidia-dcgm-exporter,NVIDIA A100-SXM4-80GB,nvidia-gpu-operator,nvidia-dcgm-exporter-xq25l,openshift-monitoring/k8s,nvidia-dcgm-exporter,0.0
2024-05-21 16:25:00.772000074,NVIDIA,6.16,G506.0210.00.03,2.0,1652523021837,92.00.45.00.05,535.104.05,12.535.104.05,fmaas-devstage-backen-9cjgj-worker-a100-il-rdma-3-jx6tm,GPU-b30541a1-5408-9bb3-d9fa-12665d1e7472,DCGM_FI_DEV_ROW_REMAP_FAILURE,nvidia-dcgm-exporter,nvidia4,gpu-metrics,,,,4,192.241.129.18:9400,nvidia-dcgm-exporter,NVIDIA A100-SXM4-80GB,nvidia-gpu-operator,nvidia-dcgm-exporter-xq25l,openshift-monitoring/k8s,nvidia-dcgm-exporter,0.0
2024-05-21 16:25:30.772000074,NVIDIA,6.16,G506.0210.00.03,2.0,1652523021837,92.00.45.00.05,535.104.05,12.535.104.05,fmaas-devstage-backen-9cjgj-worker-a100-il-rdma-3-jx6tm,GPU-b30541a1-5408-9bb3-d9fa-12665d1e7472,DCGM_FI_DEV_ROW_REMAP_FAILURE,nvidia-dcgm-exporter,nvidia4,gpu-metrics,,,,4,192.241.129.18:9400,nvidia-dcgm-exporter,NVIDIA A100-SXM4-80GB,nvidia-gpu-operator,nvidia-dcgm-exporter-xq25l,openshift-monitoring/k8s,nvidia-dcgm-exporter,0.0
2024-05-21 16:18:43.667999983,NVIDIA,6.16,G506.0210.00.03,2.0,1652523023451,92.00.45.00.05,535.104.05,12.535.104.05,fmaas-devstage-backen-9cjgj-worker-a100-il-rdma-3-jx6tm,GPU-5a7be2c2-efcc-3083-73b1-eee12a966584,DCGM_FI_DEV_ROW_REMAP_FAILURE,nvidia-dcgm-exporter,nvidia0,gpu-metrics,text-generation-server,tgis-dev,tee13-70bf-n-f16-shard-flash,0,192.241.129.18:9400,nvidia-dcgm-exporter,NVIDIA A100-SXM4-80GB,nvidia-gpu-operator,nvidia-dcgm-exporter-xq25l,openshift-monitoring/k8s,nvidia-dcgm-exporter,0.0
2024-05-21 16:19:00.772000074,NVIDIA,6.16,G506.0210.00.03,2.0,1652523023451,92.00.45.00.05,535.104.05,12.535.104.05,fmaas-devstage-backen-9cjgj-worker-a100-il-rdma-3-jx6tm,GPU-5a7be2c2-efcc-3083-73b1-eee12a966584,DCGM_FI_DEV_ROW_REMAP_FAILURE,nvidia-dcgm-exporter,nvidia0,gpu-metrics,text-generation-server,tgis-dev,tee13-70bf-n-f16-shard-flash,0,192.241.129.18:9400,nvidia-dcgm-exporter,NVIDIA A100-SXM4-80GB,nvidia-gpu-operator,nvidia-dcgm-exporter-xq25l,openshift-monitoring/k8s,nvidia-dcgm-exporter,0.0
2024-05-21 16:19:30.772000074,NVIDIA,6.16,G506.0210.00.03,2.0,1652523023451,92.00.45.00.05,535.104.05,12.535.104.05,fmaas-devstage-backen-9cjgj-worker-a100-il-rdma-3-jx6tm,GPU-5a7be2c2-efcc-3083-73b1-eee12a966584,DCGM_FI_DEV_ROW_REMAP_FAILURE,nvidia-dcgm-exporter,nvidia0,gpu-metrics,text-generation-server,tgis-dev,tee13-70bf-n-f16-shard-flash,0,192.241.129.18:9400,nvidia-dcgm-exporter,NVIDIA A100-SXM4-80GB,nvidia-gpu-operator,nvidia-dcgm-exporter-xq25l,openshift-monitoring/k8s,nvidia-dcgm-exporter,0.0
2024-05-21 16:20:00.772000074,NVIDIA,6.16,G506.0210.00.03,2.0,1652523023451,92.00.45.00.05,535.104.05,12.535.104.05,fmaas-devstage-backen-9cjgj-worker-a100-il-rdma-3-jx6tm,GPU-5a7be2c2-efcc-3083-73b1-eee12a966584,DCGM_FI_DEV_ROW_REMAP_FAILURE,nvidia-dcgm-exporter,nvidia0,gpu-metrics,text-generation-server,tgis-dev,tee13-70bf-n-f16-shard-flash,0,192.241.129.18:9400,nvidia-dcgm-exporter,NVIDIA A100-SXM4-80GB,nvidia-gpu-operator,nvidia-dcgm-exporter-xq25l,openshift-monitoring/k8s,nvidia-dcgm-exporter,0.0
2024-05-21 16:20:30.772000074,NVIDIA,6.16,G506.0210.00.03,2.0,1652523023451,92.00.45.00.05,535.104.05,12.535.104.05,fmaas-devstage-backen-9cjgj-worker-a100-il-rdma-3-jx6tm,GPU-5a7be2c2-efcc-3083-73b1-eee12a966584,DCGM_FI_DEV_ROW_REMAP_FAILURE,nvidia-dcgm-exporter,nvidia0,gpu-metrics,text-generation-server,tgis-dev,tee13-70bf-n-f16-shard-flash,0,192.241.129.18:9400,nvidia-dcgm-exporter,NVIDIA A100-SXM4-80GB,nvidia-gpu-operator,nvidia-dcgm-exporter-xq25l,openshift-monitoring/k8s,nvidia-dcgm-exporter,0.0
2024-05-21 16:21:00.772000074,NVIDIA,6.16,G506.0210.00.03,2.0,1652523023451,92.00.45.00.05,535.104.05,12.535.104.05,fmaas-devstage-backen-9cjgj-worker-a100-il-rdma-3-jx6tm,GPU-5a7be2c2-efcc-3083-73b1-eee12a966584,DCGM_FI_DEV_ROW_REMAP_FAILURE,nvidia-dcgm-exporter,nvidia0,gpu-metrics,text-generation-server,tgis-dev,tee13-70bf-n-f16-shard-flash,0,192.241.129.18:9400,nvidia-dcgm-exporter,NVIDIA A100-SXM4-80GB,nvidia-gpu-operator,nvidia-dcgm-exporter-xq25l,openshift-monitoring/k8s,nvidia-dcgm-exporter,0.0
2024-05-21 16:21:30.772000074,NVIDIA,6.16,G506.0210.00.03,2.0,1652523023451,92.00.45.00.05,535.104.05,12.535.104.05,fmaas-devstage-backen-9cjgj-worker-a100-il-rdma-3-jx6tm,GPU-5a7be2c2-efcc-3083-73b1-eee12a966584,DCGM_FI_DEV_ROW_REMAP_FAILURE,nvidia-dcgm-exporter,nvidia0,gpu-metrics,text-generation-server,tgis-dev,tee13-70bf-n-f16-shard-flash,0,192.241.129.18:9400,nvidia-dcgm-exporter,NVIDIA A100-SXM4-80GB,nvidia-gpu-operator,nvidia-dcgm-exporter-xq25l,openshift-monitoring/k8s,nvidia-dcgm-exporter,0.0
2024-05-21 16:22:00.772000074,NVIDIA,6.16,G506.0210.00.03,2.0,1652523023451,92.00.45.00.05,535.104.05,12.535.104.05,fmaas-devstage-backen-9cjgj-worker-a100-il-rdma-3-jx6tm,GPU-5a7be2c2-efcc-3083-73b1-eee12a966584,DCGM_FI_DEV_ROW_REMAP_FAILURE,nvidia-dcgm-exporter,nvidia0,gpu-metrics,text-generation-server,tgis-dev,tee13-70bf-n-f16-shard-flash,0,192.241.129.18:9400,nvidia-dcgm-exporter,NVIDIA A100-SXM4-80GB,nvidia-gpu-operator,nvidia-dcgm-exporter-xq25l,openshift-monitoring/k8s,nvidia-dcgm-exporter,0.0
2024-05-21 16:22:30.772000074,NVIDIA,6.16,G506.0210.00.03,2.0,1652523023451,92.00.45.00.05,535.104.05,12.535.104.05,fmaas-devstage-backen-9cjgj-worker-a100-il-rdma-3-jx6tm,GPU-5a7be2c2-efcc-3083-73b1-eee12a966584,DCGM_FI_DEV_ROW_REMAP_FAILURE,nvidia-dcgm-exporter,nvidia0,gpu-metrics,text-generation-server,tgis-dev,tee13-70bf-n-f16-shard-flash,0,192.241.129.18:9400,nvidia-dcgm-exporter,NVIDIA A100-SXM4-80GB,nvidia-gpu-operator,nvidia-dcgm-exporter-xq25l,openshift-monitoring/k8s,nvidia-dcgm-exporter,0.0
2024-05-21 16:23:00.772000074,NVIDIA,6.16,G506.0210.00.03,2.0,1652523023451,92.00.45.00.05,535.104.05,12.535.104.05,fmaas-devstage-backen-9cjgj-worker-a100-il-rdma-3-jx6tm,GPU-5a7be2c2-efcc-3083-73b1-eee12a966584,DCGM_FI_DEV_ROW_REMAP_FAILURE,nvidia-dcgm-exporter,nvidia0,gpu-metrics,text-generation-server,tgis-dev,tee13-70bf-n-f16-shard-flash,0,192.241.129.18:9400,nvidia-dcgm-exporter,NVIDIA A100-SXM4-80GB,nvidia-gpu-operator,nvidia-dcgm-exporter-xq25l,openshift-monitoring/k8s,nvidia-dcgm-exporter,0.0
2024-05-21 16:23:30.772000074,NVIDIA,6.16,G506.0210.00.03,2.0,1652523023451,92.00.45.00.05,535.104.05,12.535.104.05,fmaas-devstage-backen-9cjgj-worker-a100-il-rdma-3-jx6tm,GPU-5a7be2c2-efcc-3083-73b1-eee12a966584,DCGM_FI_DEV_ROW_REMAP_FAILURE,nvidia-dcgm-exporter,nvidia0,gpu-metrics,text-generation-server,tgis-dev,tee13-70bf-n-f16-shard-flash,0,192.241.129.18:9400,nvidia-dcgm-exporter,NVIDIA A100-SXM4-80GB,nvidia-gpu-operator,nvidia-dcgm-exporter-xq25l,openshift-monitoring/k8s,nvidia-dcgm-exporter,0.0
2024-05-21 16:24:00.772000074,NVIDIA,6.16,G506.0210.00.03,2.0,1652523023451,92.00.45.00.05,535.104.05,12.535.104.05,fmaas-devstage-backen-9cjgj-worker-a100-il-rdma-3-jx6tm,GPU-5a7be2c2-efcc-3083-73b1-eee12a966584,DCGM_FI_DEV_ROW_REMAP_FAILURE,nvidia-dcgm-exporter,nvidia0,gpu-metrics,text-generation-server,tgis-dev,tee13-70bf-n-f16-shard-flash,0,192.241.129.18:9400,nvidia-dcgm-exporter,NVIDIA A100-SXM4-80GB,nvidia-gpu-operator,nvidia-dcgm-exporter-xq25l,openshift-monitoring/k8s,nvidia-dcgm-exporter,0.0
2024-05-21 16:24:30.772000074,NVIDIA,6.16,G506.0210.00.03,2.0,1652523023451,92.00.45.00.05,535.104.05,12.535.104.05,fmaas-devstage-backen-9cjgj-worker-a100-il-rdma-3-jx6tm,GPU-5a7be2c2-efcc-3083-73b1-eee12a966584,DCGM_FI_DEV_ROW_REMAP_FAILURE,nvidia-dcgm-exporter,nvidia0,gpu-metrics,text-generation-server,tgis-dev,tee13-70bf-n-f16-shard-flash,0,192.241.129.18:9400,nvidia-dcgm-exporter,NVIDIA A100-SXM4-80GB,nvidia-gpu-operator,nvidia-dcgm-exporter-xq25l,openshift-monitoring/k8s,nvidia-dcgm-exporter,0.0
2024-05-21 16:25:00.772000074,NVIDIA,6.16,G506.0210.00.03,2.0,1652523023451,92.00.45.00.05,535.104.05,12.535.104.05,fmaas-devstage-backen-9cjgj-worker-a100-il-rdma-3-jx6tm,GPU-5a7be2c2-efcc-3083-73b1-eee12a966584,DCGM_FI_DEV_ROW_REMAP_FAILURE,nvidia-dcgm-exporter,nvidia0,gpu-metrics,text-generation-server,tgis-dev,tee13-70bf-n-f16-shard-flash,0,192.241.129.18:9400,nvidia-dcgm-exporter,NVIDIA A100-SXM4-80GB,nvidia-gpu-operator,nvidia-dcgm-exporter-xq25l,openshift-monitoring/k8s,nvidia-dcgm-exporter,0.0
2024-05-21 16:25:30.772000074,NVIDIA,6.16,G506.0210.00.03,2.0,1652523023451,92.00.45.00.05,535.104.05,12.535.104.05,fmaas-devstage-backen-9cjgj-worker-a100-il-rdma-3-jx6tm,GPU-5a7be2c2-efcc-3083-73b1-eee12a966584,DCGM_FI_DEV_ROW_REMAP_FAILURE,nvidia-dcgm-exporter,nvidia0,gpu-metrics,text-generation-server,tgis-dev,tee13-70bf-n-f16-shard-flash,0,192.241.129.18:9400,nvidia-dcgm-exporter,NVIDIA A100-SXM4-80GB,nvidia-gpu-operator,nvidia-dcgm-exporter-xq25l,openshift-monitoring/k8s,nvidia-dcgm-exporter,0.0
2024-05-21 16:15:43.667999983,NVIDIA,6.16,G506.0210.00.03,2.0,1652523023451,92.00.45.00.05,535.104.05,12.535.104.05,fmaas-devstage-backen-9cjgj-worker-a100-il-rdma-3-jx6tm,GPU-5a7be2c2-efcc-3083-73b1-eee12a966584,DCGM_FI_DEV_ROW_REMAP_FAILURE,nvidia-dcgm-exporter,nvidia0,gpu-metrics,,,,0,192.241.129.18:9400,nvidia-dcgm-exporter,NVIDIA A100-SXM4-80GB,nvidia-gpu-operator,nvidia-dcgm-exporter-xq25l,openshift-monitoring/k8s,nvidia-dcgm-exporter,0.0
2024-05-21 16:16:00.772000074,NVIDIA,6.16,G506.0210.00.03,2.0,1652523023451,92.00.45.00.05,535.104.05,12.535.104.05,fmaas-devstage-backen-9cjgj-worker-a100-il-rdma-3-jx6tm,GPU-5a7be2c2-efcc-3083-73b1-eee12a966584,DCGM_FI_DEV_ROW_REMAP_FAILURE,nvidia-dcgm-exporter,nvidia0,gpu-metrics,,,,0,192.241.129.18:9400,nvidia-dcgm-exporter,NVIDIA A100-SXM4-80GB,nvidia-gpu-operator,nvidia-dcgm-exporter-xq25l,openshift-monitoring/k8s,nvidia-dcgm-exporter,0.0
2024-05-21 16:16:30.772000074,NVIDIA,6.16,G506.0210.00.03,2.0,1652523023451,92.00.45.00.05,535.104.05,12.535.104.05,fmaas-devstage-backen-9cjgj-worker-a100-il-rdma-3-jx6tm,GPU-5a7be2c2-efcc-3083-73b1-eee12a966584,DCGM_FI_DEV_ROW_REMAP_FAILURE,nvidia-dcgm-exporter,nvidia0,gpu-metrics,,,,0,192.241.129.18:9400,nvidia-dcgm-exporter,NVIDIA A100-SXM4-80GB,nvidia-gpu-operator,nvidia-dcgm-exporter-xq25l,openshift-monitoring/k8s,nvidia-dcgm-exporter,0.0
2024-05-21 16:17:00.772000074,NVIDIA,6.16,G506.0210.00.03,2.0,1652523023451,92.00.45.00.05,535.104.05,12.535.104.05,fmaas-devstage-backen-9cjgj-worker-a100-il-rdma-3-jx6tm,GPU-5a7be2c2-efcc-3083-73b1-eee12a966584,DCGM_FI_DEV_ROW_REMAP_FAILURE,nvidia-dcgm-exporter,nvidia0,gpu-metrics,,,,0,192.241.129.18:9400,nvidia-dcgm-exporter,NVIDIA A100-SXM4-80GB,nvidia-gpu-operator,nvidia-dcgm-exporter-xq25l,openshift-monitoring/k8s,nvidia-dcgm-exporter,0.0
2024-05-21 16:17:30.772000074,NVIDIA,6.16,G506.0210.00.03,2.0,1652523023451,92.00.45.00.05,535.104.05,12.535.104.05,fmaas-devstage-backen-9cjgj-worker-a100-il-rdma-3-jx6tm,GPU-5a7be2c2-efcc-3083-73b1-eee12a966584,DCGM_FI_DEV_ROW_REMAP_FAILURE,nvidia-dcgm-exporter,nvidia0,gpu-metrics,,,,0,192.241.129.18:9400,nvidia-dcgm-exporter,NVIDIA A100-SXM4-80GB,nvidia-gpu-operator,nvidia-dcgm-exporter-xq25l,openshift-monitoring/k8s,nvidia-dcgm-exporter,0.0
2024-05-21 16:18:00.772000074,NVIDIA,6.16,G506.0210.00.03,2.0,1652523023451,92.00.45.00.05,535.104.05,12.535.104.05,fmaas-devstage-backen-9cjgj-worker-a100-il-rdma-3-jx6tm,GPU-5a7be2c2-efcc-3083-73b1-eee12a966584,DCGM_FI_DEV_ROW_REMAP_FAILURE,nvidia-dcgm-exporter,nvidia0,gpu-metrics,,,,0,192.241.129.18:9400,nvidia-dcgm-exporter,NVIDIA A100-SXM4-80GB,nvidia-gpu-operator,nvidia-dcgm-exporter-xq25l,openshift-monitoring/k8s,nvidia-dcgm-exporter,0.0
2024-05-21 16:18:30.772000074,NVIDIA,6.16,G506.0210.00.03,2.0,1652523023451,92.00.45.00.05,535.104.05,12.535.104.05,fmaas-devstage-backen-9cjgj-worker-a100-il-rdma-3-jx6tm,GPU-5a7be2c2-efcc-3083-73b1-eee12a966584,DCGM_FI_DEV_ROW_REMAP_FAILURE,nvidia-dcgm-exporter,nvidia0,gpu-metrics,,,,0,192.241.129.18:9400,nvidia-dcgm-exporter,NVIDIA A100-SXM4-80GB,nvidia-gpu-operator,nvidia-dcgm-exporter-xq25l,openshift-monitoring/k8s,nvidia-dcgm-exporter,0.0
2024-05-21 16:25:43.667999983,NVIDIA,6.16,G506.0210.00.03,2.0,1652523001873,92.00.45.00.05,535.104.05,12.535.104.05,fmaas-devstage-backen-9cjgj-worker-a100-il-rdma-3-jx6tm,GPU-005a31d4-76ae-2dd3-af84-3b7039e24835,DCGM_FI_DEV_ROW_REMAP_FAILURE,nvidia-dcgm-exporter,nvidia6,gpu-metrics,text-generation-server,tgis-dev,tee13-70bf-n-f16-shard-flash,6,192.241.129.18:9400,nvidia-dcgm-exporter,NVIDIA A100-SXM4-80GB,nvidia-gpu-operator,nvidia-dcgm-exporter-xq25l,openshift-monitoring/k8s,nvidia-dcgm-exporter,0.0
2024-05-21 16:26:00.772000074,NVIDIA,6.16,G506.0210.00.03,2.0,1652523001873,92.00.45.00.05,535.104.05,12.535.104.05,fmaas-devstage-backen-9cjgj-worker-a100-il-rdma-3-jx6tm,GPU-005a31d4-76ae-2dd3-af84-3b7039e24835,DCGM_FI_DEV_ROW_REMAP_FAILURE,nvidia-dcgm-exporter,nvidia6,gpu-metrics,text-generation-server,tgis-dev,tee13-70bf-n-f16-shard-flash,6,192.241.129.18:9400,nvidia-dcgm-exporter,NVIDIA A100-SXM4-80GB,nvidia-gpu-operator,nvidia-dcgm-exporter-xq25l,openshift-monitoring/k8s,nvidia-dcgm-exporter,0.0
2024-05-21 16:26:30.772000074,NVIDIA,6.16,G506.0210.00.03,2.0,1652523001873,92.00.45.00.05,535.104.05,12.535.104.05,fmaas-devstage-backen-9cjgj-worker-a100-il-rdma-3-jx6tm,GPU-005a31d4-76ae-2dd3-af84-3b7039e24835,DCGM_FI_DEV_ROW_REMAP_FAILURE,nvidia-dcgm-exporter,nvidia6,gpu-metrics,text-generation-server,tgis-dev,tee13-70bf-n-f16-shard-flash,6,192.241.129.18:9400,nvidia-dcgm-exporter,NVIDIA A100-SXM4-80GB,nvidia-gpu-operator,nvidia-dcgm-exporter-xq25l,openshift-monitoring/k8s,nvidia-dcgm-exporter,0.0
2024-05-21 16:27:00.772000074,NVIDIA,6.16,G506.0210.00.03,2.0,1652523001873,92.00.45.00.05,535.104.05,12.535.104.05,fmaas-devstage-backen-9cjgj-worker-a100-il-rdma-3-jx6tm,GPU-005a31d4-76ae-2dd3-af84-3b7039e24835,DCGM_FI_DEV_ROW_REMAP_FAILURE,nvidia-dcgm-exporter,nvidia6,gpu-metrics,text-generation-server,tgis-dev,tee13-70bf-n-f16-shard-flash,6,192.241.129.18:9400,nvidia-dcgm-exporter,NVIDIA A100-SXM4-80GB,nvidia-gpu-operator,nvidia-dcgm-exporter-xq25l,openshift-monitoring/k8s,nvidia-dcgm-exporter,0.0
2024-05-21 16:29:13.667999983,NVIDIA,6.16,G506.0210.00.03,2.0,1652523001873,92.00.45.00.05,535.104.05,12.535.104.05,fmaas-devstage-backen-9cjgj-worker-a100-il-rdma-3-jx6tm,GPU-005a31d4-76ae-2dd3-af84-3b7039e24835,DCGM_FI_DEV_ROW_REMAP_FAILURE,nvidia-dcgm-exporter,nvidia6,gpu-metrics,text-generation-server,tgis-dev,tee13-mixtr8x7bin-t-f16,6,192.241.129.18:9400,nvidia-dcgm-exporter,NVIDIA A100-SXM4-80GB,nvidia-gpu-operator,nvidia-dcgm-exporter-xq25l,openshift-monitoring/k8s,nvidia-dcgm-exporter,0.0
2024-05-21 16:29:30.772000074,NVIDIA,6.16,G506.0210.00.03,2.0,1652523001873,92.00.45.00.05,535.104.05,12.535.104.05,fmaas-devstage-backen-9cjgj-worker-a100-il-rdma-3-jx6tm,GPU-005a31d4-76ae-2dd3-af84-3b7039e24835,DCGM_FI_DEV_ROW_REMAP_FAILURE,nvidia-dcgm-exporter,nvidia6,gpu-metrics,text-generation-server,tgis-dev,tee13-mixtr8x7bin-t-f16,6,192.241.129.18:9400,nvidia-dcgm-exporter,NVIDIA A100-SXM4-80GB,nvidia-gpu-operator,nvidia-dcgm-exporter-xq25l,openshift-monitoring/k8s,nvidia-dcgm-exporter,0.0
2024-05-21 16:30:00.772000074,NVIDIA,6.16,G506.0210.00.03,2.0,1652523001873,92.00.45.00.05,535.104.05,12.535.104.05,fmaas-devstage-backen-9cjgj-worker-a100-il-rdma-3-jx6tm,GPU-005a31d4-76ae-2dd3-af84-3b7039e24835,DCGM_FI_DEV_ROW_REMAP_FAILURE,nvidia-dcgm-exporter,nvidia6,gpu-metrics,text-generation-server,tgis-dev,tee13-mixtr8x7bin-t-f16,6,192.241.129.18:9400,nvidia-dcgm-exporter,NVIDIA A100-SXM4-80GB,nvidia-gpu-operator,nvidia-dcgm-exporter-xq25l,openshift-monitoring/k8s,nvidia-dcgm-exporter,0.0
2024-05-21 16:30:30.772000074,NVIDIA,6.16,G506.0210.00.03,2.0,1652523001873,92.00.45.00.05,535.104.05,12.535.104.05,fmaas-devstage-backen-9cjgj-worker-a100-il-rdma-3-jx6tm,GPU-005a31d4-76ae-2dd3-af84-3b7039e24835,DCGM_FI_DEV_ROW_REMAP_FAILURE,nvidia-dcgm-exporter,nvidia6,gpu-metrics,text-generation-server,tgis-dev,tee13-mixtr8x7bin-t-f16,6,192.241.129.18:9400,nvidia-dcgm-exporter,NVIDIA A100-SXM4-80GB,nvidia-gpu-operator,nvidia-dcgm-exporter-xq25l,openshift-monitoring/k8s,nvidia-dcgm-exporter,0.0
2024-05-21 16:31:00.772000074,NVIDIA,6.16,G506.0210.00.03,2.0,1652523001873,92.00.45.00.05,535.104.05,12.535.104.05,fmaas-devstage-backen-9cjgj-worker-a100-il-rdma-3-jx6tm,GPU-005a31d4-76ae-2dd3-af84-3b7039e24835,DCGM_FI_DEV_ROW_REMAP_FAILURE,nvidia-dcgm-exporter,nvidia6,gpu-metrics,text-generation-server,tgis-dev,tee13-mixtr8x7bin-t-f16,6,192.241.129.18:9400,nvidia-dcgm-exporter,NVIDIA A100-SXM4-80GB,nvidia-gpu-operator,nvidia-dcgm-exporter-xq25l,openshift-monitoring/k8s,nvidia-dcgm-exporter,0.0
2024-05-21 16:27:30.772000074,NVIDIA,6.16,G506.0210.00.03,2.0,1652523001873,92.00.45.00.05,535.104.05,12.535.104.05,fmaas-devstage-backen-9cjgj-worker-a100-il-rdma-3-jx6tm,GPU-005a31d4-76ae-2dd3-af84-3b7039e24835,DCGM_FI_DEV_ROW_REMAP_FAILURE,nvidia-dcgm-exporter,nvidia6,gpu-metrics,,,,6,192.241.129.18:9400,nvidia-dcgm-exporter,NVIDIA A100-SXM4-80GB,nvidia-gpu-operator,nvidia-dcgm-exporter-xq25l,openshift-monitoring/k8s,nvidia-dcgm-exporter,0.0
2024-05-21 16:27:43.667999983,NVIDIA,6.16,G506.0210.00.03,2.0,1652523001873,92.00.45.00.05,535.104.05,12.535.104.05,fmaas-devstage-backen-9cjgj-worker-a100-il-rdma-3-jx6tm,GPU-005a31d4-76ae-2dd3-af84-3b7039e24835,DCGM_FI_DEV_ROW_REMAP_FAILURE,nvidia-dcgm-exporter,nvidia6,gpu-metrics,,,,6,192.241.129.18:9400,nvidia-dcgm-exporter,NVIDIA A100-SXM4-80GB,nvidia-gpu-operator,nvidia-dcgm-exporter-xq25l,openshift-monitoring/k8s,nvidia-dcgm-exporter,0.0
2024-05-21 16:28:13.667999983,NVIDIA,6.16,G506.0210.00.03,2.0,1652523001873,92.00.45.00.05,535.104.05,12.535.104.05,fmaas-devstage-backen-9cjgj-worker-a100-il-rdma-3-jx6tm,GPU-005a31d4-76ae-2dd3-af84-3b7039e24835,DCGM_FI_DEV_ROW_REMAP_FAILURE,nvidia-dcgm-exporter,nvidia6,gpu-metrics,,,,6,192.241.129.18:9400,nvidia-dcgm-exporter,NVIDIA A100-SXM4-80GB,nvidia-gpu-operator,nvidia-dcgm-exporter-xq25l,openshift-monitoring/k8s,nvidia-dcgm-exporter,0.0
2024-05-21 16:28:43.667999983,NVIDIA,6.16,G506.0210.00.03,2.0,1652523001873,92.00.45.00.05,535.104.05,12.535.104.05,fmaas-devstage-backen-9cjgj-worker-a100-il-rdma-3-jx6tm,GPU-005a31d4-76ae-2dd3-af84-3b7039e24835,DCGM_FI_DEV_ROW_REMAP_FAILURE,nvidia-dcgm-exporter,nvidia6,gpu-metrics,,,,6,192.241.129.18:9400,nvidia-dcgm-exporter,NVIDIA A100-SXM4-80GB,nvidia-gpu-operator,nvidia-dcgm-exporter-xq25l,openshift-monitoring/k8s,nvidia-dcgm-exporter,0.0
2024-05-21 16:31:30.772000074,NVIDIA,6.16,G506.0210.00.03,2.0,1652523001873,92.00.45.00.05,535.104.05,12.535.104.05,fmaas-devstage-backen-9cjgj-worker-a100-il-rdma-3-jx6tm,GPU-005a31d4-76ae-2dd3-af84-3b7039e24835,DCGM_FI_DEV_ROW_REMAP_FAILURE,nvidia-dcgm-exporter,nvidia6,gpu-metrics,,,,6,192.241.129.18:9400,nvidia-dcgm-exporter,NVIDIA A100-SXM4-80GB,nvidia-gpu-operator,nvidia-dcgm-exporter-xq25l,openshift-monitoring/k8s,nvidia-dcgm-exporter,0.0
2024-05-21 16:32:00.772000074,NVIDIA,6.16,G506.0210.00.03,2.0,1652523001873,92.00.45.00.05,535.104.05,12.535.104.05,fmaas-devstage-backen-9cjgj-worker-a100-il-rdma-3-jx6tm,GPU-005a31d4-76ae-2dd3-af84-3b7039e24835,DCGM_FI_DEV_ROW_REMAP_FAILURE,nvidia-dcgm-exporter,nvidia6,gpu-metrics,,,,6,192.241.129.18:9400,nvidia-dcgm-exporter,NVIDIA A100-SXM4-80GB,nvidia-gpu-operator,nvidia-dcgm-exporter-xq25l,openshift-monitoring/k8s,nvidia-dcgm-exporter,0.0
2024-05-21 16:32:30.772000074,NVIDIA,6.16,G506.0210.00.03,2.0,1652523001873,92.00.45.00.05,535.104.05,12.535.104.05,fmaas-devstage-backen-9cjgj-worker-a100-il-rdma-3-jx6tm,GPU-005a31d4-76ae-2dd3-af84-3b7039e24835,DCGM_FI_DEV_ROW_REMAP_FAILURE,nvidia-dcgm-exporter,nvidia6,gpu-metrics,,,,6,192.241.129.18:9400,nvidia-dcgm-exporter,NVIDIA A100-SXM4-80GB,nvidia-gpu-operator,nvidia-dcgm-exporter-xq25l,openshift-monitoring/k8s,nvidia-dcgm-exporter,0.0
2024-05-21 16:33:00.772000074,NVIDIA,6.16,G506.0210.00.03,2.0,1652523001873,92.00.45.00.05,535.104.05,12.535.104.05,fmaas-devstage-backen-9cjgj-worker-a100-il-rdma-3-jx6tm,GPU-005a31d4-76ae-2dd3-af84-3b7039e24835,DCGM_FI_DEV_ROW_REMAP_FAILURE,nvidia-dcgm-exporter,nvidia6,gpu-metrics,,,,6,192.241.129.18:9400,nvidia-dcgm-exporter,NVIDIA A100-SXM4-80GB,nvidia-gpu-operator,nvidia-dcgm-exporter-xq25l,openshift-monitoring/k8s,nvidia-dcgm-exporter,0.0
2024-05-21 16:33:30.772000074,NVIDIA,6.16,G506.0210.00.03,2.0,1652523001873,92.00.45.00.05,535.104.05,12.535.104.05,fmaas-devstage-backen-9cjgj-worker-a100-il-rdma-3-jx6tm,GPU-005a31d4-76ae-2dd3-af84-3b7039e24835,DCGM_FI_DEV_ROW_REMAP_FAILURE,nvidia-dcgm-exporter,nvidia6,gpu-metrics,,,,6,192.241.129.18:9400,nvidia-dcgm-exporter,NVIDIA A100-SXM4-80GB,nvidia-gpu-operator,nvidia-dcgm-exporter-xq25l,openshift-monitoring/k8s,nvidia-dcgm-exporter,0.0
2024-05-21 16:34:00.772000074,NVIDIA,6.16,G506.0210.00.03,2.0,1652523001873,92.00.45.00.05,535.104.05,12.535.104.05,fmaas-devstage-backen-9cjgj-worker-a100-il-rdma-3-jx6tm,GPU-005a31d4-76ae-2dd3-af84-3b7039e24835,DCGM_FI_DEV_ROW_REMAP_FAILURE,nvidia-dcgm-exporter,nvidia6,gpu-metrics,,,,6,192.241.129.18:9400,nvidia-dcgm-exporter,NVIDIA A100-SXM4-80GB,nvidia-gpu-operator,nvidia-dcgm-exporter-xq25l,openshift-monitoring/k8s,nvidia-dcgm-exporter,0.0
2024-05-21 16:34:30.772000074,NVIDIA,6.16,G506.0210.00.03,2.0,1652523001873,92.00.45.00.05,535.104.05,12.535.104.05,fmaas-devstage-backen-9cjgj-worker-a100-il-rdma-3-jx6tm,GPU-005a31d4-76ae-2dd3-af84-3b7039e24835,DCGM_FI_DEV_ROW_REMAP_FAILURE,nvidia-dcgm-exporter,nvidia6,gpu-metrics,,,,6,192.241.129.18:9400,nvidia-dcgm-exporter,NVIDIA A100-SXM4-80GB,nvidia-gpu-operator,nvidia-dcgm-exporter-xq25l,openshift-monitoring/k8s,nvidia-dcgm-exporter,0.0
2024-05-21 16:35:00.772000074,NVIDIA,6.16,G506.0210.00.03,2.0,1652523001873,92.00.45.00.05,535.104.05,12.535.104.05,fmaas-devstage-backen-9cjgj-worker-a100-il-rdma-3-jx6tm,GPU-005a31d4-76ae-2dd3-af84-3b7039e24835,DCGM_FI_DEV_ROW_REMAP_FAILURE,nvidia-dcgm-exporter,nvidia6,gpu-metrics,,,,6,192.241.129.18:9400,nvidia-dcgm-exporter,NVIDIA A100-SXM4-80GB,nvidia-gpu-operator,nvidia-dcgm-exporter-xq25l,openshift-monitoring/k8s,nvidia-dcgm-exporter,0.0
2024-05-21 16:35:30.772000074,NVIDIA,6.16,G506.0210.00.03,2.0,1652523001873,92.00.45.00.05,535.104.05,12.535.104.05,fmaas-devstage-backen-9cjgj-worker-a100-il-rdma-3-jx6tm,GPU-005a31d4-76ae-2dd3-af84-3b7039e24835,DCGM_FI_DEV_ROW_REMAP_FAILURE,nvidia-dcgm-exporter,nvidia6,gpu-metrics,,,,6,192.241.129.18:9400,nvidia-dcgm-exporter,NVIDIA A100-SXM4-80GB,nvidia-gpu-operator,nvidia-dcgm-exporter-xq25l,openshift-monitoring/k8s,nvidia-dcgm-exporter,0.0
2024-05-21 16:25:43.667999983,NVIDIA,6.16,G506.0210.00.03,2.0,1652523002864,92.00.45.00.05,535.104.05,12.535.104.05,fmaas-devstage-backen-9cjgj-worker-a100-il-rdma-3-jx6tm,GPU-bd65bd70-5a12-7002-a705-315758f75144,DCGM_FI_DEV_ROW_REMAP_FAILURE,nvidia-dcgm-exporter,nvidia7,gpu-metrics,caikit-runtime,fmaas-tuning,devstage-cais-bcbf7c8fb-pxhmp,7,192.241.129.18:9400,nvidia-dcgm-exporter,NVIDIA A100-SXM4-80GB,nvidia-gpu-operator,nvidia-dcgm-exporter-xq25l,openshift-monitoring/k8s,nvidia-dcgm-exporter,0.0
2024-05-21 16:26:00.772000074,NVIDIA,6.16,G506.0210.00.03,2.0,1652523002864,92.00.45.00.05,535.104.05,12.535.104.05,fmaas-devstage-backen-9cjgj-worker-a100-il-rdma-3-jx6tm,GPU-bd65bd70-5a12-7002-a705-315758f75144,DCGM_FI_DEV_ROW_REMAP_FAILURE,nvidia-dcgm-exporter,nvidia7,gpu-metrics,caikit-runtime,fmaas-tuning,devstage-cais-bcbf7c8fb-pxhmp,7,192.241.129.18:9400,nvidia-dcgm-exporter,NVIDIA A100-SXM4-80GB,nvidia-gpu-operator,nvidia-dcgm-exporter-xq25l,openshift-monitoring/k8s,nvidia-dcgm-exporter,0.0
2024-05-21 16:26:30.772000074,NVIDIA,6.16,G506.0210.00.03,2.0,1652523002864,92.00.45.00.05,535.104.05,12.535.104.05,fmaas-devstage-backen-9cjgj-worker-a100-il-rdma-3-jx6tm,GPU-bd65bd70-5a12-7002-a705-315758f75144,DCGM_FI_DEV_ROW_REMAP_FAILURE,nvidia-dcgm-exporter,nvidia7,gpu-metrics,caikit-runtime,fmaas-tuning,devstage-cais-bcbf7c8fb-pxhmp,7,192.241.129.18:9400,nvidia-dcgm-exporter,NVIDIA A100-SXM4-80GB,nvidia-gpu-operator,nvidia-dcgm-exporter-xq25l,openshift-monitoring/k8s,nvidia-dcgm-exporter,0.0
2024-05-21 16:27:00.772000074,NVIDIA,6.16,G506.0210.00.03,2.0,1652523002864,92.00.45.00.05,535.104.05,12.535.104.05,fmaas-devstage-backen-9cjgj-worker-a100-il-rdma-3-jx6tm,GPU-bd65bd70-5a12-7002-a705-315758f75144,DCGM_FI_DEV_ROW_REMAP_FAILURE,nvidia-dcgm-exporter,nvidia7,gpu-metrics,caikit-runtime,fmaas-tuning,devstage-cais-bcbf7c8fb-pxhmp,7,192.241.129.18:9400,nvidia-dcgm-exporter,NVIDIA A100-SXM4-80GB,nvidia-gpu-operator,nvidia-dcgm-exporter-xq25l,openshift-monitoring/k8s,nvidia-dcgm-exporter,0.0
2024-05-21 16:27:30.772000074,NVIDIA,6.16,G506.0210.00.03,2.0,1652523002864,92.00.45.00.05,535.104.05,12.535.104.05,fmaas-devstage-backen-9cjgj-worker-a100-il-rdma-3-jx6tm,GPU-bd65bd70-5a12-7002-a705-315758f75144,DCGM_FI_DEV_ROW_REMAP_FAILURE,nvidia-dcgm-exporter,nvidia7,gpu-metrics,caikit-runtime,fmaas-tuning,devstage-cais-bcbf7c8fb-pxhmp,7,192.241.129.18:9400,nvidia-dcgm-exporter,NVIDIA A100-SXM4-80GB,nvidia-gpu-operator,nvidia-dcgm-exporter-xq25l,openshift-monitoring/k8s,nvidia-dcgm-exporter,0.0
2024-05-21 16:28:00.772000074,NVIDIA,6.16,G506.0210.00.03,2.0,1652523002864,92.00.45.00.05,535.104.05,12.535.104.05,fmaas-devstage-backen-9cjgj-worker-a100-il-rdma-3-jx6tm,GPU-bd65bd70-5a12-7002-a705-315758f75144,DCGM_FI_DEV_ROW_REMAP_FAILURE,nvidia-dcgm-exporter,nvidia7,gpu-metrics,caikit-runtime,fmaas-tuning,devstage-cais-bcbf7c8fb-pxhmp,7,192.241.129.18:9400,nvidia-dcgm-exporter,NVIDIA A100-SXM4-80GB,nvidia-gpu-operator,nvidia-dcgm-exporter-xq25l,openshift-monitoring/k8s,nvidia-dcgm-exporter,0.0
2024-05-21 16:28:30.772000074,NVIDIA,6.16,G506.0210.00.03,2.0,1652523002864,92.00.45.00.05,535.104.05,12.535.104.05,fmaas-devstage-backen-9cjgj-worker-a100-il-rdma-3-jx6tm,GPU-bd65bd70-5a12-7002-a705-315758f75144,DCGM_FI_DEV_ROW_REMAP_FAILURE,nvidia-dcgm-exporter,nvidia7,gpu-metrics,caikit-runtime,fmaas-tuning,devstage-cais-bcbf7c8fb-pxhmp,7,192.241.129.18:9400,nvidia-dcgm-exporter,NVIDIA A100-SXM4-80GB,nvidia-gpu-operator,nvidia-dcgm-exporter-xq25l,openshift-monitoring/k8s,nvidia-dcgm-exporter,0.0
2024-05-21 16:29:00.772000074,NVIDIA,6.16,G506.0210.00.03,2.0,1652523002864,92.00.45.00.05,535.104.05,12.535.104.05,fmaas-devstage-backen-9cjgj-worker-a100-il-rdma-3-jx6tm,GPU-bd65bd70-5a12-7002-a705-315758f75144,DCGM_FI_DEV_ROW_REMAP_FAILURE,nvidia-dcgm-exporter,nvidia7,gpu-metrics,caikit-runtime,fmaas-tuning,devstage-cais-bcbf7c8fb-pxhmp,7,192.241.129.18:9400,nvidia-dcgm-exporter,NVIDIA A100-SXM4-80GB,nvidia-gpu-operator,nvidia-dcgm-exporter-xq25l,openshift-monitoring/k8s,nvidia-dcgm-exporter,0.0
2024-05-21 16:29:30.772000074,NVIDIA,6.16,G506.0210.00.03,2.0,1652523002864,92.00.45.00.05,535.104.05,12.535.104.05,fmaas-devstage-backen-9cjgj-worker-a100-il-rdma-3-jx6tm,GPU-bd65bd70-5a12-7002-a705-315758f75144,DCGM_FI_DEV_ROW_REMAP_FAILURE,nvidia-dcgm-exporter,nvidia7,gpu-metrics,caikit-runtime,fmaas-tuning,devstage-cais-bcbf7c8fb-pxhmp,7,192.241.129.18:9400,nvidia-dcgm-exporter,NVIDIA A100-SXM4-80GB,nvidia-gpu-operator,nvidia-dcgm-exporter-xq25l,openshift-monitoring/k8s,nvidia-dcgm-exporter,0.0
2024-05-21 16:30:00.772000074,NVIDIA,6.16,G506.0210.00.03,2.0,1652523002864,92.00.45.00.05,535.104.05,12.535.104.05,fmaas-devstage-backen-9cjgj-worker-a100-il-rdma-3-jx6tm,GPU-bd65bd70-5a12-7002-a705-315758f75144,DCGM_FI_DEV_ROW_REMAP_FAILURE,nvidia-dcgm-exporter,nvidia7,gpu-metrics,caikit-runtime,fmaas-tuning,devstage-cais-bcbf7c8fb-pxhmp,7,192.241.129.18:9400,nvidia-dcgm-exporter,NVIDIA A100-SXM4-80GB,nvidia-gpu-operator,nvidia-dcgm-exporter-xq25l,openshift-monitoring/k8s,nvidia-dcgm-exporter,0.0
2024-05-21 16:30:30.772000074,NVIDIA,6.16,G506.0210.00.03,2.0,1652523002864,92.00.45.00.05,535.104.05,12.535.104.05,fmaas-devstage-backen-9cjgj-worker-a100-il-rdma-3-jx6tm,GPU-bd65bd70-5a12-7002-a705-315758f75144,DCGM_FI_DEV_ROW_REMAP_FAILURE,nvidia-dcgm-exporter,nvidia7,gpu-metrics,caikit-runtime,fmaas-tuning,devstage-cais-bcbf7c8fb-pxhmp,7,192.241.129.18:9400,nvidia-dcgm-exporter,NVIDIA A100-SXM4-80GB,nvidia-gpu-operator,nvidia-dcgm-exporter-xq25l,openshift-monitoring/k8s,nvidia-dcgm-exporter,0.0
2024-05-21 16:31:00.772000074,NVIDIA,6.16,G506.0210.00.03,2.0,1652523002864,92.00.45.00.05,535.104.05,12.535.104.05,fmaas-devstage-backen-9cjgj-worker-a100-il-rdma-3-jx6tm,GPU-bd65bd70-5a12-7002-a705-315758f75144,DCGM_FI_DEV_ROW_REMAP_FAILURE,nvidia-dcgm-exporter,nvidia7,gpu-metrics,caikit-runtime,fmaas-tuning,devstage-cais-bcbf7c8fb-pxhmp,7,192.241.129.18:9400,nvidia-dcgm-exporter,NVIDIA A100-SXM4-80GB,nvidia-gpu-operator,nvidia-dcgm-exporter-xq25l,openshift-monitoring/k8s,nvidia-dcgm-exporter,0.0
2024-05-21 16:31:30.772000074,NVIDIA,6.16,G506.0210.00.03,2.0,1652523002864,92.00.45.00.05,535.104.05,12.535.104.05,fmaas-devstage-backen-9cjgj-worker-a100-il-rdma-3-jx6tm,GPU-bd65bd70-5a12-7002-a705-315758f75144,DCGM_FI_DEV_ROW_REMAP_FAILURE,nvidia-dcgm-exporter,nvidia7,gpu-metrics,caikit-runtime,fmaas-tuning,devstage-cais-bcbf7c8fb-pxhmp,7,192.241.129.18:9400,nvidia-dcgm-exporter,NVIDIA A100-SXM4-80GB,nvidia-gpu-operator,nvidia-dcgm-exporter-xq25l,openshift-monitoring/k8s,nvidia-dcgm-exporter,0.0
2024-05-21 16:32:00.772000074,NVIDIA,6.16,G506.0210.00.03,2.0,1652523002864,92.00.45.00.05,535.104.05,12.535.104.05,fmaas-devstage-backen-9cjgj-worker-a100-il-rdma-3-jx6tm,GPU-bd65bd70-5a12-7002-a705-315758f75144,DCGM_FI_DEV_ROW_REMAP_FAILURE,nvidia-dcgm-exporter,nvidia7,gpu-metrics,caikit-runtime,fmaas-tuning,devstage-cais-bcbf7c8fb-pxhmp,7,192.241.129.18:9400,nvidia-dcgm-exporter,NVIDIA A100-SXM4-80GB,nvidia-gpu-operator,nvidia-dcgm-exporter-xq25l,openshift-monitoring/k8s,nvidia-dcgm-exporter,0.0
2024-05-21 16:32:30.772000074,NVIDIA,6.16,G506.0210.00.03,2.0,1652523002864,92.00.45.00.05,535.104.05,12.535.104.05,fmaas-devstage-backen-9cjgj-worker-a100-il-rdma-3-jx6tm,GPU-bd65bd70-5a12-7002-a705-315758f75144,DCGM_FI_DEV_ROW_REMAP_FAILURE,nvidia-dcgm-exporter,nvidia7,gpu-metrics,caikit-runtime,fmaas-tuning,devstage-cais-bcbf7c8fb-pxhmp,7,192.241.129.18:9400,nvidia-dcgm-exporter,NVIDIA A100-SXM4-80GB,nvidia-gpu-operator,nvidia-dcgm-exporter-xq25l,openshift-monitoring/k8s,nvidia-dcgm-exporter,0.0
2024-05-21 16:33:00.772000074,NVIDIA,6.16,G506.0210.00.03,2.0,1652523002864,92.00.45.00.05,535.104.05,12.535.104.05,fmaas-devstage-backen-9cjgj-worker-a100-il-rdma-3-jx6tm,GPU-bd65bd70-5a12-7002-a705-315758f75144,DCGM_FI_DEV_ROW_REMAP_FAILURE,nvidia-dcgm-exporter,nvidia7,gpu-metrics,caikit-runtime,fmaas-tuning,devstage-cais-bcbf7c8fb-pxhmp,7,192.241.129.18:9400,nvidia-dcgm-exporter,NVIDIA A100-SXM4-80GB,nvidia-gpu-operator,nvidia-dcgm-exporter-xq25l,openshift-monitoring/k8s,nvidia-dcgm-exporter,0.0
2024-05-21 16:33:30.772000074,NVIDIA,6.16,G506.0210.00.03,2.0,1652523002864,92.00.45.00.05,535.104.05,12.535.104.05,fmaas-devstage-backen-9cjgj-worker-a100-il-rdma-3-jx6tm,GPU-bd65bd70-5a12-7002-a705-315758f75144,DCGM_FI_DEV_ROW_REMAP_FAILURE,nvidia-dcgm-exporter,nvidia7,gpu-metrics,caikit-runtime,fmaas-tuning,devstage-cais-bcbf7c8fb-pxhmp,7,192.241.129.18:9400,nvidia-dcgm-exporter,NVIDIA A100-SXM4-80GB,nvidia-gpu-operator,nvidia-dcgm-exporter-xq25l,openshift-monitoring/k8s,nvidia-dcgm-exporter,0.0
2024-05-21 16:34:00.772000074,NVIDIA,6.16,G506.0210.00.03,2.0,1652523002864,92.00.45.00.05,535.104.05,12.535.104.05,fmaas-devstage-backen-9cjgj-worker-a100-il-rdma-3-jx6tm,GPU-bd65bd70-5a12-7002-a705-315758f75144,DCGM_FI_DEV_ROW_REMAP_FAILURE,nvidia-dcgm-exporter,nvidia7,gpu-metrics,caikit-runtime,fmaas-tuning,devstage-cais-bcbf7c8fb-pxhmp,7,192.241.129.18:9400,nvidia-dcgm-exporter,NVIDIA A100-SXM4-80GB,nvidia-gpu-operator,nvidia-dcgm-exporter-xq25l,openshift-monitoring/k8s,nvidia-dcgm-exporter,0.0
2024-05-21 16:34:30.772000074,NVIDIA,6.16,G506.0210.00.03,2.0,1652523002864,92.00.45.00.05,535.104.05,12.535.104.05,fmaas-devstage-backen-9cjgj-worker-a100-il-rdma-3-jx6tm,GPU-bd65bd70-5a12-7002-a705-315758f75144,DCGM_FI_DEV_ROW_REMAP_FAILURE,nvidia-dcgm-exporter,nvidia7,gpu-metrics,caikit-runtime,fmaas-tuning,devstage-cais-bcbf7c8fb-pxhmp,7,192.241.129.18:9400,nvidia-dcgm-exporter,NVIDIA A100-SXM4-80GB,nvidia-gpu-operator,nvidia-dcgm-exporter-xq25l,openshift-monitoring/k8s,nvidia-dcgm-exporter,0.0
2024-05-21 16:35:00.772000074,NVIDIA,6.16,G506.0210.00.03,2.0,1652523002864,92.00.45.00.05,535.104.05,12.535.104.05,fmaas-devstage-backen-9cjgj-worker-a100-il-rdma-3-jx6tm,GPU-bd65bd70-5a12-7002-a705-315758f75144,DCGM_FI_DEV_ROW_REMAP_FAILURE,nvidia-dcgm-exporter,nvidia7,gpu-metrics,caikit-runtime,fmaas-tuning,devstage-cais-bcbf7c8fb-pxhmp,7,192.241.129.18:9400,nvidia-dcgm-exporter,NVIDIA A100-SXM4-80GB,nvidia-gpu-operator,nvidia-dcgm-exporter-xq25l,openshift-monitoring/k8s,nvidia-dcgm-exporter,0.0
2024-05-21 16:35:30.772000074,NVIDIA,6.16,G506.0210.00.03,2.0,1652523002864,92.00.45.00.05,535.104.05,12.535.104.05,fmaas-devstage-backen-9cjgj-worker-a100-il-rdma-3-jx6tm,GPU-bd65bd70-5a12-7002-a705-315758f75144,DCGM_FI_DEV_ROW_REMAP_FAILURE,nvidia-dcgm-exporter,nvidia7,gpu-metrics,caikit-runtime,fmaas-tuning,devstage-cais-bcbf7c8fb-pxhmp,7,192.241.129.18:9400,nvidia-dcgm-exporter,NVIDIA A100-SXM4-80GB,nvidia-gpu-operator,nvidia-dcgm-exporter-xq25l,openshift-monitoring/k8s,nvidia-dcgm-exporter,0.0
2024-05-21 16:25:43.667999983,NVIDIA,6.16,G506.0210.00.03,2.0,1652523003950,92.00.45.00.05,535.104.05,12.535.104.05,fmaas-devstage-backen-9cjgj-worker-a100-il-rdma-3-jx6tm,GPU-ed198df6-90a8-c0bf-17bb-f1171d39c5dd,DCGM_FI_DEV_ROW_REMAP_FAILURE,nvidia-dcgm-exporter,nvidia1,gpu-metrics,text-generation-server,tgis-dev,tee13-flant5xl-t-f16,1,192.241.129.18:9400,nvidia-dcgm-exporter,NVIDIA A100-SXM4-80GB,nvidia-gpu-operator,nvidia-dcgm-exporter-xq25l,openshift-monitoring/k8s,nvidia-dcgm-exporter,0.0
2024-05-21 16:26:00.772000074,NVIDIA,6.16,G506.0210.00.03,2.0,1652523003950,92.00.45.00.05,535.104.05,12.535.104.05,fmaas-devstage-backen-9cjgj-worker-a100-il-rdma-3-jx6tm,GPU-ed198df6-90a8-c0bf-17bb-f1171d39c5dd,DCGM_FI_DEV_ROW_REMAP_FAILURE,nvidia-dcgm-exporter,nvidia1,gpu-metrics,,,,1,192.241.129.18:9400,nvidia-dcgm-exporter,NVIDIA A100-SXM4-80GB,nvidia-gpu-operator,nvidia-dcgm-exporter-xq25l,openshift-monitoring/k8s,nvidia-dcgm-exporter,0.0
2024-05-21 16:26:13.667999983,NVIDIA,6.16,G506.0210.00.03,2.0,1652523003950,92.00.45.00.05,535.104.05,12.535.104.05,fmaas-devstage-backen-9cjgj-worker-a100-il-rdma-3-jx6tm,GPU-ed198df6-90a8-c0bf-17bb-f1171d39c5dd,DCGM_FI_DEV_ROW_REMAP_FAILURE,nvidia-dcgm-exporter,nvidia1,gpu-metrics,,,,1,192.241.129.18:9400,nvidia-dcgm-exporter,NVIDIA A100-SXM4-80GB,nvidia-gpu-operator,nvidia-dcgm-exporter-xq25l,openshift-monitoring/k8s,nvidia-dcgm-exporter,0.0
2024-05-21 16:26:43.667999983,NVIDIA,6.16,G506.0210.00.03,2.0,1652523003950,92.00.45.00.05,535.104.05,12.535.104.05,fmaas-devstage-backen-9cjgj-worker-a100-il-rdma-3-jx6tm,GPU-ed198df6-90a8-c0bf-17bb-f1171d39c5dd,DCGM_FI_DEV_ROW_REMAP_FAILURE,nvidia-dcgm-exporter,nvidia1,gpu-metrics,,,,1,192.241.129.18:9400,nvidia-dcgm-exporter,NVIDIA A100-SXM4-80GB,nvidia-gpu-operator,nvidia-dcgm-exporter-xq25l,openshift-monitoring/k8s,nvidia-dcgm-exporter,0.0
2024-05-21 16:27:13.667999983,NVIDIA,6.16,G506.0210.00.03,2.0,1652523003950,92.00.45.00.05,535.104.05,12.535.104.05,fmaas-devstage-backen-9cjgj-worker-a100-il-rdma-3-jx6tm,GPU-ed198df6-90a8-c0bf-17bb-f1171d39c5dd,DCGM_FI_DEV_ROW_REMAP_FAILURE,nvidia-dcgm-exporter,nvidia1,gpu-metrics,,,,1,192.241.129.18:9400,nvidia-dcgm-exporter,NVIDIA A100-SXM4-80GB,nvidia-gpu-operator,nvidia-dcgm-exporter-xq25l,openshift-monitoring/k8s,nvidia-dcgm-exporter,0.0
2024-05-21 16:27:43.667999983,NVIDIA,6.16,G506.0210.00.03,2.0,1652523003950,92.00.45.00.05,535.104.05,12.535.104.05,fmaas-devstage-backen-9cjgj-worker-a100-il-rdma-3-jx6tm,GPU-ed198df6-90a8-c0bf-17bb-f1171d39c5dd,DCGM_FI_DEV_ROW_REMAP_FAILURE,nvidia-dcgm-exporter,nvidia1,gpu-metrics,,,,1,192.241.129.18:9400,nvidia-dcgm-exporter,NVIDIA A100-SXM4-80GB,nvidia-gpu-operator,nvidia-dcgm-exporter-xq25l,openshift-monitoring/k8s,nvidia-dcgm-exporter,0.0
2024-05-21 16:28:13.667999983,NVIDIA,6.16,G506.0210.00.03,2.0,1652523003950,92.00.45.00.05,535.104.05,12.535.104.05,fmaas-devstage-backen-9cjgj-worker-a100-il-rdma-3-jx6tm,GPU-ed198df6-90a8-c0bf-17bb-f1171d39c5dd,DCGM_FI_DEV_ROW_REMAP_FAILURE,nvidia-dcgm-exporter,nvidia1,gpu-metrics,,,,1,192.241.129.18:9400,nvidia-dcgm-exporter,NVIDIA A100-SXM4-80GB,nvidia-gpu-operator,nvidia-dcgm-exporter-xq25l,openshift-monitoring/k8s,nvidia-dcgm-exporter,0.0
2024-05-21 16:28:43.667999983,NVIDIA,6.16,G506.0210.00.03,2.0,1652523003950,92.00.45.00.05,535.104.05,12.535.104.05,fmaas-devstage-backen-9cjgj-worker-a100-il-rdma-3-jx6tm,GPU-ed198df6-90a8-c0bf-17bb-f1171d39c5dd,DCGM_FI_DEV_ROW_REMAP_FAILURE,nvidia-dcgm-exporter,nvidia1,gpu-metrics,,,,1,192.241.129.18:9400,nvidia-dcgm-exporter,NVIDIA A100-SXM4-80GB,nvidia-gpu-operator,nvidia-dcgm-exporter-xq25l,openshift-monitoring/k8s,nvidia-dcgm-exporter,0.0
2024-05-21 16:29:13.667999983,NVIDIA,6.16,G506.0210.00.03,2.0,1652523003950,92.00.45.00.05,535.104.05,12.535.104.05,fmaas-devstage-backen-9cjgj-worker-a100-il-rdma-3-jx6tm,GPU-ed198df6-90a8-c0bf-17bb-f1171d39c5dd,DCGM_FI_DEV_ROW_REMAP_FAILURE,nvidia-dcgm-exporter,nvidia1,gpu-metrics,,,,1,192.241.129.18:9400,nvidia-dcgm-exporter,NVIDIA A100-SXM4-80GB,nvidia-gpu-operator,nvidia-dcgm-exporter-xq25l,openshift-monitoring/k8s,nvidia-dcgm-exporter,0.0
2024-05-21 16:29:43.667999983,NVIDIA,6.16,G506.0210.00.03,2.0,1652523003950,92.00.45.00.05,535.104.05,12.535.104.05,fmaas-devstage-backen-9cjgj-worker-a100-il-rdma-3-jx6tm,GPU-ed198df6-90a8-c0bf-17bb-f1171d39c5dd,DCGM_FI_DEV_ROW_REMAP_FAILURE,nvidia-dcgm-exporter,nvidia1,gpu-metrics,,,,1,192.241.129.18:9400,nvidia-dcgm-exporter,NVIDIA A100-SXM4-80GB,nvidia-gpu-operator,nvidia-dcgm-exporter-xq25l,openshift-monitoring/k8s,nvidia-dcgm-exporter,0.0
2024-05-21 16:30:13.667999983,NVIDIA,6.16,G506.0210.00.03,2.0,1652523003950,92.00.45.00.05,535.104.05,12.535.104.05,fmaas-devstage-backen-9cjgj-worker-a100-il-rdma-3-jx6tm,GPU-ed198df6-90a8-c0bf-17bb-f1171d39c5dd,DCGM_FI_DEV_ROW_REMAP_FAILURE,nvidia-dcgm-exporter,nvidia1,gpu-metrics,,,,1,192.241.129.18:9400,nvidia-dcgm-exporter,NVIDIA A100-SXM4-80GB,nvidia-gpu-operator,nvidia-dcgm-exporter-xq25l,openshift-monitoring/k8s,nvidia-dcgm-exporter,0.0
2024-05-21 16:30:43.667999983,NVIDIA,6.16,G506.0210.00.03,2.0,1652523003950,92.00.45.00.05,535.104.05,12.535.104.05,fmaas-devstage-backen-9cjgj-worker-a100-il-rdma-3-jx6tm,GPU-ed198df6-90a8-c0bf-17bb-f1171d39c5dd,DCGM_FI_DEV_ROW_REMAP_FAILURE,nvidia-dcgm-exporter,nvidia1,gpu-metrics,,,,1,192.241.129.18:9400,nvidia-dcgm-exporter,NVIDIA A100-SXM4-80GB,nvidia-gpu-operator,nvidia-dcgm-exporter-xq25l,openshift-monitoring/k8s,nvidia-dcgm-exporter,0.0
2024-05-21 16:31:13.667999983,NVIDIA,6.16,G506.0210.00.03,2.0,1652523003950,92.00.45.00.05,535.104.05,12.535.104.05,fmaas-devstage-backen-9cjgj-worker-a100-il-rdma-3-jx6tm,GPU-ed198df6-90a8-c0bf-17bb-f1171d39c5dd,DCGM_FI_DEV_ROW_REMAP_FAILURE,nvidia-dcgm-exporter,nvidia1,gpu-metrics,,,,1,192.241.129.18:9400,nvidia-dcgm-exporter,NVIDIA A100-SXM4-80GB,nvidia-gpu-operator,nvidia-dcgm-exporter-xq25l,openshift-monitoring/k8s,nvidia-dcgm-exporter,0.0
2024-05-21 16:31:43.667999983,NVIDIA,6.16,G506.0210.00.03,2.0,1652523003950,92.00.45.00.05,535.104.05,12.535.104.05,fmaas-devstage-backen-9cjgj-worker-a100-il-rdma-3-jx6tm,GPU-ed198df6-90a8-c0bf-17bb-f1171d39c5dd,DCGM_FI_DEV_ROW_REMAP_FAILURE,nvidia-dcgm-exporter,nvidia1,gpu-metrics,,,,1,192.241.129.18:9400,nvidia-dcgm-exporter,NVIDIA A100-SXM4-80GB,nvidia-gpu-operator,nvidia-dcgm-exporter-xq25l,openshift-monitoring/k8s,nvidia-dcgm-exporter,0.0
2024-05-21 16:32:13.667999983,NVIDIA,6.16,G506.0210.00.03,2.0,1652523003950,92.00.45.00.05,535.104.05,12.535.104.05,fmaas-devstage-backen-9cjgj-worker-a100-il-rdma-3-jx6tm,GPU-ed198df6-90a8-c0bf-17bb-f1171d39c5dd,DCGM_FI_DEV_ROW_REMAP_FAILURE,nvidia-dcgm-exporter,nvidia1,gpu-metrics,,,,1,192.241.129.18:9400,nvidia-dcgm-exporter,NVIDIA A100-SXM4-80GB,nvidia-gpu-operator,nvidia-dcgm-exporter-xq25l,openshift-monitoring/k8s,nvidia-dcgm-exporter,0.0
2024-05-21 16:32:43.667999983,NVIDIA,6.16,G506.0210.00.03,2.0,1652523003950,92.00.45.00.05,535.104.05,12.535.104.05,fmaas-devstage-backen-9cjgj-worker-a100-il-rdma-3-jx6tm,GPU-ed198df6-90a8-c0bf-17bb-f1171d39c5dd,DCGM_FI_DEV_ROW_REMAP_FAILURE,nvidia-dcgm-exporter,nvidia1,gpu-metrics,,,,1,192.241.129.18:9400,nvidia-dcgm-exporter,NVIDIA A100-SXM4-80GB,nvidia-gpu-operator,nvidia-dcgm-exporter-xq25l,openshift-monitoring/k8s,nvidia-dcgm-exporter,0.0
2024-05-21 16:33:13.667999983,NVIDIA,6.16,G506.0210.00.03,2.0,1652523003950,92.00.45.00.05,535.104.05,12.535.104.05,fmaas-devstage-backen-9cjgj-worker-a100-il-rdma-3-jx6tm,GPU-ed198df6-90a8-c0bf-17bb-f1171d39c5dd,DCGM_FI_DEV_ROW_REMAP_FAILURE,nvidia-dcgm-exporter,nvidia1,gpu-metrics,,,,1,192.241.129.18:9400,nvidia-dcgm-exporter,NVIDIA A100-SXM4-80GB,nvidia-gpu-operator,nvidia-dcgm-exporter-xq25l,openshift-monitoring/k8s,nvidia-dcgm-exporter,0.0
2024-05-21 16:33:43.667999983,NVIDIA,6.16,G506.0210.00.03,2.0,1652523003950,92.00.45.00.05,535.104.05,12.535.104.05,fmaas-devstage-backen-9cjgj-worker-a100-il-rdma-3-jx6tm,GPU-ed198df6-90a8-c0bf-17bb-f1171d39c5dd,DCGM_FI_DEV_ROW_REMAP_FAILURE,nvidia-dcgm-exporter,nvidia1,gpu-metrics,,,,1,192.241.129.18:9400,nvidia-dcgm-exporter,NVIDIA A100-SXM4-80GB,nvidia-gpu-operator,nvidia-dcgm-exporter-xq25l,openshift-monitoring/k8s,nvidia-dcgm-exporter,0.0
2024-05-21 16:34:13.667999983,NVIDIA,6.16,G506.0210.00.03,2.0,1652523003950,92.00.45.00.05,535.104.05,12.535.104.05,fmaas-devstage-backen-9cjgj-worker-a100-il-rdma-3-jx6tm,GPU-ed198df6-90a8-c0bf-17bb-f1171d39c5dd,DCGM_FI_DEV_ROW_REMAP_FAILURE,nvidia-dcgm-exporter,nvidia1,gpu-metrics,,,,1,192.241.129.18:9400,nvidia-dcgm-exporter,NVIDIA A100-SXM4-80GB,nvidia-gpu-operator,nvidia-dcgm-exporter-xq25l,openshift-monitoring/k8s,nvidia-dcgm-exporter,0.0
2024-05-21 16:34:43.667999983,NVIDIA,6.16,G506.0210.00.03,2.0,1652523003950,92.00.45.00.05,535.104.05,12.535.104.05,fmaas-devstage-backen-9cjgj-worker-a100-il-rdma-3-jx6tm,GPU-ed198df6-90a8-c0bf-17bb-f1171d39c5dd,DCGM_FI_DEV_ROW_REMAP_FAILURE,nvidia-dcgm-exporter,nvidia1,gpu-metrics,,,,1,192.241.129.18:9400,nvidia-dcgm-exporter,NVIDIA A100-SXM4-80GB,nvidia-gpu-operator,nvidia-dcgm-exporter-xq25l,openshift-monitoring/k8s,nvidia-dcgm-exporter,0.0
2024-05-21 16:35:13.667999983,NVIDIA,6.16,G506.0210.00.03,2.0,1652523003950,92.00.45.00.05,535.104.05,12.535.104.05,fmaas-devstage-backen-9cjgj-worker-a100-il-rdma-3-jx6tm,GPU-ed198df6-90a8-c0bf-17bb-f1171d39c5dd,DCGM_FI_DEV_ROW_REMAP_FAILURE,nvidia-dcgm-exporter,nvidia1,gpu-metrics,,,,1,192.241.129.18:9400,nvidia-dcgm-exporter,NVIDIA A100-SXM4-80GB,nvidia-gpu-operator,nvidia-dcgm-exporter-xq25l,openshift-monitoring/k8s,nvidia-dcgm-exporter,0.0
2024-05-21 16:25:43.667999983,NVIDIA,6.16,G506.0210.00.03,2.0,1652523003996,92.00.45.00.05,535.104.05,12.535.104.05,fmaas-devstage-backen-9cjgj-worker-a100-il-rdma-3-jx6tm,GPU-f94e20f3-b883-1dc9-1c93-9769594edc6a,DCGM_FI_DEV_ROW_REMAP_FAILURE,nvidia-dcgm-exporter,nvidia2,gpu-metrics,base,fmaas-monitoring,llama3,2,192.241.129.18:9400,nvidia-dcgm-exporter,NVIDIA A100-SXM4-80GB,nvidia-gpu-operator,nvidia-dcgm-exporter-xq25l,openshift-monitoring/k8s,nvidia-dcgm-exporter,0.0
2024-05-21 16:26:00.772000074,NVIDIA,6.16,G506.0210.00.03,2.0,1652523003996,92.00.45.00.05,535.104.05,12.535.104.05,fmaas-devstage-backen-9cjgj-worker-a100-il-rdma-3-jx6tm,GPU-f94e20f3-b883-1dc9-1c93-9769594edc6a,DCGM_FI_DEV_ROW_REMAP_FAILURE,nvidia-dcgm-exporter,nvidia2,gpu-metrics,base,fmaas-monitoring,llama3,2,192.241.129.18:9400,nvidia-dcgm-exporter,NVIDIA A100-SXM4-80GB,nvidia-gpu-operator,nvidia-dcgm-exporter-xq25l,openshift-monitoring/k8s,nvidia-dcgm-exporter,0.0
2024-05-21 16:26:30.772000074,NVIDIA,6.16,G506.0210.00.03,2.0,1652523003996,92.00.45.00.05,535.104.05,12.535.104.05,fmaas-devstage-backen-9cjgj-worker-a100-il-rdma-3-jx6tm,GPU-f94e20f3-b883-1dc9-1c93-9769594edc6a,DCGM_FI_DEV_ROW_REMAP_FAILURE,nvidia-dcgm-exporter,nvidia2,gpu-metrics,base,fmaas-monitoring,llama3,2,192.241.129.18:9400,nvidia-dcgm-exporter,NVIDIA A100-SXM4-80GB,nvidia-gpu-operator,nvidia-dcgm-exporter-xq25l,openshift-monitoring/k8s,nvidia-dcgm-exporter,0.0
2024-05-21 16:27:00.772000074,NVIDIA,6.16,G506.0210.00.03,2.0,1652523003996,92.00.45.00.05,535.104.05,12.535.104.05,fmaas-devstage-backen-9cjgj-worker-a100-il-rdma-3-jx6tm,GPU-f94e20f3-b883-1dc9-1c93-9769594edc6a,DCGM_FI_DEV_ROW_REMAP_FAILURE,nvidia-dcgm-exporter,nvidia2,gpu-metrics,base,fmaas-monitoring,llama3,2,192.241.129.18:9400,nvidia-dcgm-exporter,NVIDIA A100-SXM4-80GB,nvidia-gpu-operator,nvidia-dcgm-exporter-xq25l,openshift-monitoring/k8s,nvidia-dcgm-exporter,0.0
2024-05-21 16:27:30.772000074,NVIDIA,6.16,G506.0210.00.03,2.0,1652523003996,92.00.45.00.05,535.104.05,12.535.104.05,fmaas-devstage-backen-9cjgj-worker-a100-il-rdma-3-jx6tm,GPU-f94e20f3-b883-1dc9-1c93-9769594edc6a,DCGM_FI_DEV_ROW_REMAP_FAILURE,nvidia-dcgm-exporter,nvidia2,gpu-metrics,base,fmaas-monitoring,llama3,2,192.241.129.18:9400,nvidia-dcgm-exporter,NVIDIA A100-SXM4-80GB,nvidia-gpu-operator,nvidia-dcgm-exporter-xq25l,openshift-monitoring/k8s,nvidia-dcgm-exporter,0.0
2024-05-21 16:28:00.772000074,NVIDIA,6.16,G506.0210.00.03,2.0,1652523003996,92.00.45.00.05,535.104.05,12.535.104.05,fmaas-devstage-backen-9cjgj-worker-a100-il-rdma-3-jx6tm,GPU-f94e20f3-b883-1dc9-1c93-9769594edc6a,DCGM_FI_DEV_ROW_REMAP_FAILURE,nvidia-dcgm-exporter,nvidia2,gpu-metrics,base,fmaas-monitoring,llama3,2,192.241.129.18:9400,nvidia-dcgm-exporter,NVIDIA A100-SXM4-80GB,nvidia-gpu-operator,nvidia-dcgm-exporter-xq25l,openshift-monitoring/k8s,nvidia-dcgm-exporter,0.0
2024-05-21 16:28:30.772000074,NVIDIA,6.16,G506.0210.00.03,2.0,1652523003996,92.00.45.00.05,535.104.05,12.535.104.05,fmaas-devstage-backen-9cjgj-worker-a100-il-rdma-3-jx6tm,GPU-f94e20f3-b883-1dc9-1c93-9769594edc6a,DCGM_FI_DEV_ROW_REMAP_FAILURE,nvidia-dcgm-exporter,nvidia2,gpu-metrics,base,fmaas-monitoring,llama3,2,192.241.129.18:9400,nvidia-dcgm-exporter,NVIDIA A100-SXM4-80GB,nvidia-gpu-operator,nvidia-dcgm-exporter-xq25l,openshift-monitoring/k8s,nvidia-dcgm-exporter,0.0
2024-05-21 16:29:00.772000074,NVIDIA,6.16,G506.0210.00.03,2.0,1652523003996,92.00.45.00.05,535.104.05,12.535.104.05,fmaas-devstage-backen-9cjgj-worker-a100-il-rdma-3-jx6tm,GPU-f94e20f3-b883-1dc9-1c93-9769594edc6a,DCGM_FI_DEV_ROW_REMAP_FAILURE,nvidia-dcgm-exporter,nvidia2,gpu-metrics,base,fmaas-monitoring,llama3,2,192.241.129.18:9400,nvidia-dcgm-exporter,NVIDIA A100-SXM4-80GB,nvidia-gpu-operator,nvidia-dcgm-exporter-xq25l,openshift-monitoring/k8s,nvidia-dcgm-exporter,0.0
2024-05-21 16:29:30.772000074,NVIDIA,6.16,G506.0210.00.03,2.0,1652523003996,92.00.45.00.05,535.104.05,12.535.104.05,fmaas-devstage-backen-9cjgj-worker-a100-il-rdma-3-jx6tm,GPU-f94e20f3-b883-1dc9-1c93-9769594edc6a,DCGM_FI_DEV_ROW_REMAP_FAILURE,nvidia-dcgm-exporter,nvidia2,gpu-metrics,base,fmaas-monitoring,llama3,2,192.241.129.18:9400,nvidia-dcgm-exporter,NVIDIA A100-SXM4-80GB,nvidia-gpu-operator,nvidia-dcgm-exporter-xq25l,openshift-monitoring/k8s,nvidia-dcgm-exporter,0.0
2024-05-21 16:30:00.772000074,NVIDIA,6.16,G506.0210.00.03,2.0,1652523003996,92.00.45.00.05,535.104.05,12.535.104.05,fmaas-devstage-backen-9cjgj-worker-a100-il-rdma-3-jx6tm,GPU-f94e20f3-b883-1dc9-1c93-9769594edc6a,DCGM_FI_DEV_ROW_REMAP_FAILURE,nvidia-dcgm-exporter,nvidia2,gpu-metrics,base,fmaas-monitoring,llama3,2,192.241.129.18:9400,nvidia-dcgm-exporter,NVIDIA A100-SXM4-80GB,nvidia-gpu-operator,nvidia-dcgm-exporter-xq25l,openshift-monitoring/k8s,nvidia-dcgm-exporter,0.0
2024-05-21 16:30:30.772000074,NVIDIA,6.16,G506.0210.00.03,2.0,1652523003996,92.00.45.00.05,535.104.05,12.535.104.05,fmaas-devstage-backen-9cjgj-worker-a100-il-rdma-3-jx6tm,GPU-f94e20f3-b883-1dc9-1c93-9769594edc6a,DCGM_FI_DEV_ROW_REMAP_FAILURE,nvidia-dcgm-exporter,nvidia2,gpu-metrics,base,fmaas-monitoring,llama3,2,192.241.129.18:9400,nvidia-dcgm-exporter,NVIDIA A100-SXM4-80GB,nvidia-gpu-operator,nvidia-dcgm-exporter-xq25l,openshift-monitoring/k8s,nvidia-dcgm-exporter,0.0
2024-05-21 16:31:00.772000074,NVIDIA,6.16,G506.0210.00.03,2.0,1652523003996,92.00.45.00.05,535.104.05,12.535.104.05,fmaas-devstage-backen-9cjgj-worker-a100-il-rdma-3-jx6tm,GPU-f94e20f3-b883-1dc9-1c93-9769594edc6a,DCGM_FI_DEV_ROW_REMAP_FAILURE,nvidia-dcgm-exporter,nvidia2,gpu-metrics,base,fmaas-monitoring,llama3,2,192.241.129.18:9400,nvidia-dcgm-exporter,NVIDIA A100-SXM4-80GB,nvidia-gpu-operator,nvidia-dcgm-exporter-xq25l,openshift-monitoring/k8s,nvidia-dcgm-exporter,0.0
2024-05-21 16:31:30.772000074,NVIDIA,6.16,G506.0210.00.03,2.0,1652523003996,92.00.45.00.05,535.104.05,12.535.104.05,fmaas-devstage-backen-9cjgj-worker-a100-il-rdma-3-jx6tm,GPU-f94e20f3-b883-1dc9-1c93-9769594edc6a,DCGM_FI_DEV_ROW_REMAP_FAILURE,nvidia-dcgm-exporter,nvidia2,gpu-metrics,base,fmaas-monitoring,llama3,2,192.241.129.18:9400,nvidia-dcgm-exporter,NVIDIA A100-SXM4-80GB,nvidia-gpu-operator,nvidia-dcgm-exporter-xq25l,openshift-monitoring/k8s,nvidia-dcgm-exporter,0.0
2024-05-21 16:32:00.772000074,NVIDIA,6.16,G506.0210.00.03,2.0,1652523003996,92.00.45.00.05,535.104.05,12.535.104.05,fmaas-devstage-backen-9cjgj-worker-a100-il-rdma-3-jx6tm,GPU-f94e20f3-b883-1dc9-1c93-9769594edc6a,DCGM_FI_DEV_ROW_REMAP_FAILURE,nvidia-dcgm-exporter,nvidia2,gpu-metrics,base,fmaas-monitoring,llama3,2,192.241.129.18:9400,nvidia-dcgm-exporter,NVIDIA A100-SXM4-80GB,nvidia-gpu-operator,nvidia-dcgm-exporter-xq25l,openshift-monitoring/k8s,nvidia-dcgm-exporter,0.0
2024-05-21 16:32:30.772000074,NVIDIA,6.16,G506.0210.00.03,2.0,1652523003996,92.00.45.00.05,535.104.05,12.535.104.05,fmaas-devstage-backen-9cjgj-worker-a100-il-rdma-3-jx6tm,GPU-f94e20f3-b883-1dc9-1c93-9769594edc6a,DCGM_FI_DEV_ROW_REMAP_FAILURE,nvidia-dcgm-exporter,nvidia2,gpu-metrics,base,fmaas-monitoring,llama3,2,192.241.129.18:9400,nvidia-dcgm-exporter,NVIDIA A100-SXM4-80GB,nvidia-gpu-operator,nvidia-dcgm-exporter-xq25l,openshift-monitoring/k8s,nvidia-dcgm-exporter,0.0
2024-05-21 16:33:00.772000074,NVIDIA,6.16,G506.0210.00.03,2.0,1652523003996,92.00.45.00.05,535.104.05,12.535.104.05,fmaas-devstage-backen-9cjgj-worker-a100-il-rdma-3-jx6tm,GPU-f94e20f3-b883-1dc9-1c93-9769594edc6a,DCGM_FI_DEV_ROW_REMAP_FAILURE,nvidia-dcgm-exporter,nvidia2,gpu-metrics,base,fmaas-monitoring,llama3,2,192.241.129.18:9400,nvidia-dcgm-exporter,NVIDIA A100-SXM4-80GB,nvidia-gpu-operator,nvidia-dcgm-exporter-xq25l,openshift-monitoring/k8s,nvidia-dcgm-exporter,0.0
2024-05-21 16:33:30.772000074,NVIDIA,6.16,G506.0210.00.03,2.0,1652523003996,92.00.45.00.05,535.104.05,12.535.104.05,fmaas-devstage-backen-9cjgj-worker-a100-il-rdma-3-jx6tm,GPU-f94e20f3-b883-1dc9-1c93-9769594edc6a,DCGM_FI_DEV_ROW_REMAP_FAILURE,nvidia-dcgm-exporter,nvidia2,gpu-metrics,base,fmaas-monitoring,llama3,2,192.241.129.18:9400,nvidia-dcgm-exporter,NVIDIA A100-SXM4-80GB,nvidia-gpu-operator,nvidia-dcgm-exporter-xq25l,openshift-monitoring/k8s,nvidia-dcgm-exporter,0.0
2024-05-21 16:34:00.772000074,NVIDIA,6.16,G506.0210.00.03,2.0,1652523003996,92.00.45.00.05,535.104.05,12.535.104.05,fmaas-devstage-backen-9cjgj-worker-a100-il-rdma-3-jx6tm,GPU-f94e20f3-b883-1dc9-1c93-9769594edc6a,DCGM_FI_DEV_ROW_REMAP_FAILURE,nvidia-dcgm-exporter,nvidia2,gpu-metrics,base,fmaas-monitoring,llama3,2,192.241.129.18:9400,nvidia-dcgm-exporter,NVIDIA A100-SXM4-80GB,nvidia-gpu-operator,nvidia-dcgm-exporter-xq25l,openshift-monitoring/k8s,nvidia-dcgm-exporter,0.0
2024-05-21 16:34:30.772000074,NVIDIA,6.16,G506.0210.00.03,2.0,1652523003996,92.00.45.00.05,535.104.05,12.535.104.05,fmaas-devstage-backen-9cjgj-worker-a100-il-rdma-3-jx6tm,GPU-f94e20f3-b883-1dc9-1c93-9769594edc6a,DCGM_FI_DEV_ROW_REMAP_FAILURE,nvidia-dcgm-exporter,nvidia2,gpu-metrics,base,fmaas-monitoring,llama3,2,192.241.129.18:9400,nvidia-dcgm-exporter,NVIDIA A100-SXM4-80GB,nvidia-gpu-operator,nvidia-dcgm-exporter-xq25l,openshift-monitoring/k8s,nvidia-dcgm-exporter,0.0
2024-05-21 16:35:00.772000074,NVIDIA,6.16,G506.0210.00.03,2.0,1652523003996,92.00.45.00.05,535.104.05,12.535.104.05,fmaas-devstage-backen-9cjgj-worker-a100-il-rdma-3-jx6tm,GPU-f94e20f3-b883-1dc9-1c93-9769594edc6a,DCGM_FI_DEV_ROW_REMAP_FAILURE,nvidia-dcgm-exporter,nvidia2,gpu-metrics,base,fmaas-monitoring,llama3,2,192.241.129.18:9400,nvidia-dcgm-exporter,NVIDIA A100-SXM4-80GB,nvidia-gpu-operator,nvidia-dcgm-exporter-xq25l,openshift-monitoring/k8s,nvidia-dcgm-exporter,0.0
2024-05-21 16:35:30.772000074,NVIDIA,6.16,G506.0210.00.03,2.0,1652523003996,92.00.45.00.05,535.104.05,12.535.104.05,fmaas-devstage-backen-9cjgj-worker-a100-il-rdma-3-jx6tm,GPU-f94e20f3-b883-1dc9-1c93-9769594edc6a,DCGM_FI_DEV_ROW_REMAP_FAILURE,nvidia-dcgm-exporter,nvidia2,gpu-metrics,base,fmaas-monitoring,llama3,2,192.241.129.18:9400,nvidia-dcgm-exporter,NVIDIA A100-SXM4-80GB,nvidia-gpu-operator,nvidia-dcgm-exporter-xq25l,openshift-monitoring/k8s,nvidia-dcgm-exporter,0.0
2024-05-21 16:26:00.772000074,NVIDIA,6.16,G506.0210.00.03,2.0,1652523004560,92.00.45.00.05,535.104.05,12.535.104.05,fmaas-devstage-backen-9cjgj-worker-a100-il-rdma-3-jx6tm,GPU-fae4890e-cca3-f53f-3743-ba11e6e50022,DCGM_FI_DEV_ROW_REMAP_FAILURE,nvidia-dcgm-exporter,nvidia3,gpu-metrics,text-generation-server,tgis-dev,tee13-flant5xxl-t-f16,3,192.241.129.18:9400,nvidia-dcgm-exporter,NVIDIA A100-SXM4-80GB,nvidia-gpu-operator,nvidia-dcgm-exporter-xq25l,openshift-monitoring/k8s,nvidia-dcgm-exporter,0.0
2024-05-21 16:26:13.667999983,NVIDIA,6.16,G506.0210.00.03,2.0,1652523004560,92.00.45.00.05,535.104.05,12.535.104.05,fmaas-devstage-backen-9cjgj-worker-a100-il-rdma-3-jx6tm,GPU-fae4890e-cca3-f53f-3743-ba11e6e50022,DCGM_FI_DEV_ROW_REMAP_FAILURE,nvidia-dcgm-exporter,nvidia3,gpu-metrics,text-generation-server,tgis-dev,tee13-flant5xxl-t-f16,3,192.241.129.18:9400,nvidia-dcgm-exporter,NVIDIA A100-SXM4-80GB,nvidia-gpu-operator,nvidia-dcgm-exporter-xq25l,openshift-monitoring/k8s,nvidia-dcgm-exporter,0.0
2024-05-21 16:26:43.667999983,NVIDIA,6.16,G506.0210.00.03,2.0,1652523004560,92.00.45.00.05,535.104.05,12.535.104.05,fmaas-devstage-backen-9cjgj-worker-a100-il-rdma-3-jx6tm,GPU-fae4890e-cca3-f53f-3743-ba11e6e50022,DCGM_FI_DEV_ROW_REMAP_FAILURE,nvidia-dcgm-exporter,nvidia3,gpu-metrics,text-generation-server,tgis-dev,tee13-flant5xxl-t-f16,3,192.241.129.18:9400,nvidia-dcgm-exporter,NVIDIA A100-SXM4-80GB,nvidia-gpu-operator,nvidia-dcgm-exporter-xq25l,openshift-monitoring/k8s,nvidia-dcgm-exporter,0.0
2024-05-21 16:27:13.667999983,NVIDIA,6.16,G506.0210.00.03,2.0,1652523004560,92.00.45.00.05,535.104.05,12.535.104.05,fmaas-devstage-backen-9cjgj-worker-a100-il-rdma-3-jx6tm,GPU-fae4890e-cca3-f53f-3743-ba11e6e50022,DCGM_FI_DEV_ROW_REMAP_FAILURE,nvidia-dcgm-exporter,nvidia3,gpu-metrics,text-generation-server,tgis-dev,tee13-flant5xxl-t-f16,3,192.241.129.18:9400,nvidia-dcgm-exporter,NVIDIA A100-SXM4-80GB,nvidia-gpu-operator,nvidia-dcgm-exporter-xq25l,openshift-monitoring/k8s,nvidia-dcgm-exporter,0.0
2024-05-21 16:27:43.667999983,NVIDIA,6.16,G506.0210.00.03,2.0,1652523004560,92.00.45.00.05,535.104.05,12.535.104.05,fmaas-devstage-backen-9cjgj-worker-a100-il-rdma-3-jx6tm,GPU-fae4890e-cca3-f53f-3743-ba11e6e50022,DCGM_FI_DEV_ROW_REMAP_FAILURE,nvidia-dcgm-exporter,nvidia3,gpu-metrics,text-generation-server,tgis-dev,tee13-flant5xxl-t-f16,3,192.241.129.18:9400,nvidia-dcgm-exporter,NVIDIA A100-SXM4-80GB,nvidia-gpu-operator,nvidia-dcgm-exporter-xq25l,openshift-monitoring/k8s,nvidia-dcgm-exporter,0.0
2024-05-21 16:28:13.667999983,NVIDIA,6.16,G506.0210.00.03,2.0,1652523004560,92.00.45.00.05,535.104.05,12.535.104.05,fmaas-devstage-backen-9cjgj-worker-a100-il-rdma-3-jx6tm,GPU-fae4890e-cca3-f53f-3743-ba11e6e50022,DCGM_FI_DEV_ROW_REMAP_FAILURE,nvidia-dcgm-exporter,nvidia3,gpu-metrics,text-generation-server,tgis-dev,tee13-flant5xxl-t-f16,3,192.241.129.18:9400,nvidia-dcgm-exporter,NVIDIA A100-SXM4-80GB,nvidia-gpu-operator,nvidia-dcgm-exporter-xq25l,openshift-monitoring/k8s,nvidia-dcgm-exporter,0.0
2024-05-21 16:28:43.667999983,NVIDIA,6.16,G506.0210.00.03,2.0,1652523004560,92.00.45.00.05,535.104.05,12.535.104.05,fmaas-devstage-backen-9cjgj-worker-a100-il-rdma-3-jx6tm,GPU-fae4890e-cca3-f53f-3743-ba11e6e50022,DCGM_FI_DEV_ROW_REMAP_FAILURE,nvidia-dcgm-exporter,nvidia3,gpu-metrics,text-generation-server,tgis-dev,tee13-flant5xxl-t-f16,3,192.241.129.18:9400,nvidia-dcgm-exporter,NVIDIA A100-SXM4-80GB,nvidia-gpu-operator,nvidia-dcgm-exporter-xq25l,openshift-monitoring/k8s,nvidia-dcgm-exporter,0.0
2024-05-21 16:25:43.667999983,NVIDIA,6.16,G506.0210.00.03,2.0,1652523004560,92.00.45.00.05,535.104.05,12.535.104.05,fmaas-devstage-backen-9cjgj-worker-a100-il-rdma-3-jx6tm,GPU-fae4890e-cca3-f53f-3743-ba11e6e50022,DCGM_FI_DEV_ROW_REMAP_FAILURE,nvidia-dcgm-exporter,nvidia3,gpu-metrics,,,,3,192.241.129.18:9400,nvidia-dcgm-exporter,NVIDIA A100-SXM4-80GB,nvidia-gpu-operator,nvidia-dcgm-exporter-xq25l,openshift-monitoring/k8s,nvidia-dcgm-exporter,0.0
2024-05-21 16:29:13.667999983,NVIDIA,6.16,G506.0210.00.03,2.0,1652523004560,92.00.45.00.05,535.104.05,12.535.104.05,fmaas-devstage-backen-9cjgj-worker-a100-il-rdma-3-jx6tm,GPU-fae4890e-cca3-f53f-3743-ba11e6e50022,DCGM_FI_DEV_ROW_REMAP_FAILURE,nvidia-dcgm-exporter,nvidia3,gpu-metrics,,,,3,192.241.129.18:9400,nvidia-dcgm-exporter,NVIDIA A100-SXM4-80GB,nvidia-gpu-operator,nvidia-dcgm-exporter-xq25l,openshift-monitoring/k8s,nvidia-dcgm-exporter,0.0
2024-05-21 16:29:43.667999983,NVIDIA,6.16,G506.0210.00.03,2.0,1652523004560,92.00.45.00.05,535.104.05,12.535.104.05,fmaas-devstage-backen-9cjgj-worker-a100-il-rdma-3-jx6tm,GPU-fae4890e-cca3-f53f-3743-ba11e6e50022,DCGM_FI_DEV_ROW_REMAP_FAILURE,nvidia-dcgm-exporter,nvidia3,gpu-metrics,,,,3,192.241.129.18:9400,nvidia-dcgm-exporter,NVIDIA A100-SXM4-80GB,nvidia-gpu-operator,nvidia-dcgm-exporter-xq25l,openshift-monitoring/k8s,nvidia-dcgm-exporter,0.0
2024-05-21 16:30:13.667999983,NVIDIA,6.16,G506.0210.00.03,2.0,1652523004560,92.00.45.00.05,535.104.05,12.535.104.05,fmaas-devstage-backen-9cjgj-worker-a100-il-rdma-3-jx6tm,GPU-fae4890e-cca3-f53f-3743-ba11e6e50022,DCGM_FI_DEV_ROW_REMAP_FAILURE,nvidia-dcgm-exporter,nvidia3,gpu-metrics,,,,3,192.241.129.18:9400,nvidia-dcgm-exporter,NVIDIA A100-SXM4-80GB,nvidia-gpu-operator,nvidia-dcgm-exporter-xq25l,openshift-monitoring/k8s,nvidia-dcgm-exporter,0.0
2024-05-21 16:30:43.667999983,NVIDIA,6.16,G506.0210.00.03,2.0,1652523004560,92.00.45.00.05,535.104.05,12.535.104.05,fmaas-devstage-backen-9cjgj-worker-a100-il-rdma-3-jx6tm,GPU-fae4890e-cca3-f53f-3743-ba11e6e50022,DCGM_FI_DEV_ROW_REMAP_FAILURE,nvidia-dcgm-exporter,nvidia3,gpu-metrics,,,,3,192.241.129.18:9400,nvidia-dcgm-exporter,NVIDIA A100-SXM4-80GB,nvidia-gpu-operator,nvidia-dcgm-exporter-xq25l,openshift-monitoring/k8s,nvidia-dcgm-exporter,0.0
2024-05-21 16:31:13.667999983,NVIDIA,6.16,G506.0210.00.03,2.0,1652523004560,92.00.45.00.05,535.104.05,12.535.104.05,fmaas-devstage-backen-9cjgj-worker-a100-il-rdma-3-jx6tm,GPU-fae4890e-cca3-f53f-3743-ba11e6e50022,DCGM_FI_DEV_ROW_REMAP_FAILURE,nvidia-dcgm-exporter,nvidia3,gpu-metrics,,,,3,192.241.129.18:9400,nvidia-dcgm-exporter,NVIDIA A100-SXM4-80GB,nvidia-gpu-operator,nvidia-dcgm-exporter-xq25l,openshift-monitoring/k8s,nvidia-dcgm-exporter,0.0
2024-05-21 16:31:43.667999983,NVIDIA,6.16,G506.0210.00.03,2.0,1652523004560,92.00.45.00.05,535.104.05,12.535.104.05,fmaas-devstage-backen-9cjgj-worker-a100-il-rdma-3-jx6tm,GPU-fae4890e-cca3-f53f-3743-ba11e6e50022,DCGM_FI_DEV_ROW_REMAP_FAILURE,nvidia-dcgm-exporter,nvidia3,gpu-metrics,,,,3,192.241.129.18:9400,nvidia-dcgm-exporter,NVIDIA A100-SXM4-80GB,nvidia-gpu-operator,nvidia-dcgm-exporter-xq25l,openshift-monitoring/k8s,nvidia-dcgm-exporter,0.0
2024-05-21 16:32:13.667999983,NVIDIA,6.16,G506.0210.00.03,2.0,1652523004560,92.00.45.00.05,535.104.05,12.535.104.05,fmaas-devstage-backen-9cjgj-worker-a100-il-rdma-3-jx6tm,GPU-fae4890e-cca3-f53f-3743-ba11e6e50022,DCGM_FI_DEV_ROW_REMAP_FAILURE,nvidia-dcgm-exporter,nvidia3,gpu-metrics,,,,3,192.241.129.18:9400,nvidia-dcgm-exporter,NVIDIA A100-SXM4-80GB,nvidia-gpu-operator,nvidia-dcgm-exporter-xq25l,openshift-monitoring/k8s,nvidia-dcgm-exporter,0.0
2024-05-21 16:32:43.667999983,NVIDIA,6.16,G506.0210.00.03,2.0,1652523004560,92.00.45.00.05,535.104.05,12.535.104.05,fmaas-devstage-backen-9cjgj-worker-a100-il-rdma-3-jx6tm,GPU-fae4890e-cca3-f53f-3743-ba11e6e50022,DCGM_FI_DEV_ROW_REMAP_FAILURE,nvidia-dcgm-exporter,nvidia3,gpu-metrics,,,,3,192.241.129.18:9400,nvidia-dcgm-exporter,NVIDIA A100-SXM4-80GB,nvidia-gpu-operator,nvidia-dcgm-exporter-xq25l,openshift-monitoring/k8s,nvidia-dcgm-exporter,0.0
2024-05-21 16:33:13.667999983,NVIDIA,6.16,G506.0210.00.03,2.0,1652523004560,92.00.45.00.05,535.104.05,12.535.104.05,fmaas-devstage-backen-9cjgj-worker-a100-il-rdma-3-jx6tm,GPU-fae4890e-cca3-f53f-3743-ba11e6e50022,DCGM_FI_DEV_ROW_REMAP_FAILURE,nvidia-dcgm-exporter,nvidia3,gpu-metrics,,,,3,192.241.129.18:9400,nvidia-dcgm-exporter,NVIDIA A100-SXM4-80GB,nvidia-gpu-operator,nvidia-dcgm-exporter-xq25l,openshift-monitoring/k8s,nvidia-dcgm-exporter,0.0
2024-05-21 16:33:43.667999983,NVIDIA,6.16,G506.0210.00.03,2.0,1652523004560,92.00.45.00.05,535.104.05,12.535.104.05,fmaas-devstage-backen-9cjgj-worker-a100-il-rdma-3-jx6tm,GPU-fae4890e-cca3-f53f-3743-ba11e6e50022,DCGM_FI_DEV_ROW_REMAP_FAILURE,nvidia-dcgm-exporter,nvidia3,gpu-metrics,,,,3,192.241.129.18:9400,nvidia-dcgm-exporter,NVIDIA A100-SXM4-80GB,nvidia-gpu-operator,nvidia-dcgm-exporter-xq25l,openshift-monitoring/k8s,nvidia-dcgm-exporter,0.0
2024-05-21 16:34:13.667999983,NVIDIA,6.16,G506.0210.00.03,2.0,1652523004560,92.00.45.00.05,535.104.05,12.535.104.05,fmaas-devstage-backen-9cjgj-worker-a100-il-rdma-3-jx6tm,GPU-fae4890e-cca3-f53f-3743-ba11e6e50022,DCGM_FI_DEV_ROW_REMAP_FAILURE,nvidia-dcgm-exporter,nvidia3,gpu-metrics,,,,3,192.241.129.18:9400,nvidia-dcgm-exporter,NVIDIA A100-SXM4-80GB,nvidia-gpu-operator,nvidia-dcgm-exporter-xq25l,openshift-monitoring/k8s,nvidia-dcgm-exporter,0.0
2024-05-21 16:34:43.667999983,NVIDIA,6.16,G506.0210.00.03,2.0,1652523004560,92.00.45.00.05,535.104.05,12.535.104.05,fmaas-devstage-backen-9cjgj-worker-a100-il-rdma-3-jx6tm,GPU-fae4890e-cca3-f53f-3743-ba11e6e50022,DCGM_FI_DEV_ROW_REMAP_FAILURE,nvidia-dcgm-exporter,nvidia3,gpu-metrics,,,,3,192.241.129.18:9400,nvidia-dcgm-exporter,NVIDIA A100-SXM4-80GB,nvidia-gpu-operator,nvidia-dcgm-exporter-xq25l,openshift-monitoring/k8s,nvidia-dcgm-exporter,0.0
2024-05-21 16:35:13.667999983,NVIDIA,6.16,G506.0210.00.03,2.0,1652523004560,92.00.45.00.05,535.104.05,12.535.104.05,fmaas-devstage-backen-9cjgj-worker-a100-il-rdma-3-jx6tm,GPU-fae4890e-cca3-f53f-3743-ba11e6e50022,DCGM_FI_DEV_ROW_REMAP_FAILURE,nvidia-dcgm-exporter,nvidia3,gpu-metrics,,,,3,192.241.129.18:9400,nvidia-dcgm-exporter,NVIDIA A100-SXM4-80GB,nvidia-gpu-operator,nvidia-dcgm-exporter-xq25l,openshift-monitoring/k8s,nvidia-dcgm-exporter,0.0
2024-05-21 16:25:43.667999983,NVIDIA,6.16,G506.0210.00.03,2.0,1652523004804,92.00.45.00.05,535.104.05,12.535.104.05,fmaas-devstage-backen-9cjgj-worker-a100-il-rdma-3-jx6tm,GPU-6813d4a5-a19a-6a1f-b0ae-7d70939dc17d,DCGM_FI_DEV_ROW_REMAP_FAILURE,nvidia-dcgm-exporter,nvidia5,gpu-metrics,pytorch,fmaas-kubeflow-trainer,jim-test-image-1-master-0,5,192.241.129.18:9400,nvidia-dcgm-exporter,NVIDIA A100-SXM4-80GB,nvidia-gpu-operator,nvidia-dcgm-exporter-xq25l,openshift-monitoring/k8s,nvidia-dcgm-exporter,0.0
2024-05-21 16:26:00.772000074,NVIDIA,6.16,G506.0210.00.03,2.0,1652523004804,92.00.45.00.05,535.104.05,12.535.104.05,fmaas-devstage-backen-9cjgj-worker-a100-il-rdma-3-jx6tm,GPU-6813d4a5-a19a-6a1f-b0ae-7d70939dc17d,DCGM_FI_DEV_ROW_REMAP_FAILURE,nvidia-dcgm-exporter,nvidia5,gpu-metrics,pytorch,fmaas-kubeflow-trainer,jim-test-image-1-master-0,5,192.241.129.18:9400,nvidia-dcgm-exporter,NVIDIA A100-SXM4-80GB,nvidia-gpu-operator,nvidia-dcgm-exporter-xq25l,openshift-monitoring/k8s,nvidia-dcgm-exporter,0.0
2024-05-21 16:26:30.772000074,NVIDIA,6.16,G506.0210.00.03,2.0,1652523004804,92.00.45.00.05,535.104.05,12.535.104.05,fmaas-devstage-backen-9cjgj-worker-a100-il-rdma-3-jx6tm,GPU-6813d4a5-a19a-6a1f-b0ae-7d70939dc17d,DCGM_FI_DEV_ROW_REMAP_FAILURE,nvidia-dcgm-exporter,nvidia5,gpu-metrics,pytorch,fmaas-kubeflow-trainer,jim-test-image-1-master-0,5,192.241.129.18:9400,nvidia-dcgm-exporter,NVIDIA A100-SXM4-80GB,nvidia-gpu-operator,nvidia-dcgm-exporter-xq25l,openshift-monitoring/k8s,nvidia-dcgm-exporter,0.0
2024-05-21 16:27:00.772000074,NVIDIA,6.16,G506.0210.00.03,2.0,1652523004804,92.00.45.00.05,535.104.05,12.535.104.05,fmaas-devstage-backen-9cjgj-worker-a100-il-rdma-3-jx6tm,GPU-6813d4a5-a19a-6a1f-b0ae-7d70939dc17d,DCGM_FI_DEV_ROW_REMAP_FAILURE,nvidia-dcgm-exporter,nvidia5,gpu-metrics,pytorch,fmaas-kubeflow-trainer,jim-test-image-1-master-0,5,192.241.129.18:9400,nvidia-dcgm-exporter,NVIDIA A100-SXM4-80GB,nvidia-gpu-operator,nvidia-dcgm-exporter-xq25l,openshift-monitoring/k8s,nvidia-dcgm-exporter,0.0
2024-05-21 16:27:30.772000074,NVIDIA,6.16,G506.0210.00.03,2.0,1652523004804,92.00.45.00.05,535.104.05,12.535.104.05,fmaas-devstage-backen-9cjgj-worker-a100-il-rdma-3-jx6tm,GPU-6813d4a5-a19a-6a1f-b0ae-7d70939dc17d,DCGM_FI_DEV_ROW_REMAP_FAILURE,nvidia-dcgm-exporter,nvidia5,gpu-metrics,pytorch,fmaas-kubeflow-trainer,jim-test-image-1-master-0,5,192.241.129.18:9400,nvidia-dcgm-exporter,NVIDIA A100-SXM4-80GB,nvidia-gpu-operator,nvidia-dcgm-exporter-xq25l,openshift-monitoring/k8s,nvidia-dcgm-exporter,0.0
2024-05-21 16:28:00.772000074,NVIDIA,6.16,G506.0210.00.03,2.0,1652523004804,92.00.45.00.05,535.104.05,12.535.104.05,fmaas-devstage-backen-9cjgj-worker-a100-il-rdma-3-jx6tm,GPU-6813d4a5-a19a-6a1f-b0ae-7d70939dc17d,DCGM_FI_DEV_ROW_REMAP_FAILURE,nvidia-dcgm-exporter,nvidia5,gpu-metrics,pytorch,fmaas-kubeflow-trainer,jim-test-image-1-master-0,5,192.241.129.18:9400,nvidia-dcgm-exporter,NVIDIA A100-SXM4-80GB,nvidia-gpu-operator,nvidia-dcgm-exporter-xq25l,openshift-monitoring/k8s,nvidia-dcgm-exporter,0.0
2024-05-21 16:28:30.772000074,NVIDIA,6.16,G506.0210.00.03,2.0,1652523004804,92.00.45.00.05,535.104.05,12.535.104.05,fmaas-devstage-backen-9cjgj-worker-a100-il-rdma-3-jx6tm,GPU-6813d4a5-a19a-6a1f-b0ae-7d70939dc17d,DCGM_FI_DEV_ROW_REMAP_FAILURE,nvidia-dcgm-exporter,nvidia5,gpu-metrics,pytorch,fmaas-kubeflow-trainer,jim-test-image-1-master-0,5,192.241.129.18:9400,nvidia-dcgm-exporter,NVIDIA A100-SXM4-80GB,nvidia-gpu-operator,nvidia-dcgm-exporter-xq25l,openshift-monitoring/k8s,nvidia-dcgm-exporter,0.0
2024-05-21 16:29:00.772000074,NVIDIA,6.16,G506.0210.00.03,2.0,1652523004804,92.00.45.00.05,535.104.05,12.535.104.05,fmaas-devstage-backen-9cjgj-worker-a100-il-rdma-3-jx6tm,GPU-6813d4a5-a19a-6a1f-b0ae-7d70939dc17d,DCGM_FI_DEV_ROW_REMAP_FAILURE,nvidia-dcgm-exporter,nvidia5,gpu-metrics,pytorch,fmaas-kubeflow-trainer,jim-test-image-1-master-0,5,192.241.129.18:9400,nvidia-dcgm-exporter,NVIDIA A100-SXM4-80GB,nvidia-gpu-operator,nvidia-dcgm-exporter-xq25l,openshift-monitoring/k8s,nvidia-dcgm-exporter,0.0
2024-05-21 16:29:30.772000074,NVIDIA,6.16,G506.0210.00.03,2.0,1652523004804,92.00.45.00.05,535.104.05,12.535.104.05,fmaas-devstage-backen-9cjgj-worker-a100-il-rdma-3-jx6tm,GPU-6813d4a5-a19a-6a1f-b0ae-7d70939dc17d,DCGM_FI_DEV_ROW_REMAP_FAILURE,nvidia-dcgm-exporter,nvidia5,gpu-metrics,pytorch,fmaas-kubeflow-trainer,jim-test-image-1-master-0,5,192.241.129.18:9400,nvidia-dcgm-exporter,NVIDIA A100-SXM4-80GB,nvidia-gpu-operator,nvidia-dcgm-exporter-xq25l,openshift-monitoring/k8s,nvidia-dcgm-exporter,0.0
2024-05-21 16:30:00.772000074,NVIDIA,6.16,G506.0210.00.03,2.0,1652523004804,92.00.45.00.05,535.104.05,12.535.104.05,fmaas-devstage-backen-9cjgj-worker-a100-il-rdma-3-jx6tm,GPU-6813d4a5-a19a-6a1f-b0ae-7d70939dc17d,DCGM_FI_DEV_ROW_REMAP_FAILURE,nvidia-dcgm-exporter,nvidia5,gpu-metrics,pytorch,fmaas-kubeflow-trainer,jim-test-image-1-master-0,5,192.241.129.18:9400,nvidia-dcgm-exporter,NVIDIA A100-SXM4-80GB,nvidia-gpu-operator,nvidia-dcgm-exporter-xq25l,openshift-monitoring/k8s,nvidia-dcgm-exporter,0.0
2024-05-21 16:30:30.772000074,NVIDIA,6.16,G506.0210.00.03,2.0,1652523004804,92.00.45.00.05,535.104.05,12.535.104.05,fmaas-devstage-backen-9cjgj-worker-a100-il-rdma-3-jx6tm,GPU-6813d4a5-a19a-6a1f-b0ae-7d70939dc17d,DCGM_FI_DEV_ROW_REMAP_FAILURE,nvidia-dcgm-exporter,nvidia5,gpu-metrics,pytorch,fmaas-kubeflow-trainer,jim-test-image-1-master-0,5,192.241.129.18:9400,nvidia-dcgm-exporter,NVIDIA A100-SXM4-80GB,nvidia-gpu-operator,nvidia-dcgm-exporter-xq25l,openshift-monitoring/k8s,nvidia-dcgm-exporter,0.0
2024-05-21 16:31:30.772000074,NVIDIA,6.16,G506.0210.00.03,2.0,1652523004804,92.00.45.00.05,535.104.05,12.535.104.05,fmaas-devstage-backen-9cjgj-worker-a100-il-rdma-3-jx6tm,GPU-6813d4a5-a19a-6a1f-b0ae-7d70939dc17d,DCGM_FI_DEV_ROW_REMAP_FAILURE,nvidia-dcgm-exporter,nvidia5,gpu-metrics,text-generation-server,tgis-dev,tee13-mpt7binst-t-f16,5,192.241.129.18:9400,nvidia-dcgm-exporter,NVIDIA A100-SXM4-80GB,nvidia-gpu-operator,nvidia-dcgm-exporter-xq25l,openshift-monitoring/k8s,nvidia-dcgm-exporter,0.0
2024-05-21 16:31:43.667999983,NVIDIA,6.16,G506.0210.00.03,2.0,1652523004804,92.00.45.00.05,535.104.05,12.535.104.05,fmaas-devstage-backen-9cjgj-worker-a100-il-rdma-3-jx6tm,GPU-6813d4a5-a19a-6a1f-b0ae-7d70939dc17d,DCGM_FI_DEV_ROW_REMAP_FAILURE,nvidia-dcgm-exporter,nvidia5,gpu-metrics,text-generation-server,tgis-dev,tee13-mpt7binst-t-f16,5,192.241.129.18:9400,nvidia-dcgm-exporter,NVIDIA A100-SXM4-80GB,nvidia-gpu-operator,nvidia-dcgm-exporter-xq25l,openshift-monitoring/k8s,nvidia-dcgm-exporter,0.0
2024-05-21 16:32:13.667999983,NVIDIA,6.16,G506.0210.00.03,2.0,1652523004804,92.00.45.00.05,535.104.05,12.535.104.05,fmaas-devstage-backen-9cjgj-worker-a100-il-rdma-3-jx6tm,GPU-6813d4a5-a19a-6a1f-b0ae-7d70939dc17d,DCGM_FI_DEV_ROW_REMAP_FAILURE,nvidia-dcgm-exporter,nvidia5,gpu-metrics,text-generation-server,tgis-dev,tee13-mpt7binst-t-f16,5,192.241.129.18:9400,nvidia-dcgm-exporter,NVIDIA A100-SXM4-80GB,nvidia-gpu-operator,nvidia-dcgm-exporter-xq25l,openshift-monitoring/k8s,nvidia-dcgm-exporter,0.0
2024-05-21 16:32:43.667999983,NVIDIA,6.16,G506.0210.00.03,2.0,1652523004804,92.00.45.00.05,535.104.05,12.535.104.05,fmaas-devstage-backen-9cjgj-worker-a100-il-rdma-3-jx6tm,GPU-6813d4a5-a19a-6a1f-b0ae-7d70939dc17d,DCGM_FI_DEV_ROW_REMAP_FAILURE,nvidia-dcgm-exporter,nvidia5,gpu-metrics,text-generation-server,tgis-dev,tee13-mpt7binst-t-f16,5,192.241.129.18:9400,nvidia-dcgm-exporter,NVIDIA A100-SXM4-80GB,nvidia-gpu-operator,nvidia-dcgm-exporter-xq25l,openshift-monitoring/k8s,nvidia-dcgm-exporter,0.0
2024-05-21 16:33:13.667999983,NVIDIA,6.16,G506.0210.00.03,2.0,1652523004804,92.00.45.00.05,535.104.05,12.535.104.05,fmaas-devstage-backen-9cjgj-worker-a100-il-rdma-3-jx6tm,GPU-6813d4a5-a19a-6a1f-b0ae-7d70939dc17d,DCGM_FI_DEV_ROW_REMAP_FAILURE,nvidia-dcgm-exporter,nvidia5,gpu-metrics,text-generation-server,tgis-dev,tee13-mpt7binst-t-f16,5,192.241.129.18:9400,nvidia-dcgm-exporter,NVIDIA A100-SXM4-80GB,nvidia-gpu-operator,nvidia-dcgm-exporter-xq25l,openshift-monitoring/k8s,nvidia-dcgm-exporter,0.0
2024-05-21 16:30:43.667999983,NVIDIA,6.16,G506.0210.00.03,2.0,1652523004804,92.00.45.00.05,535.104.05,12.535.104.05,fmaas-devstage-backen-9cjgj-worker-a100-il-rdma-3-jx6tm,GPU-6813d4a5-a19a-6a1f-b0ae-7d70939dc17d,DCGM_FI_DEV_ROW_REMAP_FAILURE,nvidia-dcgm-exporter,nvidia5,gpu-metrics,,,,5,192.241.129.18:9400,nvidia-dcgm-exporter,NVIDIA A100-SXM4-80GB,nvidia-gpu-operator,nvidia-dcgm-exporter-xq25l,openshift-monitoring/k8s,nvidia-dcgm-exporter,0.0
2024-05-21 16:31:00.772000074,NVIDIA,6.16,G506.0210.00.03,2.0,1652523004804,92.00.45.00.05,535.104.05,12.535.104.05,fmaas-devstage-backen-9cjgj-worker-a100-il-rdma-3-jx6tm,GPU-6813d4a5-a19a-6a1f-b0ae-7d70939dc17d,DCGM_FI_DEV_ROW_REMAP_FAILURE,nvidia-dcgm-exporter,nvidia5,gpu-metrics,,,,5,192.241.129.18:9400,nvidia-dcgm-exporter,NVIDIA A100-SXM4-80GB,nvidia-gpu-operator,nvidia-dcgm-exporter-xq25l,openshift-monitoring/k8s,nvidia-dcgm-exporter,0.0
2024-05-21 16:33:43.667999983,NVIDIA,6.16,G506.0210.00.03,2.0,1652523004804,92.00.45.00.05,535.104.05,12.535.104.05,fmaas-devstage-backen-9cjgj-worker-a100-il-rdma-3-jx6tm,GPU-6813d4a5-a19a-6a1f-b0ae-7d70939dc17d,DCGM_FI_DEV_ROW_REMAP_FAILURE,nvidia-dcgm-exporter,nvidia5,gpu-metrics,,,,5,192.241.129.18:9400,nvidia-dcgm-exporter,NVIDIA A100-SXM4-80GB,nvidia-gpu-operator,nvidia-dcgm-exporter-xq25l,openshift-monitoring/k8s,nvidia-dcgm-exporter,0.0
2024-05-21 16:34:13.667999983,NVIDIA,6.16,G506.0210.00.03,2.0,1652523004804,92.00.45.00.05,535.104.05,12.535.104.05,fmaas-devstage-backen-9cjgj-worker-a100-il-rdma-3-jx6tm,GPU-6813d4a5-a19a-6a1f-b0ae-7d70939dc17d,DCGM_FI_DEV_ROW_REMAP_FAILURE,nvidia-dcgm-exporter,nvidia5,gpu-metrics,,,,5,192.241.129.18:9400,nvidia-dcgm-exporter,NVIDIA A100-SXM4-80GB,nvidia-gpu-operator,nvidia-dcgm-exporter-xq25l,openshift-monitoring/k8s,nvidia-dcgm-exporter,0.0
2024-05-21 16:34:43.667999983,NVIDIA,6.16,G506.0210.00.03,2.0,1652523004804,92.00.45.00.05,535.104.05,12.535.104.05,fmaas-devstage-backen-9cjgj-worker-a100-il-rdma-3-jx6tm,GPU-6813d4a5-a19a-6a1f-b0ae-7d70939dc17d,DCGM_FI_DEV_ROW_REMAP_FAILURE,nvidia-dcgm-exporter,nvidia5,gpu-metrics,,,,5,192.241.129.18:9400,nvidia-dcgm-exporter,NVIDIA A100-SXM4-80GB,nvidia-gpu-operator,nvidia-dcgm-exporter-xq25l,openshift-monitoring/k8s,nvidia-dcgm-exporter,0.0
2024-05-21 16:35:13.667999983,NVIDIA,6.16,G506.0210.00.03,2.0,1652523004804,92.00.45.00.05,535.104.05,12.535.104.05,fmaas-devstage-backen-9cjgj-worker-a100-il-rdma-3-jx6tm,GPU-6813d4a5-a19a-6a1f-b0ae-7d70939dc17d,DCGM_FI_DEV_ROW_REMAP_FAILURE,nvidia-dcgm-exporter,nvidia5,gpu-metrics,,,,5,192.241.129.18:9400,nvidia-dcgm-exporter,NVIDIA A100-SXM4-80GB,nvidia-gpu-operator,nvidia-dcgm-exporter-xq25l,openshift-monitoring/k8s,nvidia-dcgm-exporter,0.0
2024-05-21 16:27:43.667999983,NVIDIA,6.16,G506.0210.00.03,2.0,1652523021837,92.00.45.00.05,535.104.05,12.535.104.05,fmaas-devstage-backen-9cjgj-worker-a100-il-rdma-3-jx6tm,GPU-b30541a1-5408-9bb3-d9fa-12665d1e7472,DCGM_FI_DEV_ROW_REMAP_FAILURE,nvidia-dcgm-exporter,nvidia4,gpu-metrics,text-generation-server,tgis-dev,tee13-flanul2-t-f16,4,192.241.129.18:9400,nvidia-dcgm-exporter,NVIDIA A100-SXM4-80GB,nvidia-gpu-operator,nvidia-dcgm-exporter-xq25l,openshift-monitoring/k8s,nvidia-dcgm-exporter,0.0
2024-05-21 16:28:00.772000074,NVIDIA,6.16,G506.0210.00.03,2.0,1652523021837,92.00.45.00.05,535.104.05,12.535.104.05,fmaas-devstage-backen-9cjgj-worker-a100-il-rdma-3-jx6tm,GPU-b30541a1-5408-9bb3-d9fa-12665d1e7472,DCGM_FI_DEV_ROW_REMAP_FAILURE,nvidia-dcgm-exporter,nvidia4,gpu-metrics,text-generation-server,tgis-dev,tee13-flanul2-t-f16,4,192.241.129.18:9400,nvidia-dcgm-exporter,NVIDIA A100-SXM4-80GB,nvidia-gpu-operator,nvidia-dcgm-exporter-xq25l,openshift-monitoring/k8s,nvidia-dcgm-exporter,0.0
2024-05-21 16:28:30.772000074,NVIDIA,6.16,G506.0210.00.03,2.0,1652523021837,92.00.45.00.05,535.104.05,12.535.104.05,fmaas-devstage-backen-9cjgj-worker-a100-il-rdma-3-jx6tm,GPU-b30541a1-5408-9bb3-d9fa-12665d1e7472,DCGM_FI_DEV_ROW_REMAP_FAILURE,nvidia-dcgm-exporter,nvidia4,gpu-metrics,text-generation-server,tgis-dev,tee13-flanul2-t-f16,4,192.241.129.18:9400,nvidia-dcgm-exporter,NVIDIA A100-SXM4-80GB,nvidia-gpu-operator,nvidia-dcgm-exporter-xq25l,openshift-monitoring/k8s,nvidia-dcgm-exporter,0.0
2024-05-21 16:29:00.772000074,NVIDIA,6.16,G506.0210.00.03,2.0,1652523021837,92.00.45.00.05,535.104.05,12.535.104.05,fmaas-devstage-backen-9cjgj-worker-a100-il-rdma-3-jx6tm,GPU-b30541a1-5408-9bb3-d9fa-12665d1e7472,DCGM_FI_DEV_ROW_REMAP_FAILURE,nvidia-dcgm-exporter,nvidia4,gpu-metrics,text-generation-server,tgis-dev,tee13-flanul2-t-f16,4,192.241.129.18:9400,nvidia-dcgm-exporter,NVIDIA A100-SXM4-80GB,nvidia-gpu-operator,nvidia-dcgm-exporter-xq25l,openshift-monitoring/k8s,nvidia-dcgm-exporter,0.0
2024-05-21 16:29:30.772000074,NVIDIA,6.16,G506.0210.00.03,2.0,1652523021837,92.00.45.00.05,535.104.05,12.535.104.05,fmaas-devstage-backen-9cjgj-worker-a100-il-rdma-3-jx6tm,GPU-b30541a1-5408-9bb3-d9fa-12665d1e7472,DCGM_FI_DEV_ROW_REMAP_FAILURE,nvidia-dcgm-exporter,nvidia4,gpu-metrics,text-generation-server,tgis-dev,tee13-flanul2-t-f16,4,192.241.129.18:9400,nvidia-dcgm-exporter,NVIDIA A100-SXM4-80GB,nvidia-gpu-operator,nvidia-dcgm-exporter-xq25l,openshift-monitoring/k8s,nvidia-dcgm-exporter,0.0
2024-05-21 16:30:00.772000074,NVIDIA,6.16,G506.0210.00.03,2.0,1652523021837,92.00.45.00.05,535.104.05,12.535.104.05,fmaas-devstage-backen-9cjgj-worker-a100-il-rdma-3-jx6tm,GPU-b30541a1-5408-9bb3-d9fa-12665d1e7472,DCGM_FI_DEV_ROW_REMAP_FAILURE,nvidia-dcgm-exporter,nvidia4,gpu-metrics,text-generation-server,tgis-dev,tee13-flanul2-t-f16,4,192.241.129.18:9400,nvidia-dcgm-exporter,NVIDIA A100-SXM4-80GB,nvidia-gpu-operator,nvidia-dcgm-exporter-xq25l,openshift-monitoring/k8s,nvidia-dcgm-exporter,0.0
2024-05-21 16:30:30.772000074,NVIDIA,6.16,G506.0210.00.03,2.0,1652523021837,92.00.45.00.05,535.104.05,12.535.104.05,fmaas-devstage-backen-9cjgj-worker-a100-il-rdma-3-jx6tm,GPU-b30541a1-5408-9bb3-d9fa-12665d1e7472,DCGM_FI_DEV_ROW_REMAP_FAILURE,nvidia-dcgm-exporter,nvidia4,gpu-metrics,text-generation-server,tgis-dev,tee13-flanul2-t-f16,4,192.241.129.18:9400,nvidia-dcgm-exporter,NVIDIA A100-SXM4-80GB,nvidia-gpu-operator,nvidia-dcgm-exporter-xq25l,openshift-monitoring/k8s,nvidia-dcgm-exporter,0.0
2024-05-21 16:31:00.772000074,NVIDIA,6.16,G506.0210.00.03,2.0,1652523021837,92.00.45.00.05,535.104.05,12.535.104.05,fmaas-devstage-backen-9cjgj-worker-a100-il-rdma-3-jx6tm,GPU-b30541a1-5408-9bb3-d9fa-12665d1e7472,DCGM_FI_DEV_ROW_REMAP_FAILURE,nvidia-dcgm-exporter,nvidia4,gpu-metrics,text-generation-server,tgis-dev,tee13-flanul2-t-f16,4,192.241.129.18:9400,nvidia-dcgm-exporter,NVIDIA A100-SXM4-80GB,nvidia-gpu-operator,nvidia-dcgm-exporter-xq25l,openshift-monitoring/k8s,nvidia-dcgm-exporter,0.0
2024-05-21 16:31:30.772000074,NVIDIA,6.16,G506.0210.00.03,2.0,1652523021837,92.00.45.00.05,535.104.05,12.535.104.05,fmaas-devstage-backen-9cjgj-worker-a100-il-rdma-3-jx6tm,GPU-b30541a1-5408-9bb3-d9fa-12665d1e7472,DCGM_FI_DEV_ROW_REMAP_FAILURE,nvidia-dcgm-exporter,nvidia4,gpu-metrics,text-generation-server,tgis-dev,tee13-grani8bjpga-f-f16,4,192.241.129.18:9400,nvidia-dcgm-exporter,NVIDIA A100-SXM4-80GB,nvidia-gpu-operator,nvidia-dcgm-exporter-xq25l,openshift-monitoring/k8s,nvidia-dcgm-exporter,0.0
2024-05-21 16:31:43.667999983,NVIDIA,6.16,G506.0210.00.03,2.0,1652523021837,92.00.45.00.05,535.104.05,12.535.104.05,fmaas-devstage-backen-9cjgj-worker-a100-il-rdma-3-jx6tm,GPU-b30541a1-5408-9bb3-d9fa-12665d1e7472,DCGM_FI_DEV_ROW_REMAP_FAILURE,nvidia-dcgm-exporter,nvidia4,gpu-metrics,text-generation-server,tgis-dev,tee13-grani8bjpga-f-f16,4,192.241.129.18:9400,nvidia-dcgm-exporter,NVIDIA A100-SXM4-80GB,nvidia-gpu-operator,nvidia-dcgm-exporter-xq25l,openshift-monitoring/k8s,nvidia-dcgm-exporter,0.0
2024-05-21 16:32:13.667999983,NVIDIA,6.16,G506.0210.00.03,2.0,1652523021837,92.00.45.00.05,535.104.05,12.535.104.05,fmaas-devstage-backen-9cjgj-worker-a100-il-rdma-3-jx6tm,GPU-b30541a1-5408-9bb3-d9fa-12665d1e7472,DCGM_FI_DEV_ROW_REMAP_FAILURE,nvidia-dcgm-exporter,nvidia4,gpu-metrics,text-generation-server,tgis-dev,tee13-grani8bjpga-f-f16,4,192.241.129.18:9400,nvidia-dcgm-exporter,NVIDIA A100-SXM4-80GB,nvidia-gpu-operator,nvidia-dcgm-exporter-xq25l,openshift-monitoring/k8s,nvidia-dcgm-exporter,0.0
2024-05-21 16:32:43.667999983,NVIDIA,6.16,G506.0210.00.03,2.0,1652523021837,92.00.45.00.05,535.104.05,12.535.104.05,fmaas-devstage-backen-9cjgj-worker-a100-il-rdma-3-jx6tm,GPU-b30541a1-5408-9bb3-d9fa-12665d1e7472,DCGM_FI_DEV_ROW_REMAP_FAILURE,nvidia-dcgm-exporter,nvidia4,gpu-metrics,text-generation-server,tgis-dev,tee13-grani8bjpga-f-f16,4,192.241.129.18:9400,nvidia-dcgm-exporter,NVIDIA A100-SXM4-80GB,nvidia-gpu-operator,nvidia-dcgm-exporter-xq25l,openshift-monitoring/k8s,nvidia-dcgm-exporter,0.0
2024-05-21 16:33:13.667999983,NVIDIA,6.16,G506.0210.00.03,2.0,1652523021837,92.00.45.00.05,535.104.05,12.535.104.05,fmaas-devstage-backen-9cjgj-worker-a100-il-rdma-3-jx6tm,GPU-b30541a1-5408-9bb3-d9fa-12665d1e7472,DCGM_FI_DEV_ROW_REMAP_FAILURE,nvidia-dcgm-exporter,nvidia4,gpu-metrics,text-generation-server,tgis-dev,tee13-grani8bjpga-f-f16,4,192.241.129.18:9400,nvidia-dcgm-exporter,NVIDIA A100-SXM4-80GB,nvidia-gpu-operator,nvidia-dcgm-exporter-xq25l,openshift-monitoring/k8s,nvidia-dcgm-exporter,0.0
2024-05-21 16:33:43.667999983,NVIDIA,6.16,G506.0210.00.03,2.0,1652523021837,92.00.45.00.05,535.104.05,12.535.104.05,fmaas-devstage-backen-9cjgj-worker-a100-il-rdma-3-jx6tm,GPU-b30541a1-5408-9bb3-d9fa-12665d1e7472,DCGM_FI_DEV_ROW_REMAP_FAILURE,nvidia-dcgm-exporter,nvidia4,gpu-metrics,text-generation-server,tgis-dev,tee13-grani8bjpga-f-f16,4,192.241.129.18:9400,nvidia-dcgm-exporter,NVIDIA A100-SXM4-80GB,nvidia-gpu-operator,nvidia-dcgm-exporter-xq25l,openshift-monitoring/k8s,nvidia-dcgm-exporter,0.0
2024-05-21 16:34:13.667999983,NVIDIA,6.16,G506.0210.00.03,2.0,1652523021837,92.00.45.00.05,535.104.05,12.535.104.05,fmaas-devstage-backen-9cjgj-worker-a100-il-rdma-3-jx6tm,GPU-b30541a1-5408-9bb3-d9fa-12665d1e7472,DCGM_FI_DEV_ROW_REMAP_FAILURE,nvidia-dcgm-exporter,nvidia4,gpu-metrics,text-generation-server,tgis-dev,tee13-grani8bjpga-f-f16,4,192.241.129.18:9400,nvidia-dcgm-exporter,NVIDIA A100-SXM4-80GB,nvidia-gpu-operator,nvidia-dcgm-exporter-xq25l,openshift-monitoring/k8s,nvidia-dcgm-exporter,0.0
2024-05-21 16:34:43.667999983,NVIDIA,6.16,G506.0210.00.03,2.0,1652523021837,92.00.45.00.05,535.104.05,12.535.104.05,fmaas-devstage-backen-9cjgj-worker-a100-il-rdma-3-jx6tm,GPU-b30541a1-5408-9bb3-d9fa-12665d1e7472,DCGM_FI_DEV_ROW_REMAP_FAILURE,nvidia-dcgm-exporter,nvidia4,gpu-metrics,text-generation-server,tgis-dev,tee13-grani8bjpga-f-f16,4,192.241.129.18:9400,nvidia-dcgm-exporter,NVIDIA A100-SXM4-80GB,nvidia-gpu-operator,nvidia-dcgm-exporter-xq25l,openshift-monitoring/k8s,nvidia-dcgm-exporter,0.0
2024-05-21 16:35:13.667999983,NVIDIA,6.16,G506.0210.00.03,2.0,1652523021837,92.00.45.00.05,535.104.05,12.535.104.05,fmaas-devstage-backen-9cjgj-worker-a100-il-rdma-3-jx6tm,GPU-b30541a1-5408-9bb3-d9fa-12665d1e7472,DCGM_FI_DEV_ROW_REMAP_FAILURE,nvidia-dcgm-exporter,nvidia4,gpu-metrics,text-generation-server,tgis-dev,tee13-grani8bjpga-f-f16,4,192.241.129.18:9400,nvidia-dcgm-exporter,NVIDIA A100-SXM4-80GB,nvidia-gpu-operator,nvidia-dcgm-exporter-xq25l,openshift-monitoring/k8s,nvidia-dcgm-exporter,0.0
2024-05-21 16:25:43.667999983,NVIDIA,6.16,G506.0210.00.03,2.0,1652523021837,92.00.45.00.05,535.104.05,12.535.104.05,fmaas-devstage-backen-9cjgj-worker-a100-il-rdma-3-jx6tm,GPU-b30541a1-5408-9bb3-d9fa-12665d1e7472,DCGM_FI_DEV_ROW_REMAP_FAILURE,nvidia-dcgm-exporter,nvidia4,gpu-metrics,,,,4,192.241.129.18:9400,nvidia-dcgm-exporter,NVIDIA A100-SXM4-80GB,nvidia-gpu-operator,nvidia-dcgm-exporter-xq25l,openshift-monitoring/k8s,nvidia-dcgm-exporter,0.0
2024-05-21 16:26:00.772000074,NVIDIA,6.16,G506.0210.00.03,2.0,1652523021837,92.00.45.00.05,535.104.05,12.535.104.05,fmaas-devstage-backen-9cjgj-worker-a100-il-rdma-3-jx6tm,GPU-b30541a1-5408-9bb3-d9fa-12665d1e7472,DCGM_FI_DEV_ROW_REMAP_FAILURE,nvidia-dcgm-exporter,nvidia4,gpu-metrics,,,,4,192.241.129.18:9400,nvidia-dcgm-exporter,NVIDIA A100-SXM4-80GB,nvidia-gpu-operator,nvidia-dcgm-exporter-xq25l,openshift-monitoring/k8s,nvidia-dcgm-exporter,0.0
2024-05-21 16:26:30.772000074,NVIDIA,6.16,G506.0210.00.03,2.0,1652523021837,92.00.45.00.05,535.104.05,12.535.104.05,fmaas-devstage-backen-9cjgj-worker-a100-il-rdma-3-jx6tm,GPU-b30541a1-5408-9bb3-d9fa-12665d1e7472,DCGM_FI_DEV_ROW_REMAP_FAILURE,nvidia-dcgm-exporter,nvidia4,gpu-metrics,,,,4,192.241.129.18:9400,nvidia-dcgm-exporter,NVIDIA A100-SXM4-80GB,nvidia-gpu-operator,nvidia-dcgm-exporter-xq25l,openshift-monitoring/k8s,nvidia-dcgm-exporter,0.0
2024-05-21 16:27:00.772000074,NVIDIA,6.16,G506.0210.00.03,2.0,1652523021837,92.00.45.00.05,535.104.05,12.535.104.05,fmaas-devstage-backen-9cjgj-worker-a100-il-rdma-3-jx6tm,GPU-b30541a1-5408-9bb3-d9fa-12665d1e7472,DCGM_FI_DEV_ROW_REMAP_FAILURE,nvidia-dcgm-exporter,nvidia4,gpu-metrics,,,,4,192.241.129.18:9400,nvidia-dcgm-exporter,NVIDIA A100-SXM4-80GB,nvidia-gpu-operator,nvidia-dcgm-exporter-xq25l,openshift-monitoring/k8s,nvidia-dcgm-exporter,0.0
2024-05-21 16:27:30.772000074,NVIDIA,6.16,G506.0210.00.03,2.0,1652523021837,92.00.45.00.05,535.104.05,12.535.104.05,fmaas-devstage-backen-9cjgj-worker-a100-il-rdma-3-jx6tm,GPU-b30541a1-5408-9bb3-d9fa-12665d1e7472,DCGM_FI_DEV_ROW_REMAP_FAILURE,nvidia-dcgm-exporter,nvidia4,gpu-metrics,,,,4,192.241.129.18:9400,nvidia-dcgm-exporter,NVIDIA A100-SXM4-80GB,nvidia-gpu-operator,nvidia-dcgm-exporter-xq25l,openshift-monitoring/k8s,nvidia-dcgm-exporter,0.0
2024-05-21 16:25:43.667999983,NVIDIA,6.16,G506.0210.00.03,2.0,1652523023451,92.00.45.00.05,535.104.05,12.535.104.05,fmaas-devstage-backen-9cjgj-worker-a100-il-rdma-3-jx6tm,GPU-5a7be2c2-efcc-3083-73b1-eee12a966584,DCGM_FI_DEV_ROW_REMAP_FAILURE,nvidia-dcgm-exporter,nvidia0,gpu-metrics,text-generation-server,tgis-dev,tee13-70bf-n-f16-shard-flash,0,192.241.129.18:9400,nvidia-dcgm-exporter,NVIDIA A100-SXM4-80GB,nvidia-gpu-operator,nvidia-dcgm-exporter-xq25l,openshift-monitoring/k8s,nvidia-dcgm-exporter,0.0
2024-05-21 16:26:00.772000074,NVIDIA,6.16,G506.0210.00.03,2.0,1652523023451,92.00.45.00.05,535.104.05,12.535.104.05,fmaas-devstage-backen-9cjgj-worker-a100-il-rdma-3-jx6tm,GPU-5a7be2c2-efcc-3083-73b1-eee12a966584,DCGM_FI_DEV_ROW_REMAP_FAILURE,nvidia-dcgm-exporter,nvidia0,gpu-metrics,text-generation-server,tgis-dev,tee13-70bf-n-f16-shard-flash,0,192.241.129.18:9400,nvidia-dcgm-exporter,NVIDIA A100-SXM4-80GB,nvidia-gpu-operator,nvidia-dcgm-exporter-xq25l,openshift-monitoring/k8s,nvidia-dcgm-exporter,0.0
2024-05-21 16:26:30.772000074,NVIDIA,6.16,G506.0210.00.03,2.0,1652523023451,92.00.45.00.05,535.104.05,12.535.104.05,fmaas-devstage-backen-9cjgj-worker-a100-il-rdma-3-jx6tm,GPU-5a7be2c2-efcc-3083-73b1-eee12a966584,DCGM_FI_DEV_ROW_REMAP_FAILURE,nvidia-dcgm-exporter,nvidia0,gpu-metrics,text-generation-server,tgis-dev,tee13-70bf-n-f16-shard-flash,0,192.241.129.18:9400,nvidia-dcgm-exporter,NVIDIA A100-SXM4-80GB,nvidia-gpu-operator,nvidia-dcgm-exporter-xq25l,openshift-monitoring/k8s,nvidia-dcgm-exporter,0.0
2024-05-21 16:27:00.772000074,NVIDIA,6.16,G506.0210.00.03,2.0,1652523023451,92.00.45.00.05,535.104.05,12.535.104.05,fmaas-devstage-backen-9cjgj-worker-a100-il-rdma-3-jx6tm,GPU-5a7be2c2-efcc-3083-73b1-eee12a966584,DCGM_FI_DEV_ROW_REMAP_FAILURE,nvidia-dcgm-exporter,nvidia0,gpu-metrics,text-generation-server,tgis-dev,tee13-70bf-n-f16-shard-flash,0,192.241.129.18:9400,nvidia-dcgm-exporter,NVIDIA A100-SXM4-80GB,nvidia-gpu-operator,nvidia-dcgm-exporter-xq25l,openshift-monitoring/k8s,nvidia-dcgm-exporter,0.0
2024-05-21 16:27:30.772000074,NVIDIA,6.16,G506.0210.00.03,2.0,1652523023451,92.00.45.00.05,535.104.05,12.535.104.05,fmaas-devstage-backen-9cjgj-worker-a100-il-rdma-3-jx6tm,GPU-5a7be2c2-efcc-3083-73b1-eee12a966584,DCGM_FI_DEV_ROW_REMAP_FAILURE,nvidia-dcgm-exporter,nvidia0,gpu-metrics,,,,0,192.241.129.18:9400,nvidia-dcgm-exporter,NVIDIA A100-SXM4-80GB,nvidia-gpu-operator,nvidia-dcgm-exporter-xq25l,openshift-monitoring/k8s,nvidia-dcgm-exporter,0.0
2024-05-21 16:27:43.667999983,NVIDIA,6.16,G506.0210.00.03,2.0,1652523023451,92.00.45.00.05,535.104.05,12.535.104.05,fmaas-devstage-backen-9cjgj-worker-a100-il-rdma-3-jx6tm,GPU-5a7be2c2-efcc-3083-73b1-eee12a966584,DCGM_FI_DEV_ROW_REMAP_FAILURE,nvidia-dcgm-exporter,nvidia0,gpu-metrics,,,,0,192.241.129.18:9400,nvidia-dcgm-exporter,NVIDIA A100-SXM4-80GB,nvidia-gpu-operator,nvidia-dcgm-exporter-xq25l,openshift-monitoring/k8s,nvidia-dcgm-exporter,0.0
2024-05-21 16:28:13.667999983,NVIDIA,6.16,G506.0210.00.03,2.0,1652523023451,92.00.45.00.05,535.104.05,12.535.104.05,fmaas-devstage-backen-9cjgj-worker-a100-il-rdma-3-jx6tm,GPU-5a7be2c2-efcc-3083-73b1-eee12a966584,DCGM_FI_DEV_ROW_REMAP_FAILURE,nvidia-dcgm-exporter,nvidia0,gpu-metrics,,,,0,192.241.129.18:9400,nvidia-dcgm-exporter,NVIDIA A100-SXM4-80GB,nvidia-gpu-operator,nvidia-dcgm-exporter-xq25l,openshift-monitoring/k8s,nvidia-dcgm-exporter,0.0
2024-05-21 16:28:43.667999983,NVIDIA,6.16,G506.0210.00.03,2.0,1652523023451,92.00.45.00.05,535.104.05,12.535.104.05,fmaas-devstage-backen-9cjgj-worker-a100-il-rdma-3-jx6tm,GPU-5a7be2c2-efcc-3083-73b1-eee12a966584,DCGM_FI_DEV_ROW_REMAP_FAILURE,nvidia-dcgm-exporter,nvidia0,gpu-metrics,,,,0,192.241.129.18:9400,nvidia-dcgm-exporter,NVIDIA A100-SXM4-80GB,nvidia-gpu-operator,nvidia-dcgm-exporter-xq25l,openshift-monitoring/k8s,nvidia-dcgm-exporter,0.0
2024-05-21 16:29:13.667999983,NVIDIA,6.16,G506.0210.00.03,2.0,1652523023451,92.00.45.00.05,535.104.05,12.535.104.05,fmaas-devstage-backen-9cjgj-worker-a100-il-rdma-3-jx6tm,GPU-5a7be2c2-efcc-3083-73b1-eee12a966584,DCGM_FI_DEV_ROW_REMAP_FAILURE,nvidia-dcgm-exporter,nvidia0,gpu-metrics,,,,0,192.241.129.18:9400,nvidia-dcgm-exporter,NVIDIA A100-SXM4-80GB,nvidia-gpu-operator,nvidia-dcgm-exporter-xq25l,openshift-monitoring/k8s,nvidia-dcgm-exporter,0.0
2024-05-21 16:29:43.667999983,NVIDIA,6.16,G506.0210.00.03,2.0,1652523023451,92.00.45.00.05,535.104.05,12.535.104.05,fmaas-devstage-backen-9cjgj-worker-a100-il-rdma-3-jx6tm,GPU-5a7be2c2-efcc-3083-73b1-eee12a966584,DCGM_FI_DEV_ROW_REMAP_FAILURE,nvidia-dcgm-exporter,nvidia0,gpu-metrics,,,,0,192.241.129.18:9400,nvidia-dcgm-exporter,NVIDIA A100-SXM4-80GB,nvidia-gpu-operator,nvidia-dcgm-exporter-xq25l,openshift-monitoring/k8s,nvidia-dcgm-exporter,0.0
2024-05-21 16:30:13.667999983,NVIDIA,6.16,G506.0210.00.03,2.0,1652523023451,92.00.45.00.05,535.104.05,12.535.104.05,fmaas-devstage-backen-9cjgj-worker-a100-il-rdma-3-jx6tm,GPU-5a7be2c2-efcc-3083-73b1-eee12a966584,DCGM_FI_DEV_ROW_REMAP_FAILURE,nvidia-dcgm-exporter,nvidia0,gpu-metrics,,,,0,192.241.129.18:9400,nvidia-dcgm-exporter,NVIDIA A100-SXM4-80GB,nvidia-gpu-operator,nvidia-dcgm-exporter-xq25l,openshift-monitoring/k8s,nvidia-dcgm-exporter,0.0
2024-05-21 16:30:43.667999983,NVIDIA,6.16,G506.0210.00.03,2.0,1652523023451,92.00.45.00.05,535.104.05,12.535.104.05,fmaas-devstage-backen-9cjgj-worker-a100-il-rdma-3-jx6tm,GPU-5a7be2c2-efcc-3083-73b1-eee12a966584,DCGM_FI_DEV_ROW_REMAP_FAILURE,nvidia-dcgm-exporter,nvidia0,gpu-metrics,,,,0,192.241.129.18:9400,nvidia-dcgm-exporter,NVIDIA A100-SXM4-80GB,nvidia-gpu-operator,nvidia-dcgm-exporter-xq25l,openshift-monitoring/k8s,nvidia-dcgm-exporter,0.0
2024-05-21 16:31:13.667999983,NVIDIA,6.16,G506.0210.00.03,2.0,1652523023451,92.00.45.00.05,535.104.05,12.535.104.05,fmaas-devstage-backen-9cjgj-worker-a100-il-rdma-3-jx6tm,GPU-5a7be2c2-efcc-3083-73b1-eee12a966584,DCGM_FI_DEV_ROW_REMAP_FAILURE,nvidia-dcgm-exporter,nvidia0,gpu-metrics,,,,0,192.241.129.18:9400,nvidia-dcgm-exporter,NVIDIA A100-SXM4-80GB,nvidia-gpu-operator,nvidia-dcgm-exporter-xq25l,openshift-monitoring/k8s,nvidia-dcgm-exporter,0.0
2024-05-21 16:31:43.667999983,NVIDIA,6.16,G506.0210.00.03,2.0,1652523023451,92.00.45.00.05,535.104.05,12.535.104.05,fmaas-devstage-backen-9cjgj-worker-a100-il-rdma-3-jx6tm,GPU-5a7be2c2-efcc-3083-73b1-eee12a966584,DCGM_FI_DEV_ROW_REMAP_FAILURE,nvidia-dcgm-exporter,nvidia0,gpu-metrics,,,,0,192.241.129.18:9400,nvidia-dcgm-exporter,NVIDIA A100-SXM4-80GB,nvidia-gpu-operator,nvidia-dcgm-exporter-xq25l,openshift-monitoring/k8s,nvidia-dcgm-exporter,0.0
2024-05-21 16:32:13.667999983,NVIDIA,6.16,G506.0210.00.03,2.0,1652523023451,92.00.45.00.05,535.104.05,12.535.104.05,fmaas-devstage-backen-9cjgj-worker-a100-il-rdma-3-jx6tm,GPU-5a7be2c2-efcc-3083-73b1-eee12a966584,DCGM_FI_DEV_ROW_REMAP_FAILURE,nvidia-dcgm-exporter,nvidia0,gpu-metrics,,,,0,192.241.129.18:9400,nvidia-dcgm-exporter,NVIDIA A100-SXM4-80GB,nvidia-gpu-operator,nvidia-dcgm-exporter-xq25l,openshift-monitoring/k8s,nvidia-dcgm-exporter,0.0
2024-05-21 16:32:43.667999983,NVIDIA,6.16,G506.0210.00.03,2.0,1652523023451,92.00.45.00.05,535.104.05,12.535.104.05,fmaas-devstage-backen-9cjgj-worker-a100-il-rdma-3-jx6tm,GPU-5a7be2c2-efcc-3083-73b1-eee12a966584,DCGM_FI_DEV_ROW_REMAP_FAILURE,nvidia-dcgm-exporter,nvidia0,gpu-metrics,,,,0,192.241.129.18:9400,nvidia-dcgm-exporter,NVIDIA A100-SXM4-80GB,nvidia-gpu-operator,nvidia-dcgm-exporter-xq25l,openshift-monitoring/k8s,nvidia-dcgm-exporter,0.0
2024-05-21 16:33:13.667999983,NVIDIA,6.16,G506.0210.00.03,2.0,1652523023451,92.00.45.00.05,535.104.05,12.535.104.05,fmaas-devstage-backen-9cjgj-worker-a100-il-rdma-3-jx6tm,GPU-5a7be2c2-efcc-3083-73b1-eee12a966584,DCGM_FI_DEV_ROW_REMAP_FAILURE,nvidia-dcgm-exporter,nvidia0,gpu-metrics,,,,0,192.241.129.18:9400,nvidia-dcgm-exporter,NVIDIA A100-SXM4-80GB,nvidia-gpu-operator,nvidia-dcgm-exporter-xq25l,openshift-monitoring/k8s,nvidia-dcgm-exporter,0.0
2024-05-21 16:33:43.667999983,NVIDIA,6.16,G506.0210.00.03,2.0,1652523023451,92.00.45.00.05,535.104.05,12.535.104.05,fmaas-devstage-backen-9cjgj-worker-a100-il-rdma-3-jx6tm,GPU-5a7be2c2-efcc-3083-73b1-eee12a966584,DCGM_FI_DEV_ROW_REMAP_FAILURE,nvidia-dcgm-exporter,nvidia0,gpu-metrics,,,,0,192.241.129.18:9400,nvidia-dcgm-exporter,NVIDIA A100-SXM4-80GB,nvidia-gpu-operator,nvidia-dcgm-exporter-xq25l,openshift-monitoring/k8s,nvidia-dcgm-exporter,0.0
2024-05-21 16:34:13.667999983,NVIDIA,6.16,G506.0210.00.03,2.0,1652523023451,92.00.45.00.05,535.104.05,12.535.104.05,fmaas-devstage-backen-9cjgj-worker-a100-il-rdma-3-jx6tm,GPU-5a7be2c2-efcc-3083-73b1-eee12a966584,DCGM_FI_DEV_ROW_REMAP_FAILURE,nvidia-dcgm-exporter,nvidia0,gpu-metrics,,,,0,192.241.129.18:9400,nvidia-dcgm-exporter,NVIDIA A100-SXM4-80GB,nvidia-gpu-operator,nvidia-dcgm-exporter-xq25l,openshift-monitoring/k8s,nvidia-dcgm-exporter,0.0
2024-05-21 16:34:43.667999983,NVIDIA,6.16,G506.0210.00.03,2.0,1652523023451,92.00.45.00.05,535.104.05,12.535.104.05,fmaas-devstage-backen-9cjgj-worker-a100-il-rdma-3-jx6tm,GPU-5a7be2c2-efcc-3083-73b1-eee12a966584,DCGM_FI_DEV_ROW_REMAP_FAILURE,nvidia-dcgm-exporter,nvidia0,gpu-metrics,,,,0,192.241.129.18:9400,nvidia-dcgm-exporter,NVIDIA A100-SXM4-80GB,nvidia-gpu-operator,nvidia-dcgm-exporter-xq25l,openshift-monitoring/k8s,nvidia-dcgm-exporter,0.0
2024-05-21 16:35:13.667999983,NVIDIA,6.16,G506.0210.00.03,2.0,1652523023451,92.00.45.00.05,535.104.05,12.535.104.05,fmaas-devstage-backen-9cjgj-worker-a100-il-rdma-3-jx6tm,GPU-5a7be2c2-efcc-3083-73b1-eee12a966584,DCGM_FI_DEV_ROW_REMAP_FAILURE,nvidia-dcgm-exporter,nvidia0,gpu-metrics,,,,0,192.241.129.18:9400,nvidia-dcgm-exporter,NVIDIA A100-SXM4-80GB,nvidia-gpu-operator,nvidia-dcgm-exporter-xq25l,openshift-monitoring/k8s,nvidia-dcgm-exporter,0.0
2024-05-21 16:35:43.667999983,NVIDIA,6.16,G506.0210.00.03,2.0,1652523001873,92.00.45.00.05,535.104.05,12.535.104.05,fmaas-devstage-backen-9cjgj-worker-a100-il-rdma-3-jx6tm,GPU-005a31d4-76ae-2dd3-af84-3b7039e24835,DCGM_FI_DEV_ROW_REMAP_FAILURE,nvidia-dcgm-exporter,nvidia6,gpu-metrics,,,,6,192.241.129.18:9400,nvidia-dcgm-exporter,NVIDIA A100-SXM4-80GB,nvidia-gpu-operator,nvidia-dcgm-exporter-xq25l,openshift-monitoring/k8s,nvidia-dcgm-exporter,0.0
2024-05-21 16:36:00.772000074,NVIDIA,6.16,G506.0210.00.03,2.0,1652523001873,92.00.45.00.05,535.104.05,12.535.104.05,fmaas-devstage-backen-9cjgj-worker-a100-il-rdma-3-jx6tm,GPU-005a31d4-76ae-2dd3-af84-3b7039e24835,DCGM_FI_DEV_ROW_REMAP_FAILURE,nvidia-dcgm-exporter,nvidia6,gpu-metrics,,,,6,192.241.129.18:9400,nvidia-dcgm-exporter,NVIDIA A100-SXM4-80GB,nvidia-gpu-operator,nvidia-dcgm-exporter-xq25l,openshift-monitoring/k8s,nvidia-dcgm-exporter,0.0
2024-05-21 16:36:30.772000074,NVIDIA,6.16,G506.0210.00.03,2.0,1652523001873,92.00.45.00.05,535.104.05,12.535.104.05,fmaas-devstage-backen-9cjgj-worker-a100-il-rdma-3-jx6tm,GPU-005a31d4-76ae-2dd3-af84-3b7039e24835,DCGM_FI_DEV_ROW_REMAP_FAILURE,nvidia-dcgm-exporter,nvidia6,gpu-metrics,,,,6,192.241.129.18:9400,nvidia-dcgm-exporter,NVIDIA A100-SXM4-80GB,nvidia-gpu-operator,nvidia-dcgm-exporter-xq25l,openshift-monitoring/k8s,nvidia-dcgm-exporter,0.0
2024-05-21 16:37:00.772000074,NVIDIA,6.16,G506.0210.00.03,2.0,1652523001873,92.00.45.00.05,535.104.05,12.535.104.05,fmaas-devstage-backen-9cjgj-worker-a100-il-rdma-3-jx6tm,GPU-005a31d4-76ae-2dd3-af84-3b7039e24835,DCGM_FI_DEV_ROW_REMAP_FAILURE,nvidia-dcgm-exporter,nvidia6,gpu-metrics,,,,6,192.241.129.18:9400,nvidia-dcgm-exporter,NVIDIA A100-SXM4-80GB,nvidia-gpu-operator,nvidia-dcgm-exporter-xq25l,openshift-monitoring/k8s,nvidia-dcgm-exporter,0.0
2024-05-21 16:37:30.772000074,NVIDIA,6.16,G506.0210.00.03,2.0,1652523001873,92.00.45.00.05,535.104.05,12.535.104.05,fmaas-devstage-backen-9cjgj-worker-a100-il-rdma-3-jx6tm,GPU-005a31d4-76ae-2dd3-af84-3b7039e24835,DCGM_FI_DEV_ROW_REMAP_FAILURE,nvidia-dcgm-exporter,nvidia6,gpu-metrics,,,,6,192.241.129.18:9400,nvidia-dcgm-exporter,NVIDIA A100-SXM4-80GB,nvidia-gpu-operator,nvidia-dcgm-exporter-xq25l,openshift-monitoring/k8s,nvidia-dcgm-exporter,0.0
2024-05-21 16:38:00.772000074,NVIDIA,6.16,G506.0210.00.03,2.0,1652523001873,92.00.45.00.05,535.104.05,12.535.104.05,fmaas-devstage-backen-9cjgj-worker-a100-il-rdma-3-jx6tm,GPU-005a31d4-76ae-2dd3-af84-3b7039e24835,DCGM_FI_DEV_ROW_REMAP_FAILURE,nvidia-dcgm-exporter,nvidia6,gpu-metrics,,,,6,192.241.129.18:9400,nvidia-dcgm-exporter,NVIDIA A100-SXM4-80GB,nvidia-gpu-operator,nvidia-dcgm-exporter-xq25l,openshift-monitoring/k8s,nvidia-dcgm-exporter,0.0
2024-05-21 16:38:30.772000074,NVIDIA,6.16,G506.0210.00.03,2.0,1652523001873,92.00.45.00.05,535.104.05,12.535.104.05,fmaas-devstage-backen-9cjgj-worker-a100-il-rdma-3-jx6tm,GPU-005a31d4-76ae-2dd3-af84-3b7039e24835,DCGM_FI_DEV_ROW_REMAP_FAILURE,nvidia-dcgm-exporter,nvidia6,gpu-metrics,,,,6,192.241.129.18:9400,nvidia-dcgm-exporter,NVIDIA A100-SXM4-80GB,nvidia-gpu-operator,nvidia-dcgm-exporter-xq25l,openshift-monitoring/k8s,nvidia-dcgm-exporter,0.0
2024-05-21 16:39:00.772000074,NVIDIA,6.16,G506.0210.00.03,2.0,1652523001873,92.00.45.00.05,535.104.05,12.535.104.05,fmaas-devstage-backen-9cjgj-worker-a100-il-rdma-3-jx6tm,GPU-005a31d4-76ae-2dd3-af84-3b7039e24835,DCGM_FI_DEV_ROW_REMAP_FAILURE,nvidia-dcgm-exporter,nvidia6,gpu-metrics,,,,6,192.241.129.18:9400,nvidia-dcgm-exporter,NVIDIA A100-SXM4-80GB,nvidia-gpu-operator,nvidia-dcgm-exporter-xq25l,openshift-monitoring/k8s,nvidia-dcgm-exporter,0.0
2024-05-21 16:39:30.772000074,NVIDIA,6.16,G506.0210.00.03,2.0,1652523001873,92.00.45.00.05,535.104.05,12.535.104.05,fmaas-devstage-backen-9cjgj-worker-a100-il-rdma-3-jx6tm,GPU-005a31d4-76ae-2dd3-af84-3b7039e24835,DCGM_FI_DEV_ROW_REMAP_FAILURE,nvidia-dcgm-exporter,nvidia6,gpu-metrics,,,,6,192.241.129.18:9400,nvidia-dcgm-exporter,NVIDIA A100-SXM4-80GB,nvidia-gpu-operator,nvidia-dcgm-exporter-xq25l,openshift-monitoring/k8s,nvidia-dcgm-exporter,0.0
2024-05-21 16:40:00.772000074,NVIDIA,6.16,G506.0210.00.03,2.0,1652523001873,92.00.45.00.05,535.104.05,12.535.104.05,fmaas-devstage-backen-9cjgj-worker-a100-il-rdma-3-jx6tm,GPU-005a31d4-76ae-2dd3-af84-3b7039e24835,DCGM_FI_DEV_ROW_REMAP_FAILURE,nvidia-dcgm-exporter,nvidia6,gpu-metrics,,,,6,192.241.129.18:9400,nvidia-dcgm-exporter,NVIDIA A100-SXM4-80GB,nvidia-gpu-operator,nvidia-dcgm-exporter-xq25l,openshift-monitoring/k8s,nvidia-dcgm-exporter,0.0
2024-05-21 16:40:30.772000074,NVIDIA,6.16,G506.0210.00.03,2.0,1652523001873,92.00.45.00.05,535.104.05,12.535.104.05,fmaas-devstage-backen-9cjgj-worker-a100-il-rdma-3-jx6tm,GPU-005a31d4-76ae-2dd3-af84-3b7039e24835,DCGM_FI_DEV_ROW_REMAP_FAILURE,nvidia-dcgm-exporter,nvidia6,gpu-metrics,,,,6,192.241.129.18:9400,nvidia-dcgm-exporter,NVIDIA A100-SXM4-80GB,nvidia-gpu-operator,nvidia-dcgm-exporter-xq25l,openshift-monitoring/k8s,nvidia-dcgm-exporter,0.0
2024-05-21 16:41:00.772000074,NVIDIA,6.16,G506.0210.00.03,2.0,1652523001873,92.00.45.00.05,535.104.05,12.535.104.05,fmaas-devstage-backen-9cjgj-worker-a100-il-rdma-3-jx6tm,GPU-005a31d4-76ae-2dd3-af84-3b7039e24835,DCGM_FI_DEV_ROW_REMAP_FAILURE,nvidia-dcgm-exporter,nvidia6,gpu-metrics,,,,6,192.241.129.18:9400,nvidia-dcgm-exporter,NVIDIA A100-SXM4-80GB,nvidia-gpu-operator,nvidia-dcgm-exporter-xq25l,openshift-monitoring/k8s,nvidia-dcgm-exporter,0.0
2024-05-21 16:41:30.772000074,NVIDIA,6.16,G506.0210.00.03,2.0,1652523001873,92.00.45.00.05,535.104.05,12.535.104.05,fmaas-devstage-backen-9cjgj-worker-a100-il-rdma-3-jx6tm,GPU-005a31d4-76ae-2dd3-af84-3b7039e24835,DCGM_FI_DEV_ROW_REMAP_FAILURE,nvidia-dcgm-exporter,nvidia6,gpu-metrics,,,,6,192.241.129.18:9400,nvidia-dcgm-exporter,NVIDIA A100-SXM4-80GB,nvidia-gpu-operator,nvidia-dcgm-exporter-xq25l,openshift-monitoring/k8s,nvidia-dcgm-exporter,0.0
2024-05-21 16:42:00.772000074,NVIDIA,6.16,G506.0210.00.03,2.0,1652523001873,92.00.45.00.05,535.104.05,12.535.104.05,fmaas-devstage-backen-9cjgj-worker-a100-il-rdma-3-jx6tm,GPU-005a31d4-76ae-2dd3-af84-3b7039e24835,DCGM_FI_DEV_ROW_REMAP_FAILURE,nvidia-dcgm-exporter,nvidia6,gpu-metrics,,,,6,192.241.129.18:9400,nvidia-dcgm-exporter,NVIDIA A100-SXM4-80GB,nvidia-gpu-operator,nvidia-dcgm-exporter-xq25l,openshift-monitoring/k8s,nvidia-dcgm-exporter,0.0
2024-05-21 16:42:30.772000074,NVIDIA,6.16,G506.0210.00.03,2.0,1652523001873,92.00.45.00.05,535.104.05,12.535.104.05,fmaas-devstage-backen-9cjgj-worker-a100-il-rdma-3-jx6tm,GPU-005a31d4-76ae-2dd3-af84-3b7039e24835,DCGM_FI_DEV_ROW_REMAP_FAILURE,nvidia-dcgm-exporter,nvidia6,gpu-metrics,,,,6,192.241.129.18:9400,nvidia-dcgm-exporter,NVIDIA A100-SXM4-80GB,nvidia-gpu-operator,nvidia-dcgm-exporter-xq25l,openshift-monitoring/k8s,nvidia-dcgm-exporter,0.0
2024-05-21 16:43:00.772000074,NVIDIA,6.16,G506.0210.00.03,2.0,1652523001873,92.00.45.00.05,535.104.05,12.535.104.05,fmaas-devstage-backen-9cjgj-worker-a100-il-rdma-3-jx6tm,GPU-005a31d4-76ae-2dd3-af84-3b7039e24835,DCGM_FI_DEV_ROW_REMAP_FAILURE,nvidia-dcgm-exporter,nvidia6,gpu-metrics,,,,6,192.241.129.18:9400,nvidia-dcgm-exporter,NVIDIA A100-SXM4-80GB,nvidia-gpu-operator,nvidia-dcgm-exporter-xq25l,openshift-monitoring/k8s,nvidia-dcgm-exporter,0.0
2024-05-21 16:43:30.772000074,NVIDIA,6.16,G506.0210.00.03,2.0,1652523001873,92.00.45.00.05,535.104.05,12.535.104.05,fmaas-devstage-backen-9cjgj-worker-a100-il-rdma-3-jx6tm,GPU-005a31d4-76ae-2dd3-af84-3b7039e24835,DCGM_FI_DEV_ROW_REMAP_FAILURE,nvidia-dcgm-exporter,nvidia6,gpu-metrics,,,,6,192.241.129.18:9400,nvidia-dcgm-exporter,NVIDIA A100-SXM4-80GB,nvidia-gpu-operator,nvidia-dcgm-exporter-xq25l,openshift-monitoring/k8s,nvidia-dcgm-exporter,0.0
2024-05-21 16:44:00.772000074,NVIDIA,6.16,G506.0210.00.03,2.0,1652523001873,92.00.45.00.05,535.104.05,12.535.104.05,fmaas-devstage-backen-9cjgj-worker-a100-il-rdma-3-jx6tm,GPU-005a31d4-76ae-2dd3-af84-3b7039e24835,DCGM_FI_DEV_ROW_REMAP_FAILURE,nvidia-dcgm-exporter,nvidia6,gpu-metrics,,,,6,192.241.129.18:9400,nvidia-dcgm-exporter,NVIDIA A100-SXM4-80GB,nvidia-gpu-operator,nvidia-dcgm-exporter-xq25l,openshift-monitoring/k8s,nvidia-dcgm-exporter,0.0
2024-05-21 16:44:30.772000074,NVIDIA,6.16,G506.0210.00.03,2.0,1652523001873,92.00.45.00.05,535.104.05,12.535.104.05,fmaas-devstage-backen-9cjgj-worker-a100-il-rdma-3-jx6tm,GPU-005a31d4-76ae-2dd3-af84-3b7039e24835,DCGM_FI_DEV_ROW_REMAP_FAILURE,nvidia-dcgm-exporter,nvidia6,gpu-metrics,,,,6,192.241.129.18:9400,nvidia-dcgm-exporter,NVIDIA A100-SXM4-80GB,nvidia-gpu-operator,nvidia-dcgm-exporter-xq25l,openshift-monitoring/k8s,nvidia-dcgm-exporter,0.0
2024-05-21 16:45:00.772000074,NVIDIA,6.16,G506.0210.00.03,2.0,1652523001873,92.00.45.00.05,535.104.05,12.535.104.05,fmaas-devstage-backen-9cjgj-worker-a100-il-rdma-3-jx6tm,GPU-005a31d4-76ae-2dd3-af84-3b7039e24835,DCGM_FI_DEV_ROW_REMAP_FAILURE,nvidia-dcgm-exporter,nvidia6,gpu-metrics,,,,6,192.241.129.18:9400,nvidia-dcgm-exporter,NVIDIA A100-SXM4-80GB,nvidia-gpu-operator,nvidia-dcgm-exporter-xq25l,openshift-monitoring/k8s,nvidia-dcgm-exporter,0.0
2024-05-21 16:45:30.772000074,NVIDIA,6.16,G506.0210.00.03,2.0,1652523001873,92.00.45.00.05,535.104.05,12.535.104.05,fmaas-devstage-backen-9cjgj-worker-a100-il-rdma-3-jx6tm,GPU-005a31d4-76ae-2dd3-af84-3b7039e24835,DCGM_FI_DEV_ROW_REMAP_FAILURE,nvidia-dcgm-exporter,nvidia6,gpu-metrics,,,,6,192.241.129.18:9400,nvidia-dcgm-exporter,NVIDIA A100-SXM4-80GB,nvidia-gpu-operator,nvidia-dcgm-exporter-xq25l,openshift-monitoring/k8s,nvidia-dcgm-exporter,0.0
2024-05-21 16:35:43.667999983,NVIDIA,6.16,G506.0210.00.03,2.0,1652523002864,92.00.45.00.05,535.104.05,12.535.104.05,fmaas-devstage-backen-9cjgj-worker-a100-il-rdma-3-jx6tm,GPU-bd65bd70-5a12-7002-a705-315758f75144,DCGM_FI_DEV_ROW_REMAP_FAILURE,nvidia-dcgm-exporter,nvidia7,gpu-metrics,caikit-runtime,fmaas-tuning,devstage-cais-bcbf7c8fb-pxhmp,7,192.241.129.18:9400,nvidia-dcgm-exporter,NVIDIA A100-SXM4-80GB,nvidia-gpu-operator,nvidia-dcgm-exporter-xq25l,openshift-monitoring/k8s,nvidia-dcgm-exporter,0.0
2024-05-21 16:36:00.772000074,NVIDIA,6.16,G506.0210.00.03,2.0,1652523002864,92.00.45.00.05,535.104.05,12.535.104.05,fmaas-devstage-backen-9cjgj-worker-a100-il-rdma-3-jx6tm,GPU-bd65bd70-5a12-7002-a705-315758f75144,DCGM_FI_DEV_ROW_REMAP_FAILURE,nvidia-dcgm-exporter,nvidia7,gpu-metrics,caikit-runtime,fmaas-tuning,devstage-cais-bcbf7c8fb-pxhmp,7,192.241.129.18:9400,nvidia-dcgm-exporter,NVIDIA A100-SXM4-80GB,nvidia-gpu-operator,nvidia-dcgm-exporter-xq25l,openshift-monitoring/k8s,nvidia-dcgm-exporter,0.0
2024-05-21 16:36:30.772000074,NVIDIA,6.16,G506.0210.00.03,2.0,1652523002864,92.00.45.00.05,535.104.05,12.535.104.05,fmaas-devstage-backen-9cjgj-worker-a100-il-rdma-3-jx6tm,GPU-bd65bd70-5a12-7002-a705-315758f75144,DCGM_FI_DEV_ROW_REMAP_FAILURE,nvidia-dcgm-exporter,nvidia7,gpu-metrics,caikit-runtime,fmaas-tuning,devstage-cais-bcbf7c8fb-pxhmp,7,192.241.129.18:9400,nvidia-dcgm-exporter,NVIDIA A100-SXM4-80GB,nvidia-gpu-operator,nvidia-dcgm-exporter-xq25l,openshift-monitoring/k8s,nvidia-dcgm-exporter,0.0
2024-05-21 16:37:00.772000074,NVIDIA,6.16,G506.0210.00.03,2.0,1652523002864,92.00.45.00.05,535.104.05,12.535.104.05,fmaas-devstage-backen-9cjgj-worker-a100-il-rdma-3-jx6tm,GPU-bd65bd70-5a12-7002-a705-315758f75144,DCGM_FI_DEV_ROW_REMAP_FAILURE,nvidia-dcgm-exporter,nvidia7,gpu-metrics,caikit-runtime,fmaas-tuning,devstage-cais-bcbf7c8fb-pxhmp,7,192.241.129.18:9400,nvidia-dcgm-exporter,NVIDIA A100-SXM4-80GB,nvidia-gpu-operator,nvidia-dcgm-exporter-xq25l,openshift-monitoring/k8s,nvidia-dcgm-exporter,0.0
2024-05-21 16:37:30.772000074,NVIDIA,6.16,G506.0210.00.03,2.0,1652523002864,92.00.45.00.05,535.104.05,12.535.104.05,fmaas-devstage-backen-9cjgj-worker-a100-il-rdma-3-jx6tm,GPU-bd65bd70-5a12-7002-a705-315758f75144,DCGM_FI_DEV_ROW_REMAP_FAILURE,nvidia-dcgm-exporter,nvidia7,gpu-metrics,caikit-runtime,fmaas-tuning,devstage-cais-bcbf7c8fb-pxhmp,7,192.241.129.18:9400,nvidia-dcgm-exporter,NVIDIA A100-SXM4-80GB,nvidia-gpu-operator,nvidia-dcgm-exporter-xq25l,openshift-monitoring/k8s,nvidia-dcgm-exporter,0.0
2024-05-21 16:38:00.772000074,NVIDIA,6.16,G506.0210.00.03,2.0,1652523002864,92.00.45.00.05,535.104.05,12.535.104.05,fmaas-devstage-backen-9cjgj-worker-a100-il-rdma-3-jx6tm,GPU-bd65bd70-5a12-7002-a705-315758f75144,DCGM_FI_DEV_ROW_REMAP_FAILURE,nvidia-dcgm-exporter,nvidia7,gpu-metrics,caikit-runtime,fmaas-tuning,devstage-cais-bcbf7c8fb-pxhmp,7,192.241.129.18:9400,nvidia-dcgm-exporter,NVIDIA A100-SXM4-80GB,nvidia-gpu-operator,nvidia-dcgm-exporter-xq25l,openshift-monitoring/k8s,nvidia-dcgm-exporter,0.0
2024-05-21 16:38:30.772000074,NVIDIA,6.16,G506.0210.00.03,2.0,1652523002864,92.00.45.00.05,535.104.05,12.535.104.05,fmaas-devstage-backen-9cjgj-worker-a100-il-rdma-3-jx6tm,GPU-bd65bd70-5a12-7002-a705-315758f75144,DCGM_FI_DEV_ROW_REMAP_FAILURE,nvidia-dcgm-exporter,nvidia7,gpu-metrics,caikit-runtime,fmaas-tuning,devstage-cais-bcbf7c8fb-pxhmp,7,192.241.129.18:9400,nvidia-dcgm-exporter,NVIDIA A100-SXM4-80GB,nvidia-gpu-operator,nvidia-dcgm-exporter-xq25l,openshift-monitoring/k8s,nvidia-dcgm-exporter,0.0
2024-05-21 16:39:00.772000074,NVIDIA,6.16,G506.0210.00.03,2.0,1652523002864,92.00.45.00.05,535.104.05,12.535.104.05,fmaas-devstage-backen-9cjgj-worker-a100-il-rdma-3-jx6tm,GPU-bd65bd70-5a12-7002-a705-315758f75144,DCGM_FI_DEV_ROW_REMAP_FAILURE,nvidia-dcgm-exporter,nvidia7,gpu-metrics,caikit-runtime,fmaas-tuning,devstage-cais-bcbf7c8fb-pxhmp,7,192.241.129.18:9400,nvidia-dcgm-exporter,NVIDIA A100-SXM4-80GB,nvidia-gpu-operator,nvidia-dcgm-exporter-xq25l,openshift-monitoring/k8s,nvidia-dcgm-exporter,0.0
2024-05-21 16:39:30.772000074,NVIDIA,6.16,G506.0210.00.03,2.0,1652523002864,92.00.45.00.05,535.104.05,12.535.104.05,fmaas-devstage-backen-9cjgj-worker-a100-il-rdma-3-jx6tm,GPU-bd65bd70-5a12-7002-a705-315758f75144,DCGM_FI_DEV_ROW_REMAP_FAILURE,nvidia-dcgm-exporter,nvidia7,gpu-metrics,caikit-runtime,fmaas-tuning,devstage-cais-bcbf7c8fb-pxhmp,7,192.241.129.18:9400,nvidia-dcgm-exporter,NVIDIA A100-SXM4-80GB,nvidia-gpu-operator,nvidia-dcgm-exporter-xq25l,openshift-monitoring/k8s,nvidia-dcgm-exporter,0.0
2024-05-21 16:40:00.772000074,NVIDIA,6.16,G506.0210.00.03,2.0,1652523002864,92.00.45.00.05,535.104.05,12.535.104.05,fmaas-devstage-backen-9cjgj-worker-a100-il-rdma-3-jx6tm,GPU-bd65bd70-5a12-7002-a705-315758f75144,DCGM_FI_DEV_ROW_REMAP_FAILURE,nvidia-dcgm-exporter,nvidia7,gpu-metrics,caikit-runtime,fmaas-tuning,devstage-cais-bcbf7c8fb-pxhmp,7,192.241.129.18:9400,nvidia-dcgm-exporter,NVIDIA A100-SXM4-80GB,nvidia-gpu-operator,nvidia-dcgm-exporter-xq25l,openshift-monitoring/k8s,nvidia-dcgm-exporter,0.0
2024-05-21 16:40:30.772000074,NVIDIA,6.16,G506.0210.00.03,2.0,1652523002864,92.00.45.00.05,535.104.05,12.535.104.05,fmaas-devstage-backen-9cjgj-worker-a100-il-rdma-3-jx6tm,GPU-bd65bd70-5a12-7002-a705-315758f75144,DCGM_FI_DEV_ROW_REMAP_FAILURE,nvidia-dcgm-exporter,nvidia7,gpu-metrics,caikit-runtime,fmaas-tuning,devstage-cais-bcbf7c8fb-pxhmp,7,192.241.129.18:9400,nvidia-dcgm-exporter,NVIDIA A100-SXM4-80GB,nvidia-gpu-operator,nvidia-dcgm-exporter-xq25l,openshift-monitoring/k8s,nvidia-dcgm-exporter,0.0
2024-05-21 16:41:00.772000074,NVIDIA,6.16,G506.0210.00.03,2.0,1652523002864,92.00.45.00.05,535.104.05,12.535.104.05,fmaas-devstage-backen-9cjgj-worker-a100-il-rdma-3-jx6tm,GPU-bd65bd70-5a12-7002-a705-315758f75144,DCGM_FI_DEV_ROW_REMAP_FAILURE,nvidia-dcgm-exporter,nvidia7,gpu-metrics,caikit-runtime,fmaas-tuning,devstage-cais-bcbf7c8fb-pxhmp,7,192.241.129.18:9400,nvidia-dcgm-exporter,NVIDIA A100-SXM4-80GB,nvidia-gpu-operator,nvidia-dcgm-exporter-xq25l,openshift-monitoring/k8s,nvidia-dcgm-exporter,0.0
2024-05-21 16:41:30.772000074,NVIDIA,6.16,G506.0210.00.03,2.0,1652523002864,92.00.45.00.05,535.104.05,12.535.104.05,fmaas-devstage-backen-9cjgj-worker-a100-il-rdma-3-jx6tm,GPU-bd65bd70-5a12-7002-a705-315758f75144,DCGM_FI_DEV_ROW_REMAP_FAILURE,nvidia-dcgm-exporter,nvidia7,gpu-metrics,caikit-runtime,fmaas-tuning,devstage-cais-bcbf7c8fb-pxhmp,7,192.241.129.18:9400,nvidia-dcgm-exporter,NVIDIA A100-SXM4-80GB,nvidia-gpu-operator,nvidia-dcgm-exporter-xq25l,openshift-monitoring/k8s,nvidia-dcgm-exporter,0.0
2024-05-21 16:42:00.772000074,NVIDIA,6.16,G506.0210.00.03,2.0,1652523002864,92.00.45.00.05,535.104.05,12.535.104.05,fmaas-devstage-backen-9cjgj-worker-a100-il-rdma-3-jx6tm,GPU-bd65bd70-5a12-7002-a705-315758f75144,DCGM_FI_DEV_ROW_REMAP_FAILURE,nvidia-dcgm-exporter,nvidia7,gpu-metrics,caikit-runtime,fmaas-tuning,devstage-cais-bcbf7c8fb-pxhmp,7,192.241.129.18:9400,nvidia-dcgm-exporter,NVIDIA A100-SXM4-80GB,nvidia-gpu-operator,nvidia-dcgm-exporter-xq25l,openshift-monitoring/k8s,nvidia-dcgm-exporter,0.0
2024-05-21 16:42:30.772000074,NVIDIA,6.16,G506.0210.00.03,2.0,1652523002864,92.00.45.00.05,535.104.05,12.535.104.05,fmaas-devstage-backen-9cjgj-worker-a100-il-rdma-3-jx6tm,GPU-bd65bd70-5a12-7002-a705-315758f75144,DCGM_FI_DEV_ROW_REMAP_FAILURE,nvidia-dcgm-exporter,nvidia7,gpu-metrics,caikit-runtime,fmaas-tuning,devstage-cais-bcbf7c8fb-pxhmp,7,192.241.129.18:9400,nvidia-dcgm-exporter,NVIDIA A100-SXM4-80GB,nvidia-gpu-operator,nvidia-dcgm-exporter-xq25l,openshift-monitoring/k8s,nvidia-dcgm-exporter,0.0
2024-05-21 16:43:00.772000074,NVIDIA,6.16,G506.0210.00.03,2.0,1652523002864,92.00.45.00.05,535.104.05,12.535.104.05,fmaas-devstage-backen-9cjgj-worker-a100-il-rdma-3-jx6tm,GPU-bd65bd70-5a12-7002-a705-315758f75144,DCGM_FI_DEV_ROW_REMAP_FAILURE,nvidia-dcgm-exporter,nvidia7,gpu-metrics,caikit-runtime,fmaas-tuning,devstage-cais-bcbf7c8fb-pxhmp,7,192.241.129.18:9400,nvidia-dcgm-exporter,NVIDIA A100-SXM4-80GB,nvidia-gpu-operator,nvidia-dcgm-exporter-xq25l,openshift-monitoring/k8s,nvidia-dcgm-exporter,0.0
2024-05-21 16:43:30.772000074,NVIDIA,6.16,G506.0210.00.03,2.0,1652523002864,92.00.45.00.05,535.104.05,12.535.104.05,fmaas-devstage-backen-9cjgj-worker-a100-il-rdma-3-jx6tm,GPU-bd65bd70-5a12-7002-a705-315758f75144,DCGM_FI_DEV_ROW_REMAP_FAILURE,nvidia-dcgm-exporter,nvidia7,gpu-metrics,caikit-runtime,fmaas-tuning,devstage-cais-bcbf7c8fb-pxhmp,7,192.241.129.18:9400,nvidia-dcgm-exporter,NVIDIA A100-SXM4-80GB,nvidia-gpu-operator,nvidia-dcgm-exporter-xq25l,openshift-monitoring/k8s,nvidia-dcgm-exporter,0.0
2024-05-21 16:44:00.772000074,NVIDIA,6.16,G506.0210.00.03,2.0,1652523002864,92.00.45.00.05,535.104.05,12.535.104.05,fmaas-devstage-backen-9cjgj-worker-a100-il-rdma-3-jx6tm,GPU-bd65bd70-5a12-7002-a705-315758f75144,DCGM_FI_DEV_ROW_REMAP_FAILURE,nvidia-dcgm-exporter,nvidia7,gpu-metrics,caikit-runtime,fmaas-tuning,devstage-cais-bcbf7c8fb-pxhmp,7,192.241.129.18:9400,nvidia-dcgm-exporter,NVIDIA A100-SXM4-80GB,nvidia-gpu-operator,nvidia-dcgm-exporter-xq25l,openshift-monitoring/k8s,nvidia-dcgm-exporter,0.0
2024-05-21 16:44:30.772000074,NVIDIA,6.16,G506.0210.00.03,2.0,1652523002864,92.00.45.00.05,535.104.05,12.535.104.05,fmaas-devstage-backen-9cjgj-worker-a100-il-rdma-3-jx6tm,GPU-bd65bd70-5a12-7002-a705-315758f75144,DCGM_FI_DEV_ROW_REMAP_FAILURE,nvidia-dcgm-exporter,nvidia7,gpu-metrics,caikit-runtime,fmaas-tuning,devstage-cais-bcbf7c8fb-pxhmp,7,192.241.129.18:9400,nvidia-dcgm-exporter,NVIDIA A100-SXM4-80GB,nvidia-gpu-operator,nvidia-dcgm-exporter-xq25l,openshift-monitoring/k8s,nvidia-dcgm-exporter,0.0
2024-05-21 16:45:00.772000074,NVIDIA,6.16,G506.0210.00.03,2.0,1652523002864,92.00.45.00.05,535.104.05,12.535.104.05,fmaas-devstage-backen-9cjgj-worker-a100-il-rdma-3-jx6tm,GPU-bd65bd70-5a12-7002-a705-315758f75144,DCGM_FI_DEV_ROW_REMAP_FAILURE,nvidia-dcgm-exporter,nvidia7,gpu-metrics,caikit-runtime,fmaas-tuning,devstage-cais-bcbf7c8fb-pxhmp,7,192.241.129.18:9400,nvidia-dcgm-exporter,NVIDIA A100-SXM4-80GB,nvidia-gpu-operator,nvidia-dcgm-exporter-xq25l,openshift-monitoring/k8s,nvidia-dcgm-exporter,0.0
2024-05-21 16:45:30.772000074,NVIDIA,6.16,G506.0210.00.03,2.0,1652523002864,92.00.45.00.05,535.104.05,12.535.104.05,fmaas-devstage-backen-9cjgj-worker-a100-il-rdma-3-jx6tm,GPU-bd65bd70-5a12-7002-a705-315758f75144,DCGM_FI_DEV_ROW_REMAP_FAILURE,nvidia-dcgm-exporter,nvidia7,gpu-metrics,caikit-runtime,fmaas-tuning,devstage-cais-bcbf7c8fb-pxhmp,7,192.241.129.18:9400,nvidia-dcgm-exporter,NVIDIA A100-SXM4-80GB,nvidia-gpu-operator,nvidia-dcgm-exporter-xq25l,openshift-monitoring/k8s,nvidia-dcgm-exporter,0.0
2024-05-21 16:35:43.667999983,NVIDIA,6.16,G506.0210.00.03,2.0,1652523003950,92.00.45.00.05,535.104.05,12.535.104.05,fmaas-devstage-backen-9cjgj-worker-a100-il-rdma-3-jx6tm,GPU-ed198df6-90a8-c0bf-17bb-f1171d39c5dd,DCGM_FI_DEV_ROW_REMAP_FAILURE,nvidia-dcgm-exporter,nvidia1,gpu-metrics,,,,1,192.241.129.18:9400,nvidia-dcgm-exporter,NVIDIA A100-SXM4-80GB,nvidia-gpu-operator,nvidia-dcgm-exporter-xq25l,openshift-monitoring/k8s,nvidia-dcgm-exporter,0.0
2024-05-21 16:36:00.772000074,NVIDIA,6.16,G506.0210.00.03,2.0,1652523003950,92.00.45.00.05,535.104.05,12.535.104.05,fmaas-devstage-backen-9cjgj-worker-a100-il-rdma-3-jx6tm,GPU-ed198df6-90a8-c0bf-17bb-f1171d39c5dd,DCGM_FI_DEV_ROW_REMAP_FAILURE,nvidia-dcgm-exporter,nvidia1,gpu-metrics,,,,1,192.241.129.18:9400,nvidia-dcgm-exporter,NVIDIA A100-SXM4-80GB,nvidia-gpu-operator,nvidia-dcgm-exporter-xq25l,openshift-monitoring/k8s,nvidia-dcgm-exporter,0.0
2024-05-21 16:36:30.772000074,NVIDIA,6.16,G506.0210.00.03,2.0,1652523003950,92.00.45.00.05,535.104.05,12.535.104.05,fmaas-devstage-backen-9cjgj-worker-a100-il-rdma-3-jx6tm,GPU-ed198df6-90a8-c0bf-17bb-f1171d39c5dd,DCGM_FI_DEV_ROW_REMAP_FAILURE,nvidia-dcgm-exporter,nvidia1,gpu-metrics,,,,1,192.241.129.18:9400,nvidia-dcgm-exporter,NVIDIA A100-SXM4-80GB,nvidia-gpu-operator,nvidia-dcgm-exporter-xq25l,openshift-monitoring/k8s,nvidia-dcgm-exporter,0.0
2024-05-21 16:37:00.772000074,NVIDIA,6.16,G506.0210.00.03,2.0,1652523003950,92.00.45.00.05,535.104.05,12.535.104.05,fmaas-devstage-backen-9cjgj-worker-a100-il-rdma-3-jx6tm,GPU-ed198df6-90a8-c0bf-17bb-f1171d39c5dd,DCGM_FI_DEV_ROW_REMAP_FAILURE,nvidia-dcgm-exporter,nvidia1,gpu-metrics,,,,1,192.241.129.18:9400,nvidia-dcgm-exporter,NVIDIA A100-SXM4-80GB,nvidia-gpu-operator,nvidia-dcgm-exporter-xq25l,openshift-monitoring/k8s,nvidia-dcgm-exporter,0.0
2024-05-21 16:37:30.772000074,NVIDIA,6.16,G506.0210.00.03,2.0,1652523003950,92.00.45.00.05,535.104.05,12.535.104.05,fmaas-devstage-backen-9cjgj-worker-a100-il-rdma-3-jx6tm,GPU-ed198df6-90a8-c0bf-17bb-f1171d39c5dd,DCGM_FI_DEV_ROW_REMAP_FAILURE,nvidia-dcgm-exporter,nvidia1,gpu-metrics,,,,1,192.241.129.18:9400,nvidia-dcgm-exporter,NVIDIA A100-SXM4-80GB,nvidia-gpu-operator,nvidia-dcgm-exporter-xq25l,openshift-monitoring/k8s,nvidia-dcgm-exporter,0.0
2024-05-21 16:38:00.772000074,NVIDIA,6.16,G506.0210.00.03,2.0,1652523003950,92.00.45.00.05,535.104.05,12.535.104.05,fmaas-devstage-backen-9cjgj-worker-a100-il-rdma-3-jx6tm,GPU-ed198df6-90a8-c0bf-17bb-f1171d39c5dd,DCGM_FI_DEV_ROW_REMAP_FAILURE,nvidia-dcgm-exporter,nvidia1,gpu-metrics,,,,1,192.241.129.18:9400,nvidia-dcgm-exporter,NVIDIA A100-SXM4-80GB,nvidia-gpu-operator,nvidia-dcgm-exporter-xq25l,openshift-monitoring/k8s,nvidia-dcgm-exporter,0.0
2024-05-21 16:38:30.772000074,NVIDIA,6.16,G506.0210.00.03,2.0,1652523003950,92.00.45.00.05,535.104.05,12.535.104.05,fmaas-devstage-backen-9cjgj-worker-a100-il-rdma-3-jx6tm,GPU-ed198df6-90a8-c0bf-17bb-f1171d39c5dd,DCGM_FI_DEV_ROW_REMAP_FAILURE,nvidia-dcgm-exporter,nvidia1,gpu-metrics,,,,1,192.241.129.18:9400,nvidia-dcgm-exporter,NVIDIA A100-SXM4-80GB,nvidia-gpu-operator,nvidia-dcgm-exporter-xq25l,openshift-monitoring/k8s,nvidia-dcgm-exporter,0.0
2024-05-21 16:39:00.772000074,NVIDIA,6.16,G506.0210.00.03,2.0,1652523003950,92.00.45.00.05,535.104.05,12.535.104.05,fmaas-devstage-backen-9cjgj-worker-a100-il-rdma-3-jx6tm,GPU-ed198df6-90a8-c0bf-17bb-f1171d39c5dd,DCGM_FI_DEV_ROW_REMAP_FAILURE,nvidia-dcgm-exporter,nvidia1,gpu-metrics,,,,1,192.241.129.18:9400,nvidia-dcgm-exporter,NVIDIA A100-SXM4-80GB,nvidia-gpu-operator,nvidia-dcgm-exporter-xq25l,openshift-monitoring/k8s,nvidia-dcgm-exporter,0.0
2024-05-21 16:39:30.772000074,NVIDIA,6.16,G506.0210.00.03,2.0,1652523003950,92.00.45.00.05,535.104.05,12.535.104.05,fmaas-devstage-backen-9cjgj-worker-a100-il-rdma-3-jx6tm,GPU-ed198df6-90a8-c0bf-17bb-f1171d39c5dd,DCGM_FI_DEV_ROW_REMAP_FAILURE,nvidia-dcgm-exporter,nvidia1,gpu-metrics,,,,1,192.241.129.18:9400,nvidia-dcgm-exporter,NVIDIA A100-SXM4-80GB,nvidia-gpu-operator,nvidia-dcgm-exporter-xq25l,openshift-monitoring/k8s,nvidia-dcgm-exporter,0.0
2024-05-21 16:40:00.772000074,NVIDIA,6.16,G506.0210.00.03,2.0,1652523003950,92.00.45.00.05,535.104.05,12.535.104.05,fmaas-devstage-backen-9cjgj-worker-a100-il-rdma-3-jx6tm,GPU-ed198df6-90a8-c0bf-17bb-f1171d39c5dd,DCGM_FI_DEV_ROW_REMAP_FAILURE,nvidia-dcgm-exporter,nvidia1,gpu-metrics,,,,1,192.241.129.18:9400,nvidia-dcgm-exporter,NVIDIA A100-SXM4-80GB,nvidia-gpu-operator,nvidia-dcgm-exporter-xq25l,openshift-monitoring/k8s,nvidia-dcgm-exporter,0.0
2024-05-21 16:40:30.772000074,NVIDIA,6.16,G506.0210.00.03,2.0,1652523003950,92.00.45.00.05,535.104.05,12.535.104.05,fmaas-devstage-backen-9cjgj-worker-a100-il-rdma-3-jx6tm,GPU-ed198df6-90a8-c0bf-17bb-f1171d39c5dd,DCGM_FI_DEV_ROW_REMAP_FAILURE,nvidia-dcgm-exporter,nvidia1,gpu-metrics,,,,1,192.241.129.18:9400,nvidia-dcgm-exporter,NVIDIA A100-SXM4-80GB,nvidia-gpu-operator,nvidia-dcgm-exporter-xq25l,openshift-monitoring/k8s,nvidia-dcgm-exporter,0.0
2024-05-21 16:41:00.772000074,NVIDIA,6.16,G506.0210.00.03,2.0,1652523003950,92.00.45.00.05,535.104.05,12.535.104.05,fmaas-devstage-backen-9cjgj-worker-a100-il-rdma-3-jx6tm,GPU-ed198df6-90a8-c0bf-17bb-f1171d39c5dd,DCGM_FI_DEV_ROW_REMAP_FAILURE,nvidia-dcgm-exporter,nvidia1,gpu-metrics,,,,1,192.241.129.18:9400,nvidia-dcgm-exporter,NVIDIA A100-SXM4-80GB,nvidia-gpu-operator,nvidia-dcgm-exporter-xq25l,openshift-monitoring/k8s,nvidia-dcgm-exporter,0.0
2024-05-21 16:41:30.772000074,NVIDIA,6.16,G506.0210.00.03,2.0,1652523003950,92.00.45.00.05,535.104.05,12.535.104.05,fmaas-devstage-backen-9cjgj-worker-a100-il-rdma-3-jx6tm,GPU-ed198df6-90a8-c0bf-17bb-f1171d39c5dd,DCGM_FI_DEV_ROW_REMAP_FAILURE,nvidia-dcgm-exporter,nvidia1,gpu-metrics,,,,1,192.241.129.18:9400,nvidia-dcgm-exporter,NVIDIA A100-SXM4-80GB,nvidia-gpu-operator,nvidia-dcgm-exporter-xq25l,openshift-monitoring/k8s,nvidia-dcgm-exporter,0.0
2024-05-21 16:42:00.772000074,NVIDIA,6.16,G506.0210.00.03,2.0,1652523003950,92.00.45.00.05,535.104.05,12.535.104.05,fmaas-devstage-backen-9cjgj-worker-a100-il-rdma-3-jx6tm,GPU-ed198df6-90a8-c0bf-17bb-f1171d39c5dd,DCGM_FI_DEV_ROW_REMAP_FAILURE,nvidia-dcgm-exporter,nvidia1,gpu-metrics,,,,1,192.241.129.18:9400,nvidia-dcgm-exporter,NVIDIA A100-SXM4-80GB,nvidia-gpu-operator,nvidia-dcgm-exporter-xq25l,openshift-monitoring/k8s,nvidia-dcgm-exporter,0.0
2024-05-21 16:42:30.772000074,NVIDIA,6.16,G506.0210.00.03,2.0,1652523003950,92.00.45.00.05,535.104.05,12.535.104.05,fmaas-devstage-backen-9cjgj-worker-a100-il-rdma-3-jx6tm,GPU-ed198df6-90a8-c0bf-17bb-f1171d39c5dd,DCGM_FI_DEV_ROW_REMAP_FAILURE,nvidia-dcgm-exporter,nvidia1,gpu-metrics,,,,1,192.241.129.18:9400,nvidia-dcgm-exporter,NVIDIA A100-SXM4-80GB,nvidia-gpu-operator,nvidia-dcgm-exporter-xq25l,openshift-monitoring/k8s,nvidia-dcgm-exporter,0.0
2024-05-21 16:43:00.772000074,NVIDIA,6.16,G506.0210.00.03,2.0,1652523003950,92.00.45.00.05,535.104.05,12.535.104.05,fmaas-devstage-backen-9cjgj-worker-a100-il-rdma-3-jx6tm,GPU-ed198df6-90a8-c0bf-17bb-f1171d39c5dd,DCGM_FI_DEV_ROW_REMAP_FAILURE,nvidia-dcgm-exporter,nvidia1,gpu-metrics,,,,1,192.241.129.18:9400,nvidia-dcgm-exporter,NVIDIA A100-SXM4-80GB,nvidia-gpu-operator,nvidia-dcgm-exporter-xq25l,openshift-monitoring/k8s,nvidia-dcgm-exporter,0.0
2024-05-21 16:43:30.772000074,NVIDIA,6.16,G506.0210.00.03,2.0,1652523003950,92.00.45.00.05,535.104.05,12.535.104.05,fmaas-devstage-backen-9cjgj-worker-a100-il-rdma-3-jx6tm,GPU-ed198df6-90a8-c0bf-17bb-f1171d39c5dd,DCGM_FI_DEV_ROW_REMAP_FAILURE,nvidia-dcgm-exporter,nvidia1,gpu-metrics,,,,1,192.241.129.18:9400,nvidia-dcgm-exporter,NVIDIA A100-SXM4-80GB,nvidia-gpu-operator,nvidia-dcgm-exporter-xq25l,openshift-monitoring/k8s,nvidia-dcgm-exporter,0.0
2024-05-21 16:44:00.772000074,NVIDIA,6.16,G506.0210.00.03,2.0,1652523003950,92.00.45.00.05,535.104.05,12.535.104.05,fmaas-devstage-backen-9cjgj-worker-a100-il-rdma-3-jx6tm,GPU-ed198df6-90a8-c0bf-17bb-f1171d39c5dd,DCGM_FI_DEV_ROW_REMAP_FAILURE,nvidia-dcgm-exporter,nvidia1,gpu-metrics,,,,1,192.241.129.18:9400,nvidia-dcgm-exporter,NVIDIA A100-SXM4-80GB,nvidia-gpu-operator,nvidia-dcgm-exporter-xq25l,openshift-monitoring/k8s,nvidia-dcgm-exporter,0.0
2024-05-21 16:44:30.772000074,NVIDIA,6.16,G506.0210.00.03,2.0,1652523003950,92.00.45.00.05,535.104.05,12.535.104.05,fmaas-devstage-backen-9cjgj-worker-a100-il-rdma-3-jx6tm,GPU-ed198df6-90a8-c0bf-17bb-f1171d39c5dd,DCGM_FI_DEV_ROW_REMAP_FAILURE,nvidia-dcgm-exporter,nvidia1,gpu-metrics,,,,1,192.241.129.18:9400,nvidia-dcgm-exporter,NVIDIA A100-SXM4-80GB,nvidia-gpu-operator,nvidia-dcgm-exporter-xq25l,openshift-monitoring/k8s,nvidia-dcgm-exporter,0.0
2024-05-21 16:45:00.772000074,NVIDIA,6.16,G506.0210.00.03,2.0,1652523003950,92.00.45.00.05,535.104.05,12.535.104.05,fmaas-devstage-backen-9cjgj-worker-a100-il-rdma-3-jx6tm,GPU-ed198df6-90a8-c0bf-17bb-f1171d39c5dd,DCGM_FI_DEV_ROW_REMAP_FAILURE,nvidia-dcgm-exporter,nvidia1,gpu-metrics,,,,1,192.241.129.18:9400,nvidia-dcgm-exporter,NVIDIA A100-SXM4-80GB,nvidia-gpu-operator,nvidia-dcgm-exporter-xq25l,openshift-monitoring/k8s,nvidia-dcgm-exporter,0.0
2024-05-21 16:45:30.772000074,NVIDIA,6.16,G506.0210.00.03,2.0,1652523003950,92.00.45.00.05,535.104.05,12.535.104.05,fmaas-devstage-backen-9cjgj-worker-a100-il-rdma-3-jx6tm,GPU-ed198df6-90a8-c0bf-17bb-f1171d39c5dd,DCGM_FI_DEV_ROW_REMAP_FAILURE,nvidia-dcgm-exporter,nvidia1,gpu-metrics,,,,1,192.241.129.18:9400,nvidia-dcgm-exporter,NVIDIA A100-SXM4-80GB,nvidia-gpu-operator,nvidia-dcgm-exporter-xq25l,openshift-monitoring/k8s,nvidia-dcgm-exporter,0.0
2024-05-21 16:35:43.667999983,NVIDIA,6.16,G506.0210.00.03,2.0,1652523003996,92.00.45.00.05,535.104.05,12.535.104.05,fmaas-devstage-backen-9cjgj-worker-a100-il-rdma-3-jx6tm,GPU-f94e20f3-b883-1dc9-1c93-9769594edc6a,DCGM_FI_DEV_ROW_REMAP_FAILURE,nvidia-dcgm-exporter,nvidia2,gpu-metrics,base,fmaas-monitoring,llama3,2,192.241.129.18:9400,nvidia-dcgm-exporter,NVIDIA A100-SXM4-80GB,nvidia-gpu-operator,nvidia-dcgm-exporter-xq25l,openshift-monitoring/k8s,nvidia-dcgm-exporter,0.0
2024-05-21 16:36:00.772000074,NVIDIA,6.16,G506.0210.00.03,2.0,1652523003996,92.00.45.00.05,535.104.05,12.535.104.05,fmaas-devstage-backen-9cjgj-worker-a100-il-rdma-3-jx6tm,GPU-f94e20f3-b883-1dc9-1c93-9769594edc6a,DCGM_FI_DEV_ROW_REMAP_FAILURE,nvidia-dcgm-exporter,nvidia2,gpu-metrics,base,fmaas-monitoring,llama3,2,192.241.129.18:9400,nvidia-dcgm-exporter,NVIDIA A100-SXM4-80GB,nvidia-gpu-operator,nvidia-dcgm-exporter-xq25l,openshift-monitoring/k8s,nvidia-dcgm-exporter,0.0
2024-05-21 16:36:30.772000074,NVIDIA,6.16,G506.0210.00.03,2.0,1652523003996,92.00.45.00.05,535.104.05,12.535.104.05,fmaas-devstage-backen-9cjgj-worker-a100-il-rdma-3-jx6tm,GPU-f94e20f3-b883-1dc9-1c93-9769594edc6a,DCGM_FI_DEV_ROW_REMAP_FAILURE,nvidia-dcgm-exporter,nvidia2,gpu-metrics,base,fmaas-monitoring,llama3,2,192.241.129.18:9400,nvidia-dcgm-exporter,NVIDIA A100-SXM4-80GB,nvidia-gpu-operator,nvidia-dcgm-exporter-xq25l,openshift-monitoring/k8s,nvidia-dcgm-exporter,0.0
2024-05-21 16:37:00.772000074,NVIDIA,6.16,G506.0210.00.03,2.0,1652523003996,92.00.45.00.05,535.104.05,12.535.104.05,fmaas-devstage-backen-9cjgj-worker-a100-il-rdma-3-jx6tm,GPU-f94e20f3-b883-1dc9-1c93-9769594edc6a,DCGM_FI_DEV_ROW_REMAP_FAILURE,nvidia-dcgm-exporter,nvidia2,gpu-metrics,base,fmaas-monitoring,llama3,2,192.241.129.18:9400,nvidia-dcgm-exporter,NVIDIA A100-SXM4-80GB,nvidia-gpu-operator,nvidia-dcgm-exporter-xq25l,openshift-monitoring/k8s,nvidia-dcgm-exporter,0.0
2024-05-21 16:37:30.772000074,NVIDIA,6.16,G506.0210.00.03,2.0,1652523003996,92.00.45.00.05,535.104.05,12.535.104.05,fmaas-devstage-backen-9cjgj-worker-a100-il-rdma-3-jx6tm,GPU-f94e20f3-b883-1dc9-1c93-9769594edc6a,DCGM_FI_DEV_ROW_REMAP_FAILURE,nvidia-dcgm-exporter,nvidia2,gpu-metrics,base,fmaas-monitoring,llama3,2,192.241.129.18:9400,nvidia-dcgm-exporter,NVIDIA A100-SXM4-80GB,nvidia-gpu-operator,nvidia-dcgm-exporter-xq25l,openshift-monitoring/k8s,nvidia-dcgm-exporter,0.0
2024-05-21 16:38:00.772000074,NVIDIA,6.16,G506.0210.00.03,2.0,1652523003996,92.00.45.00.05,535.104.05,12.535.104.05,fmaas-devstage-backen-9cjgj-worker-a100-il-rdma-3-jx6tm,GPU-f94e20f3-b883-1dc9-1c93-9769594edc6a,DCGM_FI_DEV_ROW_REMAP_FAILURE,nvidia-dcgm-exporter,nvidia2,gpu-metrics,base,fmaas-monitoring,llama3,2,192.241.129.18:9400,nvidia-dcgm-exporter,NVIDIA A100-SXM4-80GB,nvidia-gpu-operator,nvidia-dcgm-exporter-xq25l,openshift-monitoring/k8s,nvidia-dcgm-exporter,0.0
2024-05-21 16:38:30.772000074,NVIDIA,6.16,G506.0210.00.03,2.0,1652523003996,92.00.45.00.05,535.104.05,12.535.104.05,fmaas-devstage-backen-9cjgj-worker-a100-il-rdma-3-jx6tm,GPU-f94e20f3-b883-1dc9-1c93-9769594edc6a,DCGM_FI_DEV_ROW_REMAP_FAILURE,nvidia-dcgm-exporter,nvidia2,gpu-metrics,base,fmaas-monitoring,llama3,2,192.241.129.18:9400,nvidia-dcgm-exporter,NVIDIA A100-SXM4-80GB,nvidia-gpu-operator,nvidia-dcgm-exporter-xq25l,openshift-monitoring/k8s,nvidia-dcgm-exporter,0.0
2024-05-21 16:39:00.772000074,NVIDIA,6.16,G506.0210.00.03,2.0,1652523003996,92.00.45.00.05,535.104.05,12.535.104.05,fmaas-devstage-backen-9cjgj-worker-a100-il-rdma-3-jx6tm,GPU-f94e20f3-b883-1dc9-1c93-9769594edc6a,DCGM_FI_DEV_ROW_REMAP_FAILURE,nvidia-dcgm-exporter,nvidia2,gpu-metrics,base,fmaas-monitoring,llama3,2,192.241.129.18:9400,nvidia-dcgm-exporter,NVIDIA A100-SXM4-80GB,nvidia-gpu-operator,nvidia-dcgm-exporter-xq25l,openshift-monitoring/k8s,nvidia-dcgm-exporter,0.0
2024-05-21 16:39:30.772000074,NVIDIA,6.16,G506.0210.00.03,2.0,1652523003996,92.00.45.00.05,535.104.05,12.535.104.05,fmaas-devstage-backen-9cjgj-worker-a100-il-rdma-3-jx6tm,GPU-f94e20f3-b883-1dc9-1c93-9769594edc6a,DCGM_FI_DEV_ROW_REMAP_FAILURE,nvidia-dcgm-exporter,nvidia2,gpu-metrics,base,fmaas-monitoring,llama3,2,192.241.129.18:9400,nvidia-dcgm-exporter,NVIDIA A100-SXM4-80GB,nvidia-gpu-operator,nvidia-dcgm-exporter-xq25l,openshift-monitoring/k8s,nvidia-dcgm-exporter,0.0
2024-05-21 16:40:00.772000074,NVIDIA,6.16,G506.0210.00.03,2.0,1652523003996,92.00.45.00.05,535.104.05,12.535.104.05,fmaas-devstage-backen-9cjgj-worker-a100-il-rdma-3-jx6tm,GPU-f94e20f3-b883-1dc9-1c93-9769594edc6a,DCGM_FI_DEV_ROW_REMAP_FAILURE,nvidia-dcgm-exporter,nvidia2,gpu-metrics,base,fmaas-monitoring,llama3,2,192.241.129.18:9400,nvidia-dcgm-exporter,NVIDIA A100-SXM4-80GB,nvidia-gpu-operator,nvidia-dcgm-exporter-xq25l,openshift-monitoring/k8s,nvidia-dcgm-exporter,0.0
2024-05-21 16:40:30.772000074,NVIDIA,6.16,G506.0210.00.03,2.0,1652523003996,92.00.45.00.05,535.104.05,12.535.104.05,fmaas-devstage-backen-9cjgj-worker-a100-il-rdma-3-jx6tm,GPU-f94e20f3-b883-1dc9-1c93-9769594edc6a,DCGM_FI_DEV_ROW_REMAP_FAILURE,nvidia-dcgm-exporter,nvidia2,gpu-metrics,base,fmaas-monitoring,llama3,2,192.241.129.18:9400,nvidia-dcgm-exporter,NVIDIA A100-SXM4-80GB,nvidia-gpu-operator,nvidia-dcgm-exporter-xq25l,openshift-monitoring/k8s,nvidia-dcgm-exporter,0.0
2024-05-21 16:41:00.772000074,NVIDIA,6.16,G506.0210.00.03,2.0,1652523003996,92.00.45.00.05,535.104.05,12.535.104.05,fmaas-devstage-backen-9cjgj-worker-a100-il-rdma-3-jx6tm,GPU-f94e20f3-b883-1dc9-1c93-9769594edc6a,DCGM_FI_DEV_ROW_REMAP_FAILURE,nvidia-dcgm-exporter,nvidia2,gpu-metrics,base,fmaas-monitoring,llama3,2,192.241.129.18:9400,nvidia-dcgm-exporter,NVIDIA A100-SXM4-80GB,nvidia-gpu-operator,nvidia-dcgm-exporter-xq25l,openshift-monitoring/k8s,nvidia-dcgm-exporter,0.0
2024-05-21 16:41:30.772000074,NVIDIA,6.16,G506.0210.00.03,2.0,1652523003996,92.00.45.00.05,535.104.05,12.535.104.05,fmaas-devstage-backen-9cjgj-worker-a100-il-rdma-3-jx6tm,GPU-f94e20f3-b883-1dc9-1c93-9769594edc6a,DCGM_FI_DEV_ROW_REMAP_FAILURE,nvidia-dcgm-exporter,nvidia2,gpu-metrics,base,fmaas-monitoring,llama3,2,192.241.129.18:9400,nvidia-dcgm-exporter,NVIDIA A100-SXM4-80GB,nvidia-gpu-operator,nvidia-dcgm-exporter-xq25l,openshift-monitoring/k8s,nvidia-dcgm-exporter,0.0
2024-05-21 16:42:00.772000074,NVIDIA,6.16,G506.0210.00.03,2.0,1652523003996,92.00.45.00.05,535.104.05,12.535.104.05,fmaas-devstage-backen-9cjgj-worker-a100-il-rdma-3-jx6tm,GPU-f94e20f3-b883-1dc9-1c93-9769594edc6a,DCGM_FI_DEV_ROW_REMAP_FAILURE,nvidia-dcgm-exporter,nvidia2,gpu-metrics,base,fmaas-monitoring,llama3,2,192.241.129.18:9400,nvidia-dcgm-exporter,NVIDIA A100-SXM4-80GB,nvidia-gpu-operator,nvidia-dcgm-exporter-xq25l,openshift-monitoring/k8s,nvidia-dcgm-exporter,0.0
2024-05-21 16:42:30.772000074,NVIDIA,6.16,G506.0210.00.03,2.0,1652523003996,92.00.45.00.05,535.104.05,12.535.104.05,fmaas-devstage-backen-9cjgj-worker-a100-il-rdma-3-jx6tm,GPU-f94e20f3-b883-1dc9-1c93-9769594edc6a,DCGM_FI_DEV_ROW_REMAP_FAILURE,nvidia-dcgm-exporter,nvidia2,gpu-metrics,base,fmaas-monitoring,llama3,2,192.241.129.18:9400,nvidia-dcgm-exporter,NVIDIA A100-SXM4-80GB,nvidia-gpu-operator,nvidia-dcgm-exporter-xq25l,openshift-monitoring/k8s,nvidia-dcgm-exporter,0.0
2024-05-21 16:43:00.772000074,NVIDIA,6.16,G506.0210.00.03,2.0,1652523003996,92.00.45.00.05,535.104.05,12.535.104.05,fmaas-devstage-backen-9cjgj-worker-a100-il-rdma-3-jx6tm,GPU-f94e20f3-b883-1dc9-1c93-9769594edc6a,DCGM_FI_DEV_ROW_REMAP_FAILURE,nvidia-dcgm-exporter,nvidia2,gpu-metrics,base,fmaas-monitoring,llama3,2,192.241.129.18:9400,nvidia-dcgm-exporter,NVIDIA A100-SXM4-80GB,nvidia-gpu-operator,nvidia-dcgm-exporter-xq25l,openshift-monitoring/k8s,nvidia-dcgm-exporter,0.0
2024-05-21 16:43:30.772000074,NVIDIA,6.16,G506.0210.00.03,2.0,1652523003996,92.00.45.00.05,535.104.05,12.535.104.05,fmaas-devstage-backen-9cjgj-worker-a100-il-rdma-3-jx6tm,GPU-f94e20f3-b883-1dc9-1c93-9769594edc6a,DCGM_FI_DEV_ROW_REMAP_FAILURE,nvidia-dcgm-exporter,nvidia2,gpu-metrics,base,fmaas-monitoring,llama3,2,192.241.129.18:9400,nvidia-dcgm-exporter,NVIDIA A100-SXM4-80GB,nvidia-gpu-operator,nvidia-dcgm-exporter-xq25l,openshift-monitoring/k8s,nvidia-dcgm-exporter,0.0
2024-05-21 16:44:00.772000074,NVIDIA,6.16,G506.0210.00.03,2.0,1652523003996,92.00.45.00.05,535.104.05,12.535.104.05,fmaas-devstage-backen-9cjgj-worker-a100-il-rdma-3-jx6tm,GPU-f94e20f3-b883-1dc9-1c93-9769594edc6a,DCGM_FI_DEV_ROW_REMAP_FAILURE,nvidia-dcgm-exporter,nvidia2,gpu-metrics,base,fmaas-monitoring,llama3,2,192.241.129.18:9400,nvidia-dcgm-exporter,NVIDIA A100-SXM4-80GB,nvidia-gpu-operator,nvidia-dcgm-exporter-xq25l,openshift-monitoring/k8s,nvidia-dcgm-exporter,0.0
2024-05-21 16:44:30.772000074,NVIDIA,6.16,G506.0210.00.03,2.0,1652523003996,92.00.45.00.05,535.104.05,12.535.104.05,fmaas-devstage-backen-9cjgj-worker-a100-il-rdma-3-jx6tm,GPU-f94e20f3-b883-1dc9-1c93-9769594edc6a,DCGM_FI_DEV_ROW_REMAP_FAILURE,nvidia-dcgm-exporter,nvidia2,gpu-metrics,base,fmaas-monitoring,llama3,2,192.241.129.18:9400,nvidia-dcgm-exporter,NVIDIA A100-SXM4-80GB,nvidia-gpu-operator,nvidia-dcgm-exporter-xq25l,openshift-monitoring/k8s,nvidia-dcgm-exporter,0.0
2024-05-21 16:45:00.772000074,NVIDIA,6.16,G506.0210.00.03,2.0,1652523003996,92.00.45.00.05,535.104.05,12.535.104.05,fmaas-devstage-backen-9cjgj-worker-a100-il-rdma-3-jx6tm,GPU-f94e20f3-b883-1dc9-1c93-9769594edc6a,DCGM_FI_DEV_ROW_REMAP_FAILURE,nvidia-dcgm-exporter,nvidia2,gpu-metrics,base,fmaas-monitoring,llama3,2,192.241.129.18:9400,nvidia-dcgm-exporter,NVIDIA A100-SXM4-80GB,nvidia-gpu-operator,nvidia-dcgm-exporter-xq25l,openshift-monitoring/k8s,nvidia-dcgm-exporter,0.0
2024-05-21 16:45:30.772000074,NVIDIA,6.16,G506.0210.00.03,2.0,1652523003996,92.00.45.00.05,535.104.05,12.535.104.05,fmaas-devstage-backen-9cjgj-worker-a100-il-rdma-3-jx6tm,GPU-f94e20f3-b883-1dc9-1c93-9769594edc6a,DCGM_FI_DEV_ROW_REMAP_FAILURE,nvidia-dcgm-exporter,nvidia2,gpu-metrics,base,fmaas-monitoring,llama3,2,192.241.129.18:9400,nvidia-dcgm-exporter,NVIDIA A100-SXM4-80GB,nvidia-gpu-operator,nvidia-dcgm-exporter-xq25l,openshift-monitoring/k8s,nvidia-dcgm-exporter,0.0
2024-05-21 16:35:43.667999983,NVIDIA,6.16,G506.0210.00.03,2.0,1652523004560,92.00.45.00.05,535.104.05,12.535.104.05,fmaas-devstage-backen-9cjgj-worker-a100-il-rdma-3-jx6tm,GPU-fae4890e-cca3-f53f-3743-ba11e6e50022,DCGM_FI_DEV_ROW_REMAP_FAILURE,nvidia-dcgm-exporter,nvidia3,gpu-metrics,,,,3,192.241.129.18:9400,nvidia-dcgm-exporter,NVIDIA A100-SXM4-80GB,nvidia-gpu-operator,nvidia-dcgm-exporter-xq25l,openshift-monitoring/k8s,nvidia-dcgm-exporter,0.0
2024-05-21 16:36:00.772000074,NVIDIA,6.16,G506.0210.00.03,2.0,1652523004560,92.00.45.00.05,535.104.05,12.535.104.05,fmaas-devstage-backen-9cjgj-worker-a100-il-rdma-3-jx6tm,GPU-fae4890e-cca3-f53f-3743-ba11e6e50022,DCGM_FI_DEV_ROW_REMAP_FAILURE,nvidia-dcgm-exporter,nvidia3,gpu-metrics,,,,3,192.241.129.18:9400,nvidia-dcgm-exporter,NVIDIA A100-SXM4-80GB,nvidia-gpu-operator,nvidia-dcgm-exporter-xq25l,openshift-monitoring/k8s,nvidia-dcgm-exporter,0.0
2024-05-21 16:36:30.772000074,NVIDIA,6.16,G506.0210.00.03,2.0,1652523004560,92.00.45.00.05,535.104.05,12.535.104.05,fmaas-devstage-backen-9cjgj-worker-a100-il-rdma-3-jx6tm,GPU-fae4890e-cca3-f53f-3743-ba11e6e50022,DCGM_FI_DEV_ROW_REMAP_FAILURE,nvidia-dcgm-exporter,nvidia3,gpu-metrics,,,,3,192.241.129.18:9400,nvidia-dcgm-exporter,NVIDIA A100-SXM4-80GB,nvidia-gpu-operator,nvidia-dcgm-exporter-xq25l,openshift-monitoring/k8s,nvidia-dcgm-exporter,0.0
2024-05-21 16:37:00.772000074,NVIDIA,6.16,G506.0210.00.03,2.0,1652523004560,92.00.45.00.05,535.104.05,12.535.104.05,fmaas-devstage-backen-9cjgj-worker-a100-il-rdma-3-jx6tm,GPU-fae4890e-cca3-f53f-3743-ba11e6e50022,DCGM_FI_DEV_ROW_REMAP_FAILURE,nvidia-dcgm-exporter,nvidia3,gpu-metrics,,,,3,192.241.129.18:9400,nvidia-dcgm-exporter,NVIDIA A100-SXM4-80GB,nvidia-gpu-operator,nvidia-dcgm-exporter-xq25l,openshift-monitoring/k8s,nvidia-dcgm-exporter,0.0
2024-05-21 16:37:30.772000074,NVIDIA,6.16,G506.0210.00.03,2.0,1652523004560,92.00.45.00.05,535.104.05,12.535.104.05,fmaas-devstage-backen-9cjgj-worker-a100-il-rdma-3-jx6tm,GPU-fae4890e-cca3-f53f-3743-ba11e6e50022,DCGM_FI_DEV_ROW_REMAP_FAILURE,nvidia-dcgm-exporter,nvidia3,gpu-metrics,,,,3,192.241.129.18:9400,nvidia-dcgm-exporter,NVIDIA A100-SXM4-80GB,nvidia-gpu-operator,nvidia-dcgm-exporter-xq25l,openshift-monitoring/k8s,nvidia-dcgm-exporter,0.0
2024-05-21 16:38:00.772000074,NVIDIA,6.16,G506.0210.00.03,2.0,1652523004560,92.00.45.00.05,535.104.05,12.535.104.05,fmaas-devstage-backen-9cjgj-worker-a100-il-rdma-3-jx6tm,GPU-fae4890e-cca3-f53f-3743-ba11e6e50022,DCGM_FI_DEV_ROW_REMAP_FAILURE,nvidia-dcgm-exporter,nvidia3,gpu-metrics,,,,3,192.241.129.18:9400,nvidia-dcgm-exporter,NVIDIA A100-SXM4-80GB,nvidia-gpu-operator,nvidia-dcgm-exporter-xq25l,openshift-monitoring/k8s,nvidia-dcgm-exporter,0.0
2024-05-21 16:38:30.772000074,NVIDIA,6.16,G506.0210.00.03,2.0,1652523004560,92.00.45.00.05,535.104.05,12.535.104.05,fmaas-devstage-backen-9cjgj-worker-a100-il-rdma-3-jx6tm,GPU-fae4890e-cca3-f53f-3743-ba11e6e50022,DCGM_FI_DEV_ROW_REMAP_FAILURE,nvidia-dcgm-exporter,nvidia3,gpu-metrics,,,,3,192.241.129.18:9400,nvidia-dcgm-exporter,NVIDIA A100-SXM4-80GB,nvidia-gpu-operator,nvidia-dcgm-exporter-xq25l,openshift-monitoring/k8s,nvidia-dcgm-exporter,0.0
2024-05-21 16:39:00.772000074,NVIDIA,6.16,G506.0210.00.03,2.0,1652523004560,92.00.45.00.05,535.104.05,12.535.104.05,fmaas-devstage-backen-9cjgj-worker-a100-il-rdma-3-jx6tm,GPU-fae4890e-cca3-f53f-3743-ba11e6e50022,DCGM_FI_DEV_ROW_REMAP_FAILURE,nvidia-dcgm-exporter,nvidia3,gpu-metrics,,,,3,192.241.129.18:9400,nvidia-dcgm-exporter,NVIDIA A100-SXM4-80GB,nvidia-gpu-operator,nvidia-dcgm-exporter-xq25l,openshift-monitoring/k8s,nvidia-dcgm-exporter,0.0
2024-05-21 16:39:30.772000074,NVIDIA,6.16,G506.0210.00.03,2.0,1652523004560,92.00.45.00.05,535.104.05,12.535.104.05,fmaas-devstage-backen-9cjgj-worker-a100-il-rdma-3-jx6tm,GPU-fae4890e-cca3-f53f-3743-ba11e6e50022,DCGM_FI_DEV_ROW_REMAP_FAILURE,nvidia-dcgm-exporter,nvidia3,gpu-metrics,,,,3,192.241.129.18:9400,nvidia-dcgm-exporter,NVIDIA A100-SXM4-80GB,nvidia-gpu-operator,nvidia-dcgm-exporter-xq25l,openshift-monitoring/k8s,nvidia-dcgm-exporter,0.0
2024-05-21 16:40:00.772000074,NVIDIA,6.16,G506.0210.00.03,2.0,1652523004560,92.00.45.00.05,535.104.05,12.535.104.05,fmaas-devstage-backen-9cjgj-worker-a100-il-rdma-3-jx6tm,GPU-fae4890e-cca3-f53f-3743-ba11e6e50022,DCGM_FI_DEV_ROW_REMAP_FAILURE,nvidia-dcgm-exporter,nvidia3,gpu-metrics,,,,3,192.241.129.18:9400,nvidia-dcgm-exporter,NVIDIA A100-SXM4-80GB,nvidia-gpu-operator,nvidia-dcgm-exporter-xq25l,openshift-monitoring/k8s,nvidia-dcgm-exporter,0.0
2024-05-21 16:40:30.772000074,NVIDIA,6.16,G506.0210.00.03,2.0,1652523004560,92.00.45.00.05,535.104.05,12.535.104.05,fmaas-devstage-backen-9cjgj-worker-a100-il-rdma-3-jx6tm,GPU-fae4890e-cca3-f53f-3743-ba11e6e50022,DCGM_FI_DEV_ROW_REMAP_FAILURE,nvidia-dcgm-exporter,nvidia3,gpu-metrics,,,,3,192.241.129.18:9400,nvidia-dcgm-exporter,NVIDIA A100-SXM4-80GB,nvidia-gpu-operator,nvidia-dcgm-exporter-xq25l,openshift-monitoring/k8s,nvidia-dcgm-exporter,0.0
2024-05-21 16:41:00.772000074,NVIDIA,6.16,G506.0210.00.03,2.0,1652523004560,92.00.45.00.05,535.104.05,12.535.104.05,fmaas-devstage-backen-9cjgj-worker-a100-il-rdma-3-jx6tm,GPU-fae4890e-cca3-f53f-3743-ba11e6e50022,DCGM_FI_DEV_ROW_REMAP_FAILURE,nvidia-dcgm-exporter,nvidia3,gpu-metrics,,,,3,192.241.129.18:9400,nvidia-dcgm-exporter,NVIDIA A100-SXM4-80GB,nvidia-gpu-operator,nvidia-dcgm-exporter-xq25l,openshift-monitoring/k8s,nvidia-dcgm-exporter,0.0
2024-05-21 16:41:30.772000074,NVIDIA,6.16,G506.0210.00.03,2.0,1652523004560,92.00.45.00.05,535.104.05,12.535.104.05,fmaas-devstage-backen-9cjgj-worker-a100-il-rdma-3-jx6tm,GPU-fae4890e-cca3-f53f-3743-ba11e6e50022,DCGM_FI_DEV_ROW_REMAP_FAILURE,nvidia-dcgm-exporter,nvidia3,gpu-metrics,,,,3,192.241.129.18:9400,nvidia-dcgm-exporter,NVIDIA A100-SXM4-80GB,nvidia-gpu-operator,nvidia-dcgm-exporter-xq25l,openshift-monitoring/k8s,nvidia-dcgm-exporter,0.0
2024-05-21 16:42:00.772000074,NVIDIA,6.16,G506.0210.00.03,2.0,1652523004560,92.00.45.00.05,535.104.05,12.535.104.05,fmaas-devstage-backen-9cjgj-worker-a100-il-rdma-3-jx6tm,GPU-fae4890e-cca3-f53f-3743-ba11e6e50022,DCGM_FI_DEV_ROW_REMAP_FAILURE,nvidia-dcgm-exporter,nvidia3,gpu-metrics,,,,3,192.241.129.18:9400,nvidia-dcgm-exporter,NVIDIA A100-SXM4-80GB,nvidia-gpu-operator,nvidia-dcgm-exporter-xq25l,openshift-monitoring/k8s,nvidia-dcgm-exporter,0.0
2024-05-21 16:42:30.772000074,NVIDIA,6.16,G506.0210.00.03,2.0,1652523004560,92.00.45.00.05,535.104.05,12.535.104.05,fmaas-devstage-backen-9cjgj-worker-a100-il-rdma-3-jx6tm,GPU-fae4890e-cca3-f53f-3743-ba11e6e50022,DCGM_FI_DEV_ROW_REMAP_FAILURE,nvidia-dcgm-exporter,nvidia3,gpu-metrics,,,,3,192.241.129.18:9400,nvidia-dcgm-exporter,NVIDIA A100-SXM4-80GB,nvidia-gpu-operator,nvidia-dcgm-exporter-xq25l,openshift-monitoring/k8s,nvidia-dcgm-exporter,0.0
2024-05-21 16:43:00.772000074,NVIDIA,6.16,G506.0210.00.03,2.0,1652523004560,92.00.45.00.05,535.104.05,12.535.104.05,fmaas-devstage-backen-9cjgj-worker-a100-il-rdma-3-jx6tm,GPU-fae4890e-cca3-f53f-3743-ba11e6e50022,DCGM_FI_DEV_ROW_REMAP_FAILURE,nvidia-dcgm-exporter,nvidia3,gpu-metrics,,,,3,192.241.129.18:9400,nvidia-dcgm-exporter,NVIDIA A100-SXM4-80GB,nvidia-gpu-operator,nvidia-dcgm-exporter-xq25l,openshift-monitoring/k8s,nvidia-dcgm-exporter,0.0
2024-05-21 16:43:30.772000074,NVIDIA,6.16,G506.0210.00.03,2.0,1652523004560,92.00.45.00.05,535.104.05,12.535.104.05,fmaas-devstage-backen-9cjgj-worker-a100-il-rdma-3-jx6tm,GPU-fae4890e-cca3-f53f-3743-ba11e6e50022,DCGM_FI_DEV_ROW_REMAP_FAILURE,nvidia-dcgm-exporter,nvidia3,gpu-metrics,,,,3,192.241.129.18:9400,nvidia-dcgm-exporter,NVIDIA A100-SXM4-80GB,nvidia-gpu-operator,nvidia-dcgm-exporter-xq25l,openshift-monitoring/k8s,nvidia-dcgm-exporter,0.0
2024-05-21 16:44:00.772000074,NVIDIA,6.16,G506.0210.00.03,2.0,1652523004560,92.00.45.00.05,535.104.05,12.535.104.05,fmaas-devstage-backen-9cjgj-worker-a100-il-rdma-3-jx6tm,GPU-fae4890e-cca3-f53f-3743-ba11e6e50022,DCGM_FI_DEV_ROW_REMAP_FAILURE,nvidia-dcgm-exporter,nvidia3,gpu-metrics,,,,3,192.241.129.18:9400,nvidia-dcgm-exporter,NVIDIA A100-SXM4-80GB,nvidia-gpu-operator,nvidia-dcgm-exporter-xq25l,openshift-monitoring/k8s,nvidia-dcgm-exporter,0.0
2024-05-21 16:44:30.772000074,NVIDIA,6.16,G506.0210.00.03,2.0,1652523004560,92.00.45.00.05,535.104.05,12.535.104.05,fmaas-devstage-backen-9cjgj-worker-a100-il-rdma-3-jx6tm,GPU-fae4890e-cca3-f53f-3743-ba11e6e50022,DCGM_FI_DEV_ROW_REMAP_FAILURE,nvidia-dcgm-exporter,nvidia3,gpu-metrics,,,,3,192.241.129.18:9400,nvidia-dcgm-exporter,NVIDIA A100-SXM4-80GB,nvidia-gpu-operator,nvidia-dcgm-exporter-xq25l,openshift-monitoring/k8s,nvidia-dcgm-exporter,0.0
2024-05-21 16:45:00.772000074,NVIDIA,6.16,G506.0210.00.03,2.0,1652523004560,92.00.45.00.05,535.104.05,12.535.104.05,fmaas-devstage-backen-9cjgj-worker-a100-il-rdma-3-jx6tm,GPU-fae4890e-cca3-f53f-3743-ba11e6e50022,DCGM_FI_DEV_ROW_REMAP_FAILURE,nvidia-dcgm-exporter,nvidia3,gpu-metrics,,,,3,192.241.129.18:9400,nvidia-dcgm-exporter,NVIDIA A100-SXM4-80GB,nvidia-gpu-operator,nvidia-dcgm-exporter-xq25l,openshift-monitoring/k8s,nvidia-dcgm-exporter,0.0
2024-05-21 16:45:30.772000074,NVIDIA,6.16,G506.0210.00.03,2.0,1652523004560,92.00.45.00.05,535.104.05,12.535.104.05,fmaas-devstage-backen-9cjgj-worker-a100-il-rdma-3-jx6tm,GPU-fae4890e-cca3-f53f-3743-ba11e6e50022,DCGM_FI_DEV_ROW_REMAP_FAILURE,nvidia-dcgm-exporter,nvidia3,gpu-metrics,,,,3,192.241.129.18:9400,nvidia-dcgm-exporter,NVIDIA A100-SXM4-80GB,nvidia-gpu-operator,nvidia-dcgm-exporter-xq25l,openshift-monitoring/k8s,nvidia-dcgm-exporter,0.0
2024-05-21 16:35:43.667999983,NVIDIA,6.16,G506.0210.00.03,2.0,1652523004804,92.00.45.00.05,535.104.05,12.535.104.05,fmaas-devstage-backen-9cjgj-worker-a100-il-rdma-3-jx6tm,GPU-6813d4a5-a19a-6a1f-b0ae-7d70939dc17d,DCGM_FI_DEV_ROW_REMAP_FAILURE,nvidia-dcgm-exporter,nvidia5,gpu-metrics,,,,5,192.241.129.18:9400,nvidia-dcgm-exporter,NVIDIA A100-SXM4-80GB,nvidia-gpu-operator,nvidia-dcgm-exporter-xq25l,openshift-monitoring/k8s,nvidia-dcgm-exporter,0.0
2024-05-21 16:36:00.772000074,NVIDIA,6.16,G506.0210.00.03,2.0,1652523004804,92.00.45.00.05,535.104.05,12.535.104.05,fmaas-devstage-backen-9cjgj-worker-a100-il-rdma-3-jx6tm,GPU-6813d4a5-a19a-6a1f-b0ae-7d70939dc17d,DCGM_FI_DEV_ROW_REMAP_FAILURE,nvidia-dcgm-exporter,nvidia5,gpu-metrics,,,,5,192.241.129.18:9400,nvidia-dcgm-exporter,NVIDIA A100-SXM4-80GB,nvidia-gpu-operator,nvidia-dcgm-exporter-xq25l,openshift-monitoring/k8s,nvidia-dcgm-exporter,0.0
2024-05-21 16:36:30.772000074,NVIDIA,6.16,G506.0210.00.03,2.0,1652523004804,92.00.45.00.05,535.104.05,12.535.104.05,fmaas-devstage-backen-9cjgj-worker-a100-il-rdma-3-jx6tm,GPU-6813d4a5-a19a-6a1f-b0ae-7d70939dc17d,DCGM_FI_DEV_ROW_REMAP_FAILURE,nvidia-dcgm-exporter,nvidia5,gpu-metrics,,,,5,192.241.129.18:9400,nvidia-dcgm-exporter,NVIDIA A100-SXM4-80GB,nvidia-gpu-operator,nvidia-dcgm-exporter-xq25l,openshift-monitoring/k8s,nvidia-dcgm-exporter,0.0
2024-05-21 16:37:00.772000074,NVIDIA,6.16,G506.0210.00.03,2.0,1652523004804,92.00.45.00.05,535.104.05,12.535.104.05,fmaas-devstage-backen-9cjgj-worker-a100-il-rdma-3-jx6tm,GPU-6813d4a5-a19a-6a1f-b0ae-7d70939dc17d,DCGM_FI_DEV_ROW_REMAP_FAILURE,nvidia-dcgm-exporter,nvidia5,gpu-metrics,,,,5,192.241.129.18:9400,nvidia-dcgm-exporter,NVIDIA A100-SXM4-80GB,nvidia-gpu-operator,nvidia-dcgm-exporter-xq25l,openshift-monitoring/k8s,nvidia-dcgm-exporter,0.0
2024-05-21 16:37:30.772000074,NVIDIA,6.16,G506.0210.00.03,2.0,1652523004804,92.00.45.00.05,535.104.05,12.535.104.05,fmaas-devstage-backen-9cjgj-worker-a100-il-rdma-3-jx6tm,GPU-6813d4a5-a19a-6a1f-b0ae-7d70939dc17d,DCGM_FI_DEV_ROW_REMAP_FAILURE,nvidia-dcgm-exporter,nvidia5,gpu-metrics,,,,5,192.241.129.18:9400,nvidia-dcgm-exporter,NVIDIA A100-SXM4-80GB,nvidia-gpu-operator,nvidia-dcgm-exporter-xq25l,openshift-monitoring/k8s,nvidia-dcgm-exporter,0.0
2024-05-21 16:38:00.772000074,NVIDIA,6.16,G506.0210.00.03,2.0,1652523004804,92.00.45.00.05,535.104.05,12.535.104.05,fmaas-devstage-backen-9cjgj-worker-a100-il-rdma-3-jx6tm,GPU-6813d4a5-a19a-6a1f-b0ae-7d70939dc17d,DCGM_FI_DEV_ROW_REMAP_FAILURE,nvidia-dcgm-exporter,nvidia5,gpu-metrics,,,,5,192.241.129.18:9400,nvidia-dcgm-exporter,NVIDIA A100-SXM4-80GB,nvidia-gpu-operator,nvidia-dcgm-exporter-xq25l,openshift-monitoring/k8s,nvidia-dcgm-exporter,0.0
2024-05-21 16:38:30.772000074,NVIDIA,6.16,G506.0210.00.03,2.0,1652523004804,92.00.45.00.05,535.104.05,12.535.104.05,fmaas-devstage-backen-9cjgj-worker-a100-il-rdma-3-jx6tm,GPU-6813d4a5-a19a-6a1f-b0ae-7d70939dc17d,DCGM_FI_DEV_ROW_REMAP_FAILURE,nvidia-dcgm-exporter,nvidia5,gpu-metrics,,,,5,192.241.129.18:9400,nvidia-dcgm-exporter,NVIDIA A100-SXM4-80GB,nvidia-gpu-operator,nvidia-dcgm-exporter-xq25l,openshift-monitoring/k8s,nvidia-dcgm-exporter,0.0
2024-05-21 16:39:00.772000074,NVIDIA,6.16,G506.0210.00.03,2.0,1652523004804,92.00.45.00.05,535.104.05,12.535.104.05,fmaas-devstage-backen-9cjgj-worker-a100-il-rdma-3-jx6tm,GPU-6813d4a5-a19a-6a1f-b0ae-7d70939dc17d,DCGM_FI_DEV_ROW_REMAP_FAILURE,nvidia-dcgm-exporter,nvidia5,gpu-metrics,,,,5,192.241.129.18:9400,nvidia-dcgm-exporter,NVIDIA A100-SXM4-80GB,nvidia-gpu-operator,nvidia-dcgm-exporter-xq25l,openshift-monitoring/k8s,nvidia-dcgm-exporter,0.0
2024-05-21 16:39:30.772000074,NVIDIA,6.16,G506.0210.00.03,2.0,1652523004804,92.00.45.00.05,535.104.05,12.535.104.05,fmaas-devstage-backen-9cjgj-worker-a100-il-rdma-3-jx6tm,GPU-6813d4a5-a19a-6a1f-b0ae-7d70939dc17d,DCGM_FI_DEV_ROW_REMAP_FAILURE,nvidia-dcgm-exporter,nvidia5,gpu-metrics,,,,5,192.241.129.18:9400,nvidia-dcgm-exporter,NVIDIA A100-SXM4-80GB,nvidia-gpu-operator,nvidia-dcgm-exporter-xq25l,openshift-monitoring/k8s,nvidia-dcgm-exporter,0.0
2024-05-21 16:40:00.772000074,NVIDIA,6.16,G506.0210.00.03,2.0,1652523004804,92.00.45.00.05,535.104.05,12.535.104.05,fmaas-devstage-backen-9cjgj-worker-a100-il-rdma-3-jx6tm,GPU-6813d4a5-a19a-6a1f-b0ae-7d70939dc17d,DCGM_FI_DEV_ROW_REMAP_FAILURE,nvidia-dcgm-exporter,nvidia5,gpu-metrics,,,,5,192.241.129.18:9400,nvidia-dcgm-exporter,NVIDIA A100-SXM4-80GB,nvidia-gpu-operator,nvidia-dcgm-exporter-xq25l,openshift-monitoring/k8s,nvidia-dcgm-exporter,0.0
2024-05-21 16:40:30.772000074,NVIDIA,6.16,G506.0210.00.03,2.0,1652523004804,92.00.45.00.05,535.104.05,12.535.104.05,fmaas-devstage-backen-9cjgj-worker-a100-il-rdma-3-jx6tm,GPU-6813d4a5-a19a-6a1f-b0ae-7d70939dc17d,DCGM_FI_DEV_ROW_REMAP_FAILURE,nvidia-dcgm-exporter,nvidia5,gpu-metrics,,,,5,192.241.129.18:9400,nvidia-dcgm-exporter,NVIDIA A100-SXM4-80GB,nvidia-gpu-operator,nvidia-dcgm-exporter-xq25l,openshift-monitoring/k8s,nvidia-dcgm-exporter,0.0
2024-05-21 16:41:00.772000074,NVIDIA,6.16,G506.0210.00.03,2.0,1652523004804,92.00.45.00.05,535.104.05,12.535.104.05,fmaas-devstage-backen-9cjgj-worker-a100-il-rdma-3-jx6tm,GPU-6813d4a5-a19a-6a1f-b0ae-7d70939dc17d,DCGM_FI_DEV_ROW_REMAP_FAILURE,nvidia-dcgm-exporter,nvidia5,gpu-metrics,,,,5,192.241.129.18:9400,nvidia-dcgm-exporter,NVIDIA A100-SXM4-80GB,nvidia-gpu-operator,nvidia-dcgm-exporter-xq25l,openshift-monitoring/k8s,nvidia-dcgm-exporter,0.0
2024-05-21 16:41:30.772000074,NVIDIA,6.16,G506.0210.00.03,2.0,1652523004804,92.00.45.00.05,535.104.05,12.535.104.05,fmaas-devstage-backen-9cjgj-worker-a100-il-rdma-3-jx6tm,GPU-6813d4a5-a19a-6a1f-b0ae-7d70939dc17d,DCGM_FI_DEV_ROW_REMAP_FAILURE,nvidia-dcgm-exporter,nvidia5,gpu-metrics,,,,5,192.241.129.18:9400,nvidia-dcgm-exporter,NVIDIA A100-SXM4-80GB,nvidia-gpu-operator,nvidia-dcgm-exporter-xq25l,openshift-monitoring/k8s,nvidia-dcgm-exporter,0.0
2024-05-21 16:42:00.772000074,NVIDIA,6.16,G506.0210.00.03,2.0,1652523004804,92.00.45.00.05,535.104.05,12.535.104.05,fmaas-devstage-backen-9cjgj-worker-a100-il-rdma-3-jx6tm,GPU-6813d4a5-a19a-6a1f-b0ae-7d70939dc17d,DCGM_FI_DEV_ROW_REMAP_FAILURE,nvidia-dcgm-exporter,nvidia5,gpu-metrics,,,,5,192.241.129.18:9400,nvidia-dcgm-exporter,NVIDIA A100-SXM4-80GB,nvidia-gpu-operator,nvidia-dcgm-exporter-xq25l,openshift-monitoring/k8s,nvidia-dcgm-exporter,0.0
2024-05-21 16:42:30.772000074,NVIDIA,6.16,G506.0210.00.03,2.0,1652523004804,92.00.45.00.05,535.104.05,12.535.104.05,fmaas-devstage-backen-9cjgj-worker-a100-il-rdma-3-jx6tm,GPU-6813d4a5-a19a-6a1f-b0ae-7d70939dc17d,DCGM_FI_DEV_ROW_REMAP_FAILURE,nvidia-dcgm-exporter,nvidia5,gpu-metrics,,,,5,192.241.129.18:9400,nvidia-dcgm-exporter,NVIDIA A100-SXM4-80GB,nvidia-gpu-operator,nvidia-dcgm-exporter-xq25l,openshift-monitoring/k8s,nvidia-dcgm-exporter,0.0
2024-05-21 16:43:00.772000074,NVIDIA,6.16,G506.0210.00.03,2.0,1652523004804,92.00.45.00.05,535.104.05,12.535.104.05,fmaas-devstage-backen-9cjgj-worker-a100-il-rdma-3-jx6tm,GPU-6813d4a5-a19a-6a1f-b0ae-7d70939dc17d,DCGM_FI_DEV_ROW_REMAP_FAILURE,nvidia-dcgm-exporter,nvidia5,gpu-metrics,,,,5,192.241.129.18:9400,nvidia-dcgm-exporter,NVIDIA A100-SXM4-80GB,nvidia-gpu-operator,nvidia-dcgm-exporter-xq25l,openshift-monitoring/k8s,nvidia-dcgm-exporter,0.0
2024-05-21 16:43:30.772000074,NVIDIA,6.16,G506.0210.00.03,2.0,1652523004804,92.00.45.00.05,535.104.05,12.535.104.05,fmaas-devstage-backen-9cjgj-worker-a100-il-rdma-3-jx6tm,GPU-6813d4a5-a19a-6a1f-b0ae-7d70939dc17d,DCGM_FI_DEV_ROW_REMAP_FAILURE,nvidia-dcgm-exporter,nvidia5,gpu-metrics,,,,5,192.241.129.18:9400,nvidia-dcgm-exporter,NVIDIA A100-SXM4-80GB,nvidia-gpu-operator,nvidia-dcgm-exporter-xq25l,openshift-monitoring/k8s,nvidia-dcgm-exporter,0.0
2024-05-21 16:44:00.772000074,NVIDIA,6.16,G506.0210.00.03,2.0,1652523004804,92.00.45.00.05,535.104.05,12.535.104.05,fmaas-devstage-backen-9cjgj-worker-a100-il-rdma-3-jx6tm,GPU-6813d4a5-a19a-6a1f-b0ae-7d70939dc17d,DCGM_FI_DEV_ROW_REMAP_FAILURE,nvidia-dcgm-exporter,nvidia5,gpu-metrics,,,,5,192.241.129.18:9400,nvidia-dcgm-exporter,NVIDIA A100-SXM4-80GB,nvidia-gpu-operator,nvidia-dcgm-exporter-xq25l,openshift-monitoring/k8s,nvidia-dcgm-exporter,0.0
2024-05-21 16:44:30.772000074,NVIDIA,6.16,G506.0210.00.03,2.0,1652523004804,92.00.45.00.05,535.104.05,12.535.104.05,fmaas-devstage-backen-9cjgj-worker-a100-il-rdma-3-jx6tm,GPU-6813d4a5-a19a-6a1f-b0ae-7d70939dc17d,DCGM_FI_DEV_ROW_REMAP_FAILURE,nvidia-dcgm-exporter,nvidia5,gpu-metrics,,,,5,192.241.129.18:9400,nvidia-dcgm-exporter,NVIDIA A100-SXM4-80GB,nvidia-gpu-operator,nvidia-dcgm-exporter-xq25l,openshift-monitoring/k8s,nvidia-dcgm-exporter,0.0
2024-05-21 16:45:00.772000074,NVIDIA,6.16,G506.0210.00.03,2.0,1652523004804,92.00.45.00.05,535.104.05,12.535.104.05,fmaas-devstage-backen-9cjgj-worker-a100-il-rdma-3-jx6tm,GPU-6813d4a5-a19a-6a1f-b0ae-7d70939dc17d,DCGM_FI_DEV_ROW_REMAP_FAILURE,nvidia-dcgm-exporter,nvidia5,gpu-metrics,,,,5,192.241.129.18:9400,nvidia-dcgm-exporter,NVIDIA A100-SXM4-80GB,nvidia-gpu-operator,nvidia-dcgm-exporter-xq25l,openshift-monitoring/k8s,nvidia-dcgm-exporter,0.0
2024-05-21 16:45:30.772000074,NVIDIA,6.16,G506.0210.00.03,2.0,1652523004804,92.00.45.00.05,535.104.05,12.535.104.05,fmaas-devstage-backen-9cjgj-worker-a100-il-rdma-3-jx6tm,GPU-6813d4a5-a19a-6a1f-b0ae-7d70939dc17d,DCGM_FI_DEV_ROW_REMAP_FAILURE,nvidia-dcgm-exporter,nvidia5,gpu-metrics,,,,5,192.241.129.18:9400,nvidia-dcgm-exporter,NVIDIA A100-SXM4-80GB,nvidia-gpu-operator,nvidia-dcgm-exporter-xq25l,openshift-monitoring/k8s,nvidia-dcgm-exporter,0.0
2024-05-21 16:35:43.667999983,NVIDIA,6.16,G506.0210.00.03,2.0,1652523021837,92.00.45.00.05,535.104.05,12.535.104.05,fmaas-devstage-backen-9cjgj-worker-a100-il-rdma-3-jx6tm,GPU-b30541a1-5408-9bb3-d9fa-12665d1e7472,DCGM_FI_DEV_ROW_REMAP_FAILURE,nvidia-dcgm-exporter,nvidia4,gpu-metrics,text-generation-server,tgis-dev,tee13-grani8bjpga-f-f16,4,192.241.129.18:9400,nvidia-dcgm-exporter,NVIDIA A100-SXM4-80GB,nvidia-gpu-operator,nvidia-dcgm-exporter-xq25l,openshift-monitoring/k8s,nvidia-dcgm-exporter,0.0
2024-05-21 16:36:00.772000074,NVIDIA,6.16,G506.0210.00.03,2.0,1652523021837,92.00.45.00.05,535.104.05,12.535.104.05,fmaas-devstage-backen-9cjgj-worker-a100-il-rdma-3-jx6tm,GPU-b30541a1-5408-9bb3-d9fa-12665d1e7472,DCGM_FI_DEV_ROW_REMAP_FAILURE,nvidia-dcgm-exporter,nvidia4,gpu-metrics,text-generation-server,tgis-dev,tee13-grani8bjpga-f-f16,4,192.241.129.18:9400,nvidia-dcgm-exporter,NVIDIA A100-SXM4-80GB,nvidia-gpu-operator,nvidia-dcgm-exporter-xq25l,openshift-monitoring/k8s,nvidia-dcgm-exporter,0.0
2024-05-21 16:36:30.772000074,NVIDIA,6.16,G506.0210.00.03,2.0,1652523021837,92.00.45.00.05,535.104.05,12.535.104.05,fmaas-devstage-backen-9cjgj-worker-a100-il-rdma-3-jx6tm,GPU-b30541a1-5408-9bb3-d9fa-12665d1e7472,DCGM_FI_DEV_ROW_REMAP_FAILURE,nvidia-dcgm-exporter,nvidia4,gpu-metrics,text-generation-server,tgis-dev,tee13-grani8bjpga-f-f16,4,192.241.129.18:9400,nvidia-dcgm-exporter,NVIDIA A100-SXM4-80GB,nvidia-gpu-operator,nvidia-dcgm-exporter-xq25l,openshift-monitoring/k8s,nvidia-dcgm-exporter,0.0
2024-05-21 16:36:43.667999983,NVIDIA,6.16,G506.0210.00.03,2.0,1652523021837,92.00.45.00.05,535.104.05,12.535.104.05,fmaas-devstage-backen-9cjgj-worker-a100-il-rdma-3-jx6tm,GPU-b30541a1-5408-9bb3-d9fa-12665d1e7472,DCGM_FI_DEV_ROW_REMAP_FAILURE,nvidia-dcgm-exporter,nvidia4,gpu-metrics,,,,4,192.241.129.18:9400,nvidia-dcgm-exporter,NVIDIA A100-SXM4-80GB,nvidia-gpu-operator,nvidia-dcgm-exporter-xq25l,openshift-monitoring/k8s,nvidia-dcgm-exporter,0.0
2024-05-21 16:37:00.772000074,NVIDIA,6.16,G506.0210.00.03,2.0,1652523021837,92.00.45.00.05,535.104.05,12.535.104.05,fmaas-devstage-backen-9cjgj-worker-a100-il-rdma-3-jx6tm,GPU-b30541a1-5408-9bb3-d9fa-12665d1e7472,DCGM_FI_DEV_ROW_REMAP_FAILURE,nvidia-dcgm-exporter,nvidia4,gpu-metrics,,,,4,192.241.129.18:9400,nvidia-dcgm-exporter,NVIDIA A100-SXM4-80GB,nvidia-gpu-operator,nvidia-dcgm-exporter-xq25l,openshift-monitoring/k8s,nvidia-dcgm-exporter,0.0
2024-05-21 16:37:30.772000074,NVIDIA,6.16,G506.0210.00.03,2.0,1652523021837,92.00.45.00.05,535.104.05,12.535.104.05,fmaas-devstage-backen-9cjgj-worker-a100-il-rdma-3-jx6tm,GPU-b30541a1-5408-9bb3-d9fa-12665d1e7472,DCGM_FI_DEV_ROW_REMAP_FAILURE,nvidia-dcgm-exporter,nvidia4,gpu-metrics,,,,4,192.241.129.18:9400,nvidia-dcgm-exporter,NVIDIA A100-SXM4-80GB,nvidia-gpu-operator,nvidia-dcgm-exporter-xq25l,openshift-monitoring/k8s,nvidia-dcgm-exporter,0.0
2024-05-21 16:38:00.772000074,NVIDIA,6.16,G506.0210.00.03,2.0,1652523021837,92.00.45.00.05,535.104.05,12.535.104.05,fmaas-devstage-backen-9cjgj-worker-a100-il-rdma-3-jx6tm,GPU-b30541a1-5408-9bb3-d9fa-12665d1e7472,DCGM_FI_DEV_ROW_REMAP_FAILURE,nvidia-dcgm-exporter,nvidia4,gpu-metrics,,,,4,192.241.129.18:9400,nvidia-dcgm-exporter,NVIDIA A100-SXM4-80GB,nvidia-gpu-operator,nvidia-dcgm-exporter-xq25l,openshift-monitoring/k8s,nvidia-dcgm-exporter,0.0
2024-05-21 16:38:30.772000074,NVIDIA,6.16,G506.0210.00.03,2.0,1652523021837,92.00.45.00.05,535.104.05,12.535.104.05,fmaas-devstage-backen-9cjgj-worker-a100-il-rdma-3-jx6tm,GPU-b30541a1-5408-9bb3-d9fa-12665d1e7472,DCGM_FI_DEV_ROW_REMAP_FAILURE,nvidia-dcgm-exporter,nvidia4,gpu-metrics,,,,4,192.241.129.18:9400,nvidia-dcgm-exporter,NVIDIA A100-SXM4-80GB,nvidia-gpu-operator,nvidia-dcgm-exporter-xq25l,openshift-monitoring/k8s,nvidia-dcgm-exporter,0.0
2024-05-21 16:39:00.772000074,NVIDIA,6.16,G506.0210.00.03,2.0,1652523021837,92.00.45.00.05,535.104.05,12.535.104.05,fmaas-devstage-backen-9cjgj-worker-a100-il-rdma-3-jx6tm,GPU-b30541a1-5408-9bb3-d9fa-12665d1e7472,DCGM_FI_DEV_ROW_REMAP_FAILURE,nvidia-dcgm-exporter,nvidia4,gpu-metrics,,,,4,192.241.129.18:9400,nvidia-dcgm-exporter,NVIDIA A100-SXM4-80GB,nvidia-gpu-operator,nvidia-dcgm-exporter-xq25l,openshift-monitoring/k8s,nvidia-dcgm-exporter,0.0
2024-05-21 16:39:30.772000074,NVIDIA,6.16,G506.0210.00.03,2.0,1652523021837,92.00.45.00.05,535.104.05,12.535.104.05,fmaas-devstage-backen-9cjgj-worker-a100-il-rdma-3-jx6tm,GPU-b30541a1-5408-9bb3-d9fa-12665d1e7472,DCGM_FI_DEV_ROW_REMAP_FAILURE,nvidia-dcgm-exporter,nvidia4,gpu-metrics,,,,4,192.241.129.18:9400,nvidia-dcgm-exporter,NVIDIA A100-SXM4-80GB,nvidia-gpu-operator,nvidia-dcgm-exporter-xq25l,openshift-monitoring/k8s,nvidia-dcgm-exporter,0.0
2024-05-21 16:40:00.772000074,NVIDIA,6.16,G506.0210.00.03,2.0,1652523021837,92.00.45.00.05,535.104.05,12.535.104.05,fmaas-devstage-backen-9cjgj-worker-a100-il-rdma-3-jx6tm,GPU-b30541a1-5408-9bb3-d9fa-12665d1e7472,DCGM_FI_DEV_ROW_REMAP_FAILURE,nvidia-dcgm-exporter,nvidia4,gpu-metrics,,,,4,192.241.129.18:9400,nvidia-dcgm-exporter,NVIDIA A100-SXM4-80GB,nvidia-gpu-operator,nvidia-dcgm-exporter-xq25l,openshift-monitoring/k8s,nvidia-dcgm-exporter,0.0
2024-05-21 16:40:30.772000074,NVIDIA,6.16,G506.0210.00.03,2.0,1652523021837,92.00.45.00.05,535.104.05,12.535.104.05,fmaas-devstage-backen-9cjgj-worker-a100-il-rdma-3-jx6tm,GPU-b30541a1-5408-9bb3-d9fa-12665d1e7472,DCGM_FI_DEV_ROW_REMAP_FAILURE,nvidia-dcgm-exporter,nvidia4,gpu-metrics,,,,4,192.241.129.18:9400,nvidia-dcgm-exporter,NVIDIA A100-SXM4-80GB,nvidia-gpu-operator,nvidia-dcgm-exporter-xq25l,openshift-monitoring/k8s,nvidia-dcgm-exporter,0.0
2024-05-21 16:41:00.772000074,NVIDIA,6.16,G506.0210.00.03,2.0,1652523021837,92.00.45.00.05,535.104.05,12.535.104.05,fmaas-devstage-backen-9cjgj-worker-a100-il-rdma-3-jx6tm,GPU-b30541a1-5408-9bb3-d9fa-12665d1e7472,DCGM_FI_DEV_ROW_REMAP_FAILURE,nvidia-dcgm-exporter,nvidia4,gpu-metrics,,,,4,192.241.129.18:9400,nvidia-dcgm-exporter,NVIDIA A100-SXM4-80GB,nvidia-gpu-operator,nvidia-dcgm-exporter-xq25l,openshift-monitoring/k8s,nvidia-dcgm-exporter,0.0
2024-05-21 16:41:30.772000074,NVIDIA,6.16,G506.0210.00.03,2.0,1652523021837,92.00.45.00.05,535.104.05,12.535.104.05,fmaas-devstage-backen-9cjgj-worker-a100-il-rdma-3-jx6tm,GPU-b30541a1-5408-9bb3-d9fa-12665d1e7472,DCGM_FI_DEV_ROW_REMAP_FAILURE,nvidia-dcgm-exporter,nvidia4,gpu-metrics,,,,4,192.241.129.18:9400,nvidia-dcgm-exporter,NVIDIA A100-SXM4-80GB,nvidia-gpu-operator,nvidia-dcgm-exporter-xq25l,openshift-monitoring/k8s,nvidia-dcgm-exporter,0.0
2024-05-21 16:42:00.772000074,NVIDIA,6.16,G506.0210.00.03,2.0,1652523021837,92.00.45.00.05,535.104.05,12.535.104.05,fmaas-devstage-backen-9cjgj-worker-a100-il-rdma-3-jx6tm,GPU-b30541a1-5408-9bb3-d9fa-12665d1e7472,DCGM_FI_DEV_ROW_REMAP_FAILURE,nvidia-dcgm-exporter,nvidia4,gpu-metrics,,,,4,192.241.129.18:9400,nvidia-dcgm-exporter,NVIDIA A100-SXM4-80GB,nvidia-gpu-operator,nvidia-dcgm-exporter-xq25l,openshift-monitoring/k8s,nvidia-dcgm-exporter,0.0
2024-05-21 16:42:30.772000074,NVIDIA,6.16,G506.0210.00.03,2.0,1652523021837,92.00.45.00.05,535.104.05,12.535.104.05,fmaas-devstage-backen-9cjgj-worker-a100-il-rdma-3-jx6tm,GPU-b30541a1-5408-9bb3-d9fa-12665d1e7472,DCGM_FI_DEV_ROW_REMAP_FAILURE,nvidia-dcgm-exporter,nvidia4,gpu-metrics,,,,4,192.241.129.18:9400,nvidia-dcgm-exporter,NVIDIA A100-SXM4-80GB,nvidia-gpu-operator,nvidia-dcgm-exporter-xq25l,openshift-monitoring/k8s,nvidia-dcgm-exporter,0.0
2024-05-21 16:43:00.772000074,NVIDIA,6.16,G506.0210.00.03,2.0,1652523021837,92.00.45.00.05,535.104.05,12.535.104.05,fmaas-devstage-backen-9cjgj-worker-a100-il-rdma-3-jx6tm,GPU-b30541a1-5408-9bb3-d9fa-12665d1e7472,DCGM_FI_DEV_ROW_REMAP_FAILURE,nvidia-dcgm-exporter,nvidia4,gpu-metrics,,,,4,192.241.129.18:9400,nvidia-dcgm-exporter,NVIDIA A100-SXM4-80GB,nvidia-gpu-operator,nvidia-dcgm-exporter-xq25l,openshift-monitoring/k8s,nvidia-dcgm-exporter,0.0
2024-05-21 16:43:30.772000074,NVIDIA,6.16,G506.0210.00.03,2.0,1652523021837,92.00.45.00.05,535.104.05,12.535.104.05,fmaas-devstage-backen-9cjgj-worker-a100-il-rdma-3-jx6tm,GPU-b30541a1-5408-9bb3-d9fa-12665d1e7472,DCGM_FI_DEV_ROW_REMAP_FAILURE,nvidia-dcgm-exporter,nvidia4,gpu-metrics,,,,4,192.241.129.18:9400,nvidia-dcgm-exporter,NVIDIA A100-SXM4-80GB,nvidia-gpu-operator,nvidia-dcgm-exporter-xq25l,openshift-monitoring/k8s,nvidia-dcgm-exporter,0.0
2024-05-21 16:44:00.772000074,NVIDIA,6.16,G506.0210.00.03,2.0,1652523021837,92.00.45.00.05,535.104.05,12.535.104.05,fmaas-devstage-backen-9cjgj-worker-a100-il-rdma-3-jx6tm,GPU-b30541a1-5408-9bb3-d9fa-12665d1e7472,DCGM_FI_DEV_ROW_REMAP_FAILURE,nvidia-dcgm-exporter,nvidia4,gpu-metrics,,,,4,192.241.129.18:9400,nvidia-dcgm-exporter,NVIDIA A100-SXM4-80GB,nvidia-gpu-operator,nvidia-dcgm-exporter-xq25l,openshift-monitoring/k8s,nvidia-dcgm-exporter,0.0
2024-05-21 16:44:30.772000074,NVIDIA,6.16,G506.0210.00.03,2.0,1652523021837,92.00.45.00.05,535.104.05,12.535.104.05,fmaas-devstage-backen-9cjgj-worker-a100-il-rdma-3-jx6tm,GPU-b30541a1-5408-9bb3-d9fa-12665d1e7472,DCGM_FI_DEV_ROW_REMAP_FAILURE,nvidia-dcgm-exporter,nvidia4,gpu-metrics,,,,4,192.241.129.18:9400,nvidia-dcgm-exporter,NVIDIA A100-SXM4-80GB,nvidia-gpu-operator,nvidia-dcgm-exporter-xq25l,openshift-monitoring/k8s,nvidia-dcgm-exporter,0.0
2024-05-21 16:45:00.772000074,NVIDIA,6.16,G506.0210.00.03,2.0,1652523021837,92.00.45.00.05,535.104.05,12.535.104.05,fmaas-devstage-backen-9cjgj-worker-a100-il-rdma-3-jx6tm,GPU-b30541a1-5408-9bb3-d9fa-12665d1e7472,DCGM_FI_DEV_ROW_REMAP_FAILURE,nvidia-dcgm-exporter,nvidia4,gpu-metrics,,,,4,192.241.129.18:9400,nvidia-dcgm-exporter,NVIDIA A100-SXM4-80GB,nvidia-gpu-operator,nvidia-dcgm-exporter-xq25l,openshift-monitoring/k8s,nvidia-dcgm-exporter,0.0
2024-05-21 16:45:30.772000074,NVIDIA,6.16,G506.0210.00.03,2.0,1652523021837,92.00.45.00.05,535.104.05,12.535.104.05,fmaas-devstage-backen-9cjgj-worker-a100-il-rdma-3-jx6tm,GPU-b30541a1-5408-9bb3-d9fa-12665d1e7472,DCGM_FI_DEV_ROW_REMAP_FAILURE,nvidia-dcgm-exporter,nvidia4,gpu-metrics,,,,4,192.241.129.18:9400,nvidia-dcgm-exporter,NVIDIA A100-SXM4-80GB,nvidia-gpu-operator,nvidia-dcgm-exporter-xq25l,openshift-monitoring/k8s,nvidia-dcgm-exporter,0.0
2024-05-21 16:35:43.667999983,NVIDIA,6.16,G506.0210.00.03,2.0,1652523023451,92.00.45.00.05,535.104.05,12.535.104.05,fmaas-devstage-backen-9cjgj-worker-a100-il-rdma-3-jx6tm,GPU-5a7be2c2-efcc-3083-73b1-eee12a966584,DCGM_FI_DEV_ROW_REMAP_FAILURE,nvidia-dcgm-exporter,nvidia0,gpu-metrics,,,,0,192.241.129.18:9400,nvidia-dcgm-exporter,NVIDIA A100-SXM4-80GB,nvidia-gpu-operator,nvidia-dcgm-exporter-xq25l,openshift-monitoring/k8s,nvidia-dcgm-exporter,0.0
2024-05-21 16:36:00.772000074,NVIDIA,6.16,G506.0210.00.03,2.0,1652523023451,92.00.45.00.05,535.104.05,12.535.104.05,fmaas-devstage-backen-9cjgj-worker-a100-il-rdma-3-jx6tm,GPU-5a7be2c2-efcc-3083-73b1-eee12a966584,DCGM_FI_DEV_ROW_REMAP_FAILURE,nvidia-dcgm-exporter,nvidia0,gpu-metrics,,,,0,192.241.129.18:9400,nvidia-dcgm-exporter,NVIDIA A100-SXM4-80GB,nvidia-gpu-operator,nvidia-dcgm-exporter-xq25l,openshift-monitoring/k8s,nvidia-dcgm-exporter,0.0
2024-05-21 16:36:30.772000074,NVIDIA,6.16,G506.0210.00.03,2.0,1652523023451,92.00.45.00.05,535.104.05,12.535.104.05,fmaas-devstage-backen-9cjgj-worker-a100-il-rdma-3-jx6tm,GPU-5a7be2c2-efcc-3083-73b1-eee12a966584,DCGM_FI_DEV_ROW_REMAP_FAILURE,nvidia-dcgm-exporter,nvidia0,gpu-metrics,,,,0,192.241.129.18:9400,nvidia-dcgm-exporter,NVIDIA A100-SXM4-80GB,nvidia-gpu-operator,nvidia-dcgm-exporter-xq25l,openshift-monitoring/k8s,nvidia-dcgm-exporter,0.0
2024-05-21 16:37:00.772000074,NVIDIA,6.16,G506.0210.00.03,2.0,1652523023451,92.00.45.00.05,535.104.05,12.535.104.05,fmaas-devstage-backen-9cjgj-worker-a100-il-rdma-3-jx6tm,GPU-5a7be2c2-efcc-3083-73b1-eee12a966584,DCGM_FI_DEV_ROW_REMAP_FAILURE,nvidia-dcgm-exporter,nvidia0,gpu-metrics,,,,0,192.241.129.18:9400,nvidia-dcgm-exporter,NVIDIA A100-SXM4-80GB,nvidia-gpu-operator,nvidia-dcgm-exporter-xq25l,openshift-monitoring/k8s,nvidia-dcgm-exporter,0.0
2024-05-21 16:37:30.772000074,NVIDIA,6.16,G506.0210.00.03,2.0,1652523023451,92.00.45.00.05,535.104.05,12.535.104.05,fmaas-devstage-backen-9cjgj-worker-a100-il-rdma-3-jx6tm,GPU-5a7be2c2-efcc-3083-73b1-eee12a966584,DCGM_FI_DEV_ROW_REMAP_FAILURE,nvidia-dcgm-exporter,nvidia0,gpu-metrics,,,,0,192.241.129.18:9400,nvidia-dcgm-exporter,NVIDIA A100-SXM4-80GB,nvidia-gpu-operator,nvidia-dcgm-exporter-xq25l,openshift-monitoring/k8s,nvidia-dcgm-exporter,0.0
2024-05-21 16:38:00.772000074,NVIDIA,6.16,G506.0210.00.03,2.0,1652523023451,92.00.45.00.05,535.104.05,12.535.104.05,fmaas-devstage-backen-9cjgj-worker-a100-il-rdma-3-jx6tm,GPU-5a7be2c2-efcc-3083-73b1-eee12a966584,DCGM_FI_DEV_ROW_REMAP_FAILURE,nvidia-dcgm-exporter,nvidia0,gpu-metrics,,,,0,192.241.129.18:9400,nvidia-dcgm-exporter,NVIDIA A100-SXM4-80GB,nvidia-gpu-operator,nvidia-dcgm-exporter-xq25l,openshift-monitoring/k8s,nvidia-dcgm-exporter,0.0
2024-05-21 16:38:30.772000074,NVIDIA,6.16,G506.0210.00.03,2.0,1652523023451,92.00.45.00.05,535.104.05,12.535.104.05,fmaas-devstage-backen-9cjgj-worker-a100-il-rdma-3-jx6tm,GPU-5a7be2c2-efcc-3083-73b1-eee12a966584,DCGM_FI_DEV_ROW_REMAP_FAILURE,nvidia-dcgm-exporter,nvidia0,gpu-metrics,,,,0,192.241.129.18:9400,nvidia-dcgm-exporter,NVIDIA A100-SXM4-80GB,nvidia-gpu-operator,nvidia-dcgm-exporter-xq25l,openshift-monitoring/k8s,nvidia-dcgm-exporter,0.0
2024-05-21 16:39:00.772000074,NVIDIA,6.16,G506.0210.00.03,2.0,1652523023451,92.00.45.00.05,535.104.05,12.535.104.05,fmaas-devstage-backen-9cjgj-worker-a100-il-rdma-3-jx6tm,GPU-5a7be2c2-efcc-3083-73b1-eee12a966584,DCGM_FI_DEV_ROW_REMAP_FAILURE,nvidia-dcgm-exporter,nvidia0,gpu-metrics,,,,0,192.241.129.18:9400,nvidia-dcgm-exporter,NVIDIA A100-SXM4-80GB,nvidia-gpu-operator,nvidia-dcgm-exporter-xq25l,openshift-monitoring/k8s,nvidia-dcgm-exporter,0.0
2024-05-21 16:39:30.772000074,NVIDIA,6.16,G506.0210.00.03,2.0,1652523023451,92.00.45.00.05,535.104.05,12.535.104.05,fmaas-devstage-backen-9cjgj-worker-a100-il-rdma-3-jx6tm,GPU-5a7be2c2-efcc-3083-73b1-eee12a966584,DCGM_FI_DEV_ROW_REMAP_FAILURE,nvidia-dcgm-exporter,nvidia0,gpu-metrics,,,,0,192.241.129.18:9400,nvidia-dcgm-exporter,NVIDIA A100-SXM4-80GB,nvidia-gpu-operator,nvidia-dcgm-exporter-xq25l,openshift-monitoring/k8s,nvidia-dcgm-exporter,0.0
2024-05-21 16:40:00.772000074,NVIDIA,6.16,G506.0210.00.03,2.0,1652523023451,92.00.45.00.05,535.104.05,12.535.104.05,fmaas-devstage-backen-9cjgj-worker-a100-il-rdma-3-jx6tm,GPU-5a7be2c2-efcc-3083-73b1-eee12a966584,DCGM_FI_DEV_ROW_REMAP_FAILURE,nvidia-dcgm-exporter,nvidia0,gpu-metrics,,,,0,192.241.129.18:9400,nvidia-dcgm-exporter,NVIDIA A100-SXM4-80GB,nvidia-gpu-operator,nvidia-dcgm-exporter-xq25l,openshift-monitoring/k8s,nvidia-dcgm-exporter,0.0
2024-05-21 16:40:30.772000074,NVIDIA,6.16,G506.0210.00.03,2.0,1652523023451,92.00.45.00.05,535.104.05,12.535.104.05,fmaas-devstage-backen-9cjgj-worker-a100-il-rdma-3-jx6tm,GPU-5a7be2c2-efcc-3083-73b1-eee12a966584,DCGM_FI_DEV_ROW_REMAP_FAILURE,nvidia-dcgm-exporter,nvidia0,gpu-metrics,,,,0,192.241.129.18:9400,nvidia-dcgm-exporter,NVIDIA A100-SXM4-80GB,nvidia-gpu-operator,nvidia-dcgm-exporter-xq25l,openshift-monitoring/k8s,nvidia-dcgm-exporter,0.0
2024-05-21 16:41:00.772000074,NVIDIA,6.16,G506.0210.00.03,2.0,1652523023451,92.00.45.00.05,535.104.05,12.535.104.05,fmaas-devstage-backen-9cjgj-worker-a100-il-rdma-3-jx6tm,GPU-5a7be2c2-efcc-3083-73b1-eee12a966584,DCGM_FI_DEV_ROW_REMAP_FAILURE,nvidia-dcgm-exporter,nvidia0,gpu-metrics,,,,0,192.241.129.18:9400,nvidia-dcgm-exporter,NVIDIA A100-SXM4-80GB,nvidia-gpu-operator,nvidia-dcgm-exporter-xq25l,openshift-monitoring/k8s,nvidia-dcgm-exporter,0.0
2024-05-21 16:41:30.772000074,NVIDIA,6.16,G506.0210.00.03,2.0,1652523023451,92.00.45.00.05,535.104.05,12.535.104.05,fmaas-devstage-backen-9cjgj-worker-a100-il-rdma-3-jx6tm,GPU-5a7be2c2-efcc-3083-73b1-eee12a966584,DCGM_FI_DEV_ROW_REMAP_FAILURE,nvidia-dcgm-exporter,nvidia0,gpu-metrics,,,,0,192.241.129.18:9400,nvidia-dcgm-exporter,NVIDIA A100-SXM4-80GB,nvidia-gpu-operator,nvidia-dcgm-exporter-xq25l,openshift-monitoring/k8s,nvidia-dcgm-exporter,0.0
2024-05-21 16:42:00.772000074,NVIDIA,6.16,G506.0210.00.03,2.0,1652523023451,92.00.45.00.05,535.104.05,12.535.104.05,fmaas-devstage-backen-9cjgj-worker-a100-il-rdma-3-jx6tm,GPU-5a7be2c2-efcc-3083-73b1-eee12a966584,DCGM_FI_DEV_ROW_REMAP_FAILURE,nvidia-dcgm-exporter,nvidia0,gpu-metrics,,,,0,192.241.129.18:9400,nvidia-dcgm-exporter,NVIDIA A100-SXM4-80GB,nvidia-gpu-operator,nvidia-dcgm-exporter-xq25l,openshift-monitoring/k8s,nvidia-dcgm-exporter,0.0
2024-05-21 16:42:30.772000074,NVIDIA,6.16,G506.0210.00.03,2.0,1652523023451,92.00.45.00.05,535.104.05,12.535.104.05,fmaas-devstage-backen-9cjgj-worker-a100-il-rdma-3-jx6tm,GPU-5a7be2c2-efcc-3083-73b1-eee12a966584,DCGM_FI_DEV_ROW_REMAP_FAILURE,nvidia-dcgm-exporter,nvidia0,gpu-metrics,,,,0,192.241.129.18:9400,nvidia-dcgm-exporter,NVIDIA A100-SXM4-80GB,nvidia-gpu-operator,nvidia-dcgm-exporter-xq25l,openshift-monitoring/k8s,nvidia-dcgm-exporter,0.0
2024-05-21 16:43:00.772000074,NVIDIA,6.16,G506.0210.00.03,2.0,1652523023451,92.00.45.00.05,535.104.05,12.535.104.05,fmaas-devstage-backen-9cjgj-worker-a100-il-rdma-3-jx6tm,GPU-5a7be2c2-efcc-3083-73b1-eee12a966584,DCGM_FI_DEV_ROW_REMAP_FAILURE,nvidia-dcgm-exporter,nvidia0,gpu-metrics,,,,0,192.241.129.18:9400,nvidia-dcgm-exporter,NVIDIA A100-SXM4-80GB,nvidia-gpu-operator,nvidia-dcgm-exporter-xq25l,openshift-monitoring/k8s,nvidia-dcgm-exporter,0.0
2024-05-21 16:43:30.772000074,NVIDIA,6.16,G506.0210.00.03,2.0,1652523023451,92.00.45.00.05,535.104.05,12.535.104.05,fmaas-devstage-backen-9cjgj-worker-a100-il-rdma-3-jx6tm,GPU-5a7be2c2-efcc-3083-73b1-eee12a966584,DCGM_FI_DEV_ROW_REMAP_FAILURE,nvidia-dcgm-exporter,nvidia0,gpu-metrics,,,,0,192.241.129.18:9400,nvidia-dcgm-exporter,NVIDIA A100-SXM4-80GB,nvidia-gpu-operator,nvidia-dcgm-exporter-xq25l,openshift-monitoring/k8s,nvidia-dcgm-exporter,0.0
2024-05-21 16:44:00.772000074,NVIDIA,6.16,G506.0210.00.03,2.0,1652523023451,92.00.45.00.05,535.104.05,12.535.104.05,fmaas-devstage-backen-9cjgj-worker-a100-il-rdma-3-jx6tm,GPU-5a7be2c2-efcc-3083-73b1-eee12a966584,DCGM_FI_DEV_ROW_REMAP_FAILURE,nvidia-dcgm-exporter,nvidia0,gpu-metrics,,,,0,192.241.129.18:9400,nvidia-dcgm-exporter,NVIDIA A100-SXM4-80GB,nvidia-gpu-operator,nvidia-dcgm-exporter-xq25l,openshift-monitoring/k8s,nvidia-dcgm-exporter,0.0
2024-05-21 16:44:30.772000074,NVIDIA,6.16,G506.0210.00.03,2.0,1652523023451,92.00.45.00.05,535.104.05,12.535.104.05,fmaas-devstage-backen-9cjgj-worker-a100-il-rdma-3-jx6tm,GPU-5a7be2c2-efcc-3083-73b1-eee12a966584,DCGM_FI_DEV_ROW_REMAP_FAILURE,nvidia-dcgm-exporter,nvidia0,gpu-metrics,,,,0,192.241.129.18:9400,nvidia-dcgm-exporter,NVIDIA A100-SXM4-80GB,nvidia-gpu-operator,nvidia-dcgm-exporter-xq25l,openshift-monitoring/k8s,nvidia-dcgm-exporter,0.0
2024-05-21 16:45:00.772000074,NVIDIA,6.16,G506.0210.00.03,2.0,1652523023451,92.00.45.00.05,535.104.05,12.535.104.05,fmaas-devstage-backen-9cjgj-worker-a100-il-rdma-3-jx6tm,GPU-5a7be2c2-efcc-3083-73b1-eee12a966584,DCGM_FI_DEV_ROW_REMAP_FAILURE,nvidia-dcgm-exporter,nvidia0,gpu-metrics,,,,0,192.241.129.18:9400,nvidia-dcgm-exporter,NVIDIA A100-SXM4-80GB,nvidia-gpu-operator,nvidia-dcgm-exporter-xq25l,openshift-monitoring/k8s,nvidia-dcgm-exporter,0.0
2024-05-21 16:45:30.772000074,NVIDIA,6.16,G506.0210.00.03,2.0,1652523023451,92.00.45.00.05,535.104.05,12.535.104.05,fmaas-devstage-backen-9cjgj-worker-a100-il-rdma-3-jx6tm,GPU-5a7be2c2-efcc-3083-73b1-eee12a966584,DCGM_FI_DEV_ROW_REMAP_FAILURE,nvidia-dcgm-exporter,nvidia0,gpu-metrics,,,,0,192.241.129.18:9400,nvidia-dcgm-exporter,NVIDIA A100-SXM4-80GB,nvidia-gpu-operator,nvidia-dcgm-exporter-xq25l,openshift-monitoring/k8s,nvidia-dcgm-exporter,0.0
2024-05-21 16:45:43.667999983,NVIDIA,6.16,G506.0210.00.03,2.0,1652523001873,92.00.45.00.05,535.104.05,12.535.104.05,fmaas-devstage-backen-9cjgj-worker-a100-il-rdma-3-jx6tm,GPU-005a31d4-76ae-2dd3-af84-3b7039e24835,DCGM_FI_DEV_ROW_REMAP_FAILURE,nvidia-dcgm-exporter,nvidia6,gpu-metrics,,,,6,192.241.129.18:9400,nvidia-dcgm-exporter,NVIDIA A100-SXM4-80GB,nvidia-gpu-operator,nvidia-dcgm-exporter-xq25l,openshift-monitoring/k8s,nvidia-dcgm-exporter,0.0
2024-05-21 16:46:00.772000074,NVIDIA,6.16,G506.0210.00.03,2.0,1652523001873,92.00.45.00.05,535.104.05,12.535.104.05,fmaas-devstage-backen-9cjgj-worker-a100-il-rdma-3-jx6tm,GPU-005a31d4-76ae-2dd3-af84-3b7039e24835,DCGM_FI_DEV_ROW_REMAP_FAILURE,nvidia-dcgm-exporter,nvidia6,gpu-metrics,,,,6,192.241.129.18:9400,nvidia-dcgm-exporter,NVIDIA A100-SXM4-80GB,nvidia-gpu-operator,nvidia-dcgm-exporter-xq25l,openshift-monitoring/k8s,nvidia-dcgm-exporter,0.0
2024-05-21 16:46:30.772000074,NVIDIA,6.16,G506.0210.00.03,2.0,1652523001873,92.00.45.00.05,535.104.05,12.535.104.05,fmaas-devstage-backen-9cjgj-worker-a100-il-rdma-3-jx6tm,GPU-005a31d4-76ae-2dd3-af84-3b7039e24835,DCGM_FI_DEV_ROW_REMAP_FAILURE,nvidia-dcgm-exporter,nvidia6,gpu-metrics,,,,6,192.241.129.18:9400,nvidia-dcgm-exporter,NVIDIA A100-SXM4-80GB,nvidia-gpu-operator,nvidia-dcgm-exporter-xq25l,openshift-monitoring/k8s,nvidia-dcgm-exporter,0.0
2024-05-21 16:47:00.772000074,NVIDIA,6.16,G506.0210.00.03,2.0,1652523001873,92.00.45.00.05,535.104.05,12.535.104.05,fmaas-devstage-backen-9cjgj-worker-a100-il-rdma-3-jx6tm,GPU-005a31d4-76ae-2dd3-af84-3b7039e24835,DCGM_FI_DEV_ROW_REMAP_FAILURE,nvidia-dcgm-exporter,nvidia6,gpu-metrics,,,,6,192.241.129.18:9400,nvidia-dcgm-exporter,NVIDIA A100-SXM4-80GB,nvidia-gpu-operator,nvidia-dcgm-exporter-xq25l,openshift-monitoring/k8s,nvidia-dcgm-exporter,0.0
2024-05-21 16:47:30.772000074,NVIDIA,6.16,G506.0210.00.03,2.0,1652523001873,92.00.45.00.05,535.104.05,12.535.104.05,fmaas-devstage-backen-9cjgj-worker-a100-il-rdma-3-jx6tm,GPU-005a31d4-76ae-2dd3-af84-3b7039e24835,DCGM_FI_DEV_ROW_REMAP_FAILURE,nvidia-dcgm-exporter,nvidia6,gpu-metrics,,,,6,192.241.129.18:9400,nvidia-dcgm-exporter,NVIDIA A100-SXM4-80GB,nvidia-gpu-operator,nvidia-dcgm-exporter-xq25l,openshift-monitoring/k8s,nvidia-dcgm-exporter,0.0
2024-05-21 16:48:00.772000074,NVIDIA,6.16,G506.0210.00.03,2.0,1652523001873,92.00.45.00.05,535.104.05,12.535.104.05,fmaas-devstage-backen-9cjgj-worker-a100-il-rdma-3-jx6tm,GPU-005a31d4-76ae-2dd3-af84-3b7039e24835,DCGM_FI_DEV_ROW_REMAP_FAILURE,nvidia-dcgm-exporter,nvidia6,gpu-metrics,,,,6,192.241.129.18:9400,nvidia-dcgm-exporter,NVIDIA A100-SXM4-80GB,nvidia-gpu-operator,nvidia-dcgm-exporter-xq25l,openshift-monitoring/k8s,nvidia-dcgm-exporter,0.0
2024-05-21 16:48:30.772000074,NVIDIA,6.16,G506.0210.00.03,2.0,1652523001873,92.00.45.00.05,535.104.05,12.535.104.05,fmaas-devstage-backen-9cjgj-worker-a100-il-rdma-3-jx6tm,GPU-005a31d4-76ae-2dd3-af84-3b7039e24835,DCGM_FI_DEV_ROW_REMAP_FAILURE,nvidia-dcgm-exporter,nvidia6,gpu-metrics,,,,6,192.241.129.18:9400,nvidia-dcgm-exporter,NVIDIA A100-SXM4-80GB,nvidia-gpu-operator,nvidia-dcgm-exporter-xq25l,openshift-monitoring/k8s,nvidia-dcgm-exporter,0.0
2024-05-21 16:49:00.772000074,NVIDIA,6.16,G506.0210.00.03,2.0,1652523001873,92.00.45.00.05,535.104.05,12.535.104.05,fmaas-devstage-backen-9cjgj-worker-a100-il-rdma-3-jx6tm,GPU-005a31d4-76ae-2dd3-af84-3b7039e24835,DCGM_FI_DEV_ROW_REMAP_FAILURE,nvidia-dcgm-exporter,nvidia6,gpu-metrics,,,,6,192.241.129.18:9400,nvidia-dcgm-exporter,NVIDIA A100-SXM4-80GB,nvidia-gpu-operator,nvidia-dcgm-exporter-xq25l,openshift-monitoring/k8s,nvidia-dcgm-exporter,0.0
2024-05-21 16:49:30.772000074,NVIDIA,6.16,G506.0210.00.03,2.0,1652523001873,92.00.45.00.05,535.104.05,12.535.104.05,fmaas-devstage-backen-9cjgj-worker-a100-il-rdma-3-jx6tm,GPU-005a31d4-76ae-2dd3-af84-3b7039e24835,DCGM_FI_DEV_ROW_REMAP_FAILURE,nvidia-dcgm-exporter,nvidia6,gpu-metrics,,,,6,192.241.129.18:9400,nvidia-dcgm-exporter,NVIDIA A100-SXM4-80GB,nvidia-gpu-operator,nvidia-dcgm-exporter-xq25l,openshift-monitoring/k8s,nvidia-dcgm-exporter,0.0
2024-05-21 16:50:00.772000074,NVIDIA,6.16,G506.0210.00.03,2.0,1652523001873,92.00.45.00.05,535.104.05,12.535.104.05,fmaas-devstage-backen-9cjgj-worker-a100-il-rdma-3-jx6tm,GPU-005a31d4-76ae-2dd3-af84-3b7039e24835,DCGM_FI_DEV_ROW_REMAP_FAILURE,nvidia-dcgm-exporter,nvidia6,gpu-metrics,,,,6,192.241.129.18:9400,nvidia-dcgm-exporter,NVIDIA A100-SXM4-80GB,nvidia-gpu-operator,nvidia-dcgm-exporter-xq25l,openshift-monitoring/k8s,nvidia-dcgm-exporter,0.0
2024-05-21 16:50:30.772000074,NVIDIA,6.16,G506.0210.00.03,2.0,1652523001873,92.00.45.00.05,535.104.05,12.535.104.05,fmaas-devstage-backen-9cjgj-worker-a100-il-rdma-3-jx6tm,GPU-005a31d4-76ae-2dd3-af84-3b7039e24835,DCGM_FI_DEV_ROW_REMAP_FAILURE,nvidia-dcgm-exporter,nvidia6,gpu-metrics,,,,6,192.241.129.18:9400,nvidia-dcgm-exporter,NVIDIA A100-SXM4-80GB,nvidia-gpu-operator,nvidia-dcgm-exporter-xq25l,openshift-monitoring/k8s,nvidia-dcgm-exporter,0.0
2024-05-21 16:51:00.772000074,NVIDIA,6.16,G506.0210.00.03,2.0,1652523001873,92.00.45.00.05,535.104.05,12.535.104.05,fmaas-devstage-backen-9cjgj-worker-a100-il-rdma-3-jx6tm,GPU-005a31d4-76ae-2dd3-af84-3b7039e24835,DCGM_FI_DEV_ROW_REMAP_FAILURE,nvidia-dcgm-exporter,nvidia6,gpu-metrics,,,,6,192.241.129.18:9400,nvidia-dcgm-exporter,NVIDIA A100-SXM4-80GB,nvidia-gpu-operator,nvidia-dcgm-exporter-xq25l,openshift-monitoring/k8s,nvidia-dcgm-exporter,0.0
2024-05-21 16:51:30.772000074,NVIDIA,6.16,G506.0210.00.03,2.0,1652523001873,92.00.45.00.05,535.104.05,12.535.104.05,fmaas-devstage-backen-9cjgj-worker-a100-il-rdma-3-jx6tm,GPU-005a31d4-76ae-2dd3-af84-3b7039e24835,DCGM_FI_DEV_ROW_REMAP_FAILURE,nvidia-dcgm-exporter,nvidia6,gpu-metrics,,,,6,192.241.129.18:9400,nvidia-dcgm-exporter,NVIDIA A100-SXM4-80GB,nvidia-gpu-operator,nvidia-dcgm-exporter-xq25l,openshift-monitoring/k8s,nvidia-dcgm-exporter,0.0
2024-05-21 16:52:00.772000074,NVIDIA,6.16,G506.0210.00.03,2.0,1652523001873,92.00.45.00.05,535.104.05,12.535.104.05,fmaas-devstage-backen-9cjgj-worker-a100-il-rdma-3-jx6tm,GPU-005a31d4-76ae-2dd3-af84-3b7039e24835,DCGM_FI_DEV_ROW_REMAP_FAILURE,nvidia-dcgm-exporter,nvidia6,gpu-metrics,,,,6,192.241.129.18:9400,nvidia-dcgm-exporter,NVIDIA A100-SXM4-80GB,nvidia-gpu-operator,nvidia-dcgm-exporter-xq25l,openshift-monitoring/k8s,nvidia-dcgm-exporter,0.0
2024-05-21 16:52:30.772000074,NVIDIA,6.16,G506.0210.00.03,2.0,1652523001873,92.00.45.00.05,535.104.05,12.535.104.05,fmaas-devstage-backen-9cjgj-worker-a100-il-rdma-3-jx6tm,GPU-005a31d4-76ae-2dd3-af84-3b7039e24835,DCGM_FI_DEV_ROW_REMAP_FAILURE,nvidia-dcgm-exporter,nvidia6,gpu-metrics,,,,6,192.241.129.18:9400,nvidia-dcgm-exporter,NVIDIA A100-SXM4-80GB,nvidia-gpu-operator,nvidia-dcgm-exporter-xq25l,openshift-monitoring/k8s,nvidia-dcgm-exporter,0.0
2024-05-21 16:53:00.772000074,NVIDIA,6.16,G506.0210.00.03,2.0,1652523001873,92.00.45.00.05,535.104.05,12.535.104.05,fmaas-devstage-backen-9cjgj-worker-a100-il-rdma-3-jx6tm,GPU-005a31d4-76ae-2dd3-af84-3b7039e24835,DCGM_FI_DEV_ROW_REMAP_FAILURE,nvidia-dcgm-exporter,nvidia6,gpu-metrics,,,,6,192.241.129.18:9400,nvidia-dcgm-exporter,NVIDIA A100-SXM4-80GB,nvidia-gpu-operator,nvidia-dcgm-exporter-xq25l,openshift-monitoring/k8s,nvidia-dcgm-exporter,0.0
2024-05-21 16:53:30.772000074,NVIDIA,6.16,G506.0210.00.03,2.0,1652523001873,92.00.45.00.05,535.104.05,12.535.104.05,fmaas-devstage-backen-9cjgj-worker-a100-il-rdma-3-jx6tm,GPU-005a31d4-76ae-2dd3-af84-3b7039e24835,DCGM_FI_DEV_ROW_REMAP_FAILURE,nvidia-dcgm-exporter,nvidia6,gpu-metrics,,,,6,192.241.129.18:9400,nvidia-dcgm-exporter,NVIDIA A100-SXM4-80GB,nvidia-gpu-operator,nvidia-dcgm-exporter-xq25l,openshift-monitoring/k8s,nvidia-dcgm-exporter,0.0
2024-05-21 16:54:00.772000074,NVIDIA,6.16,G506.0210.00.03,2.0,1652523001873,92.00.45.00.05,535.104.05,12.535.104.05,fmaas-devstage-backen-9cjgj-worker-a100-il-rdma-3-jx6tm,GPU-005a31d4-76ae-2dd3-af84-3b7039e24835,DCGM_FI_DEV_ROW_REMAP_FAILURE,nvidia-dcgm-exporter,nvidia6,gpu-metrics,,,,6,192.241.129.18:9400,nvidia-dcgm-exporter,NVIDIA A100-SXM4-80GB,nvidia-gpu-operator,nvidia-dcgm-exporter-xq25l,openshift-monitoring/k8s,nvidia-dcgm-exporter,0.0
2024-05-21 16:54:30.772000074,NVIDIA,6.16,G506.0210.00.03,2.0,1652523001873,92.00.45.00.05,535.104.05,12.535.104.05,fmaas-devstage-backen-9cjgj-worker-a100-il-rdma-3-jx6tm,GPU-005a31d4-76ae-2dd3-af84-3b7039e24835,DCGM_FI_DEV_ROW_REMAP_FAILURE,nvidia-dcgm-exporter,nvidia6,gpu-metrics,,,,6,192.241.129.18:9400,nvidia-dcgm-exporter,NVIDIA A100-SXM4-80GB,nvidia-gpu-operator,nvidia-dcgm-exporter-xq25l,openshift-monitoring/k8s,nvidia-dcgm-exporter,0.0
2024-05-21 16:55:00.772000074,NVIDIA,6.16,G506.0210.00.03,2.0,1652523001873,92.00.45.00.05,535.104.05,12.535.104.05,fmaas-devstage-backen-9cjgj-worker-a100-il-rdma-3-jx6tm,GPU-005a31d4-76ae-2dd3-af84-3b7039e24835,DCGM_FI_DEV_ROW_REMAP_FAILURE,nvidia-dcgm-exporter,nvidia6,gpu-metrics,,,,6,192.241.129.18:9400,nvidia-dcgm-exporter,NVIDIA A100-SXM4-80GB,nvidia-gpu-operator,nvidia-dcgm-exporter-xq25l,openshift-monitoring/k8s,nvidia-dcgm-exporter,0.0
2024-05-21 16:55:30.772000074,NVIDIA,6.16,G506.0210.00.03,2.0,1652523001873,92.00.45.00.05,535.104.05,12.535.104.05,fmaas-devstage-backen-9cjgj-worker-a100-il-rdma-3-jx6tm,GPU-005a31d4-76ae-2dd3-af84-3b7039e24835,DCGM_FI_DEV_ROW_REMAP_FAILURE,nvidia-dcgm-exporter,nvidia6,gpu-metrics,,,,6,192.241.129.18:9400,nvidia-dcgm-exporter,NVIDIA A100-SXM4-80GB,nvidia-gpu-operator,nvidia-dcgm-exporter-xq25l,openshift-monitoring/k8s,nvidia-dcgm-exporter,0.0
2024-05-21 16:45:43.667999983,NVIDIA,6.16,G506.0210.00.03,2.0,1652523002864,92.00.45.00.05,535.104.05,12.535.104.05,fmaas-devstage-backen-9cjgj-worker-a100-il-rdma-3-jx6tm,GPU-bd65bd70-5a12-7002-a705-315758f75144,DCGM_FI_DEV_ROW_REMAP_FAILURE,nvidia-dcgm-exporter,nvidia7,gpu-metrics,caikit-runtime,fmaas-tuning,devstage-cais-bcbf7c8fb-pxhmp,7,192.241.129.18:9400,nvidia-dcgm-exporter,NVIDIA A100-SXM4-80GB,nvidia-gpu-operator,nvidia-dcgm-exporter-xq25l,openshift-monitoring/k8s,nvidia-dcgm-exporter,0.0
2024-05-21 16:46:00.772000074,NVIDIA,6.16,G506.0210.00.03,2.0,1652523002864,92.00.45.00.05,535.104.05,12.535.104.05,fmaas-devstage-backen-9cjgj-worker-a100-il-rdma-3-jx6tm,GPU-bd65bd70-5a12-7002-a705-315758f75144,DCGM_FI_DEV_ROW_REMAP_FAILURE,nvidia-dcgm-exporter,nvidia7,gpu-metrics,caikit-runtime,fmaas-tuning,devstage-cais-bcbf7c8fb-pxhmp,7,192.241.129.18:9400,nvidia-dcgm-exporter,NVIDIA A100-SXM4-80GB,nvidia-gpu-operator,nvidia-dcgm-exporter-xq25l,openshift-monitoring/k8s,nvidia-dcgm-exporter,0.0
2024-05-21 16:46:30.772000074,NVIDIA,6.16,G506.0210.00.03,2.0,1652523002864,92.00.45.00.05,535.104.05,12.535.104.05,fmaas-devstage-backen-9cjgj-worker-a100-il-rdma-3-jx6tm,GPU-bd65bd70-5a12-7002-a705-315758f75144,DCGM_FI_DEV_ROW_REMAP_FAILURE,nvidia-dcgm-exporter,nvidia7,gpu-metrics,caikit-runtime,fmaas-tuning,devstage-cais-bcbf7c8fb-pxhmp,7,192.241.129.18:9400,nvidia-dcgm-exporter,NVIDIA A100-SXM4-80GB,nvidia-gpu-operator,nvidia-dcgm-exporter-xq25l,openshift-monitoring/k8s,nvidia-dcgm-exporter,0.0
2024-05-21 16:47:00.772000074,NVIDIA,6.16,G506.0210.00.03,2.0,1652523002864,92.00.45.00.05,535.104.05,12.535.104.05,fmaas-devstage-backen-9cjgj-worker-a100-il-rdma-3-jx6tm,GPU-bd65bd70-5a12-7002-a705-315758f75144,DCGM_FI_DEV_ROW_REMAP_FAILURE,nvidia-dcgm-exporter,nvidia7,gpu-metrics,caikit-runtime,fmaas-tuning,devstage-cais-bcbf7c8fb-pxhmp,7,192.241.129.18:9400,nvidia-dcgm-exporter,NVIDIA A100-SXM4-80GB,nvidia-gpu-operator,nvidia-dcgm-exporter-xq25l,openshift-monitoring/k8s,nvidia-dcgm-exporter,0.0
2024-05-21 16:47:30.772000074,NVIDIA,6.16,G506.0210.00.03,2.0,1652523002864,92.00.45.00.05,535.104.05,12.535.104.05,fmaas-devstage-backen-9cjgj-worker-a100-il-rdma-3-jx6tm,GPU-bd65bd70-5a12-7002-a705-315758f75144,DCGM_FI_DEV_ROW_REMAP_FAILURE,nvidia-dcgm-exporter,nvidia7,gpu-metrics,caikit-runtime,fmaas-tuning,devstage-cais-bcbf7c8fb-pxhmp,7,192.241.129.18:9400,nvidia-dcgm-exporter,NVIDIA A100-SXM4-80GB,nvidia-gpu-operator,nvidia-dcgm-exporter-xq25l,openshift-monitoring/k8s,nvidia-dcgm-exporter,0.0
2024-05-21 16:48:00.772000074,NVIDIA,6.16,G506.0210.00.03,2.0,1652523002864,92.00.45.00.05,535.104.05,12.535.104.05,fmaas-devstage-backen-9cjgj-worker-a100-il-rdma-3-jx6tm,GPU-bd65bd70-5a12-7002-a705-315758f75144,DCGM_FI_DEV_ROW_REMAP_FAILURE,nvidia-dcgm-exporter,nvidia7,gpu-metrics,caikit-runtime,fmaas-tuning,devstage-cais-bcbf7c8fb-pxhmp,7,192.241.129.18:9400,nvidia-dcgm-exporter,NVIDIA A100-SXM4-80GB,nvidia-gpu-operator,nvidia-dcgm-exporter-xq25l,openshift-monitoring/k8s,nvidia-dcgm-exporter,0.0
2024-05-21 16:48:30.772000074,NVIDIA,6.16,G506.0210.00.03,2.0,1652523002864,92.00.45.00.05,535.104.05,12.535.104.05,fmaas-devstage-backen-9cjgj-worker-a100-il-rdma-3-jx6tm,GPU-bd65bd70-5a12-7002-a705-315758f75144,DCGM_FI_DEV_ROW_REMAP_FAILURE,nvidia-dcgm-exporter,nvidia7,gpu-metrics,caikit-runtime,fmaas-tuning,devstage-cais-bcbf7c8fb-pxhmp,7,192.241.129.18:9400,nvidia-dcgm-exporter,NVIDIA A100-SXM4-80GB,nvidia-gpu-operator,nvidia-dcgm-exporter-xq25l,openshift-monitoring/k8s,nvidia-dcgm-exporter,0.0
2024-05-21 16:49:00.772000074,NVIDIA,6.16,G506.0210.00.03,2.0,1652523002864,92.00.45.00.05,535.104.05,12.535.104.05,fmaas-devstage-backen-9cjgj-worker-a100-il-rdma-3-jx6tm,GPU-bd65bd70-5a12-7002-a705-315758f75144,DCGM_FI_DEV_ROW_REMAP_FAILURE,nvidia-dcgm-exporter,nvidia7,gpu-metrics,caikit-runtime,fmaas-tuning,devstage-cais-bcbf7c8fb-pxhmp,7,192.241.129.18:9400,nvidia-dcgm-exporter,NVIDIA A100-SXM4-80GB,nvidia-gpu-operator,nvidia-dcgm-exporter-xq25l,openshift-monitoring/k8s,nvidia-dcgm-exporter,0.0
2024-05-21 16:49:30.772000074,NVIDIA,6.16,G506.0210.00.03,2.0,1652523002864,92.00.45.00.05,535.104.05,12.535.104.05,fmaas-devstage-backen-9cjgj-worker-a100-il-rdma-3-jx6tm,GPU-bd65bd70-5a12-7002-a705-315758f75144,DCGM_FI_DEV_ROW_REMAP_FAILURE,nvidia-dcgm-exporter,nvidia7,gpu-metrics,caikit-runtime,fmaas-tuning,devstage-cais-bcbf7c8fb-pxhmp,7,192.241.129.18:9400,nvidia-dcgm-exporter,NVIDIA A100-SXM4-80GB,nvidia-gpu-operator,nvidia-dcgm-exporter-xq25l,openshift-monitoring/k8s,nvidia-dcgm-exporter,0.0
2024-05-21 16:50:00.772000074,NVIDIA,6.16,G506.0210.00.03,2.0,1652523002864,92.00.45.00.05,535.104.05,12.535.104.05,fmaas-devstage-backen-9cjgj-worker-a100-il-rdma-3-jx6tm,GPU-bd65bd70-5a12-7002-a705-315758f75144,DCGM_FI_DEV_ROW_REMAP_FAILURE,nvidia-dcgm-exporter,nvidia7,gpu-metrics,caikit-runtime,fmaas-tuning,devstage-cais-bcbf7c8fb-pxhmp,7,192.241.129.18:9400,nvidia-dcgm-exporter,NVIDIA A100-SXM4-80GB,nvidia-gpu-operator,nvidia-dcgm-exporter-xq25l,openshift-monitoring/k8s,nvidia-dcgm-exporter,0.0
2024-05-21 16:50:30.772000074,NVIDIA,6.16,G506.0210.00.03,2.0,1652523002864,92.00.45.00.05,535.104.05,12.535.104.05,fmaas-devstage-backen-9cjgj-worker-a100-il-rdma-3-jx6tm,GPU-bd65bd70-5a12-7002-a705-315758f75144,DCGM_FI_DEV_ROW_REMAP_FAILURE,nvidia-dcgm-exporter,nvidia7,gpu-metrics,caikit-runtime,fmaas-tuning,devstage-cais-bcbf7c8fb-pxhmp,7,192.241.129.18:9400,nvidia-dcgm-exporter,NVIDIA A100-SXM4-80GB,nvidia-gpu-operator,nvidia-dcgm-exporter-xq25l,openshift-monitoring/k8s,nvidia-dcgm-exporter,0.0
2024-05-21 16:51:00.772000074,NVIDIA,6.16,G506.0210.00.03,2.0,1652523002864,92.00.45.00.05,535.104.05,12.535.104.05,fmaas-devstage-backen-9cjgj-worker-a100-il-rdma-3-jx6tm,GPU-bd65bd70-5a12-7002-a705-315758f75144,DCGM_FI_DEV_ROW_REMAP_FAILURE,nvidia-dcgm-exporter,nvidia7,gpu-metrics,caikit-runtime,fmaas-tuning,devstage-cais-bcbf7c8fb-pxhmp,7,192.241.129.18:9400,nvidia-dcgm-exporter,NVIDIA A100-SXM4-80GB,nvidia-gpu-operator,nvidia-dcgm-exporter-xq25l,openshift-monitoring/k8s,nvidia-dcgm-exporter,0.0
2024-05-21 16:51:30.772000074,NVIDIA,6.16,G506.0210.00.03,2.0,1652523002864,92.00.45.00.05,535.104.05,12.535.104.05,fmaas-devstage-backen-9cjgj-worker-a100-il-rdma-3-jx6tm,GPU-bd65bd70-5a12-7002-a705-315758f75144,DCGM_FI_DEV_ROW_REMAP_FAILURE,nvidia-dcgm-exporter,nvidia7,gpu-metrics,caikit-runtime,fmaas-tuning,devstage-cais-bcbf7c8fb-pxhmp,7,192.241.129.18:9400,nvidia-dcgm-exporter,NVIDIA A100-SXM4-80GB,nvidia-gpu-operator,nvidia-dcgm-exporter-xq25l,openshift-monitoring/k8s,nvidia-dcgm-exporter,0.0
2024-05-21 16:52:00.772000074,NVIDIA,6.16,G506.0210.00.03,2.0,1652523002864,92.00.45.00.05,535.104.05,12.535.104.05,fmaas-devstage-backen-9cjgj-worker-a100-il-rdma-3-jx6tm,GPU-bd65bd70-5a12-7002-a705-315758f75144,DCGM_FI_DEV_ROW_REMAP_FAILURE,nvidia-dcgm-exporter,nvidia7,gpu-metrics,caikit-runtime,fmaas-tuning,devstage-cais-bcbf7c8fb-pxhmp,7,192.241.129.18:9400,nvidia-dcgm-exporter,NVIDIA A100-SXM4-80GB,nvidia-gpu-operator,nvidia-dcgm-exporter-xq25l,openshift-monitoring/k8s,nvidia-dcgm-exporter,0.0
2024-05-21 16:52:30.772000074,NVIDIA,6.16,G506.0210.00.03,2.0,1652523002864,92.00.45.00.05,535.104.05,12.535.104.05,fmaas-devstage-backen-9cjgj-worker-a100-il-rdma-3-jx6tm,GPU-bd65bd70-5a12-7002-a705-315758f75144,DCGM_FI_DEV_ROW_REMAP_FAILURE,nvidia-dcgm-exporter,nvidia7,gpu-metrics,caikit-runtime,fmaas-tuning,devstage-cais-bcbf7c8fb-pxhmp,7,192.241.129.18:9400,nvidia-dcgm-exporter,NVIDIA A100-SXM4-80GB,nvidia-gpu-operator,nvidia-dcgm-exporter-xq25l,openshift-monitoring/k8s,nvidia-dcgm-exporter,0.0
2024-05-21 16:53:00.772000074,NVIDIA,6.16,G506.0210.00.03,2.0,1652523002864,92.00.45.00.05,535.104.05,12.535.104.05,fmaas-devstage-backen-9cjgj-worker-a100-il-rdma-3-jx6tm,GPU-bd65bd70-5a12-7002-a705-315758f75144,DCGM_FI_DEV_ROW_REMAP_FAILURE,nvidia-dcgm-exporter,nvidia7,gpu-metrics,caikit-runtime,fmaas-tuning,devstage-cais-bcbf7c8fb-pxhmp,7,192.241.129.18:9400,nvidia-dcgm-exporter,NVIDIA A100-SXM4-80GB,nvidia-gpu-operator,nvidia-dcgm-exporter-xq25l,openshift-monitoring/k8s,nvidia-dcgm-exporter,0.0
2024-05-21 16:53:30.772000074,NVIDIA,6.16,G506.0210.00.03,2.0,1652523002864,92.00.45.00.05,535.104.05,12.535.104.05,fmaas-devstage-backen-9cjgj-worker-a100-il-rdma-3-jx6tm,GPU-bd65bd70-5a12-7002-a705-315758f75144,DCGM_FI_DEV_ROW_REMAP_FAILURE,nvidia-dcgm-exporter,nvidia7,gpu-metrics,caikit-runtime,fmaas-tuning,devstage-cais-bcbf7c8fb-pxhmp,7,192.241.129.18:9400,nvidia-dcgm-exporter,NVIDIA A100-SXM4-80GB,nvidia-gpu-operator,nvidia-dcgm-exporter-xq25l,openshift-monitoring/k8s,nvidia-dcgm-exporter,0.0
2024-05-21 16:54:00.772000074,NVIDIA,6.16,G506.0210.00.03,2.0,1652523002864,92.00.45.00.05,535.104.05,12.535.104.05,fmaas-devstage-backen-9cjgj-worker-a100-il-rdma-3-jx6tm,GPU-bd65bd70-5a12-7002-a705-315758f75144,DCGM_FI_DEV_ROW_REMAP_FAILURE,nvidia-dcgm-exporter,nvidia7,gpu-metrics,caikit-runtime,fmaas-tuning,devstage-cais-bcbf7c8fb-pxhmp,7,192.241.129.18:9400,nvidia-dcgm-exporter,NVIDIA A100-SXM4-80GB,nvidia-gpu-operator,nvidia-dcgm-exporter-xq25l,openshift-monitoring/k8s,nvidia-dcgm-exporter,0.0
2024-05-21 16:54:30.772000074,NVIDIA,6.16,G506.0210.00.03,2.0,1652523002864,92.00.45.00.05,535.104.05,12.535.104.05,fmaas-devstage-backen-9cjgj-worker-a100-il-rdma-3-jx6tm,GPU-bd65bd70-5a12-7002-a705-315758f75144,DCGM_FI_DEV_ROW_REMAP_FAILURE,nvidia-dcgm-exporter,nvidia7,gpu-metrics,caikit-runtime,fmaas-tuning,devstage-cais-bcbf7c8fb-pxhmp,7,192.241.129.18:9400,nvidia-dcgm-exporter,NVIDIA A100-SXM4-80GB,nvidia-gpu-operator,nvidia-dcgm-exporter-xq25l,openshift-monitoring/k8s,nvidia-dcgm-exporter,0.0
2024-05-21 16:55:00.772000074,NVIDIA,6.16,G506.0210.00.03,2.0,1652523002864,92.00.45.00.05,535.104.05,12.535.104.05,fmaas-devstage-backen-9cjgj-worker-a100-il-rdma-3-jx6tm,GPU-bd65bd70-5a12-7002-a705-315758f75144,DCGM_FI_DEV_ROW_REMAP_FAILURE,nvidia-dcgm-exporter,nvidia7,gpu-metrics,caikit-runtime,fmaas-tuning,devstage-cais-bcbf7c8fb-pxhmp,7,192.241.129.18:9400,nvidia-dcgm-exporter,NVIDIA A100-SXM4-80GB,nvidia-gpu-operator,nvidia-dcgm-exporter-xq25l,openshift-monitoring/k8s,nvidia-dcgm-exporter,0.0
2024-05-21 16:55:30.772000074,NVIDIA,6.16,G506.0210.00.03,2.0,1652523002864,92.00.45.00.05,535.104.05,12.535.104.05,fmaas-devstage-backen-9cjgj-worker-a100-il-rdma-3-jx6tm,GPU-bd65bd70-5a12-7002-a705-315758f75144,DCGM_FI_DEV_ROW_REMAP_FAILURE,nvidia-dcgm-exporter,nvidia7,gpu-metrics,caikit-runtime,fmaas-tuning,devstage-cais-bcbf7c8fb-pxhmp,7,192.241.129.18:9400,nvidia-dcgm-exporter,NVIDIA A100-SXM4-80GB,nvidia-gpu-operator,nvidia-dcgm-exporter-xq25l,openshift-monitoring/k8s,nvidia-dcgm-exporter,0.0
2024-05-21 16:45:43.667999983,NVIDIA,6.16,G506.0210.00.03,2.0,1652523003950,92.00.45.00.05,535.104.05,12.535.104.05,fmaas-devstage-backen-9cjgj-worker-a100-il-rdma-3-jx6tm,GPU-ed198df6-90a8-c0bf-17bb-f1171d39c5dd,DCGM_FI_DEV_ROW_REMAP_FAILURE,nvidia-dcgm-exporter,nvidia1,gpu-metrics,,,,1,192.241.129.18:9400,nvidia-dcgm-exporter,NVIDIA A100-SXM4-80GB,nvidia-gpu-operator,nvidia-dcgm-exporter-xq25l,openshift-monitoring/k8s,nvidia-dcgm-exporter,0.0
2024-05-21 16:46:00.772000074,NVIDIA,6.16,G506.0210.00.03,2.0,1652523003950,92.00.45.00.05,535.104.05,12.535.104.05,fmaas-devstage-backen-9cjgj-worker-a100-il-rdma-3-jx6tm,GPU-ed198df6-90a8-c0bf-17bb-f1171d39c5dd,DCGM_FI_DEV_ROW_REMAP_FAILURE,nvidia-dcgm-exporter,nvidia1,gpu-metrics,,,,1,192.241.129.18:9400,nvidia-dcgm-exporter,NVIDIA A100-SXM4-80GB,nvidia-gpu-operator,nvidia-dcgm-exporter-xq25l,openshift-monitoring/k8s,nvidia-dcgm-exporter,0.0
2024-05-21 16:46:30.772000074,NVIDIA,6.16,G506.0210.00.03,2.0,1652523003950,92.00.45.00.05,535.104.05,12.535.104.05,fmaas-devstage-backen-9cjgj-worker-a100-il-rdma-3-jx6tm,GPU-ed198df6-90a8-c0bf-17bb-f1171d39c5dd,DCGM_FI_DEV_ROW_REMAP_FAILURE,nvidia-dcgm-exporter,nvidia1,gpu-metrics,,,,1,192.241.129.18:9400,nvidia-dcgm-exporter,NVIDIA A100-SXM4-80GB,nvidia-gpu-operator,nvidia-dcgm-exporter-xq25l,openshift-monitoring/k8s,nvidia-dcgm-exporter,0.0
2024-05-21 16:47:00.772000074,NVIDIA,6.16,G506.0210.00.03,2.0,1652523003950,92.00.45.00.05,535.104.05,12.535.104.05,fmaas-devstage-backen-9cjgj-worker-a100-il-rdma-3-jx6tm,GPU-ed198df6-90a8-c0bf-17bb-f1171d39c5dd,DCGM_FI_DEV_ROW_REMAP_FAILURE,nvidia-dcgm-exporter,nvidia1,gpu-metrics,,,,1,192.241.129.18:9400,nvidia-dcgm-exporter,NVIDIA A100-SXM4-80GB,nvidia-gpu-operator,nvidia-dcgm-exporter-xq25l,openshift-monitoring/k8s,nvidia-dcgm-exporter,0.0
2024-05-21 16:47:30.772000074,NVIDIA,6.16,G506.0210.00.03,2.0,1652523003950,92.00.45.00.05,535.104.05,12.535.104.05,fmaas-devstage-backen-9cjgj-worker-a100-il-rdma-3-jx6tm,GPU-ed198df6-90a8-c0bf-17bb-f1171d39c5dd,DCGM_FI_DEV_ROW_REMAP_FAILURE,nvidia-dcgm-exporter,nvidia1,gpu-metrics,,,,1,192.241.129.18:9400,nvidia-dcgm-exporter,NVIDIA A100-SXM4-80GB,nvidia-gpu-operator,nvidia-dcgm-exporter-xq25l,openshift-monitoring/k8s,nvidia-dcgm-exporter,0.0
2024-05-21 16:48:00.772000074,NVIDIA,6.16,G506.0210.00.03,2.0,1652523003950,92.00.45.00.05,535.104.05,12.535.104.05,fmaas-devstage-backen-9cjgj-worker-a100-il-rdma-3-jx6tm,GPU-ed198df6-90a8-c0bf-17bb-f1171d39c5dd,DCGM_FI_DEV_ROW_REMAP_FAILURE,nvidia-dcgm-exporter,nvidia1,gpu-metrics,,,,1,192.241.129.18:9400,nvidia-dcgm-exporter,NVIDIA A100-SXM4-80GB,nvidia-gpu-operator,nvidia-dcgm-exporter-xq25l,openshift-monitoring/k8s,nvidia-dcgm-exporter,0.0
2024-05-21 16:48:30.772000074,NVIDIA,6.16,G506.0210.00.03,2.0,1652523003950,92.00.45.00.05,535.104.05,12.535.104.05,fmaas-devstage-backen-9cjgj-worker-a100-il-rdma-3-jx6tm,GPU-ed198df6-90a8-c0bf-17bb-f1171d39c5dd,DCGM_FI_DEV_ROW_REMAP_FAILURE,nvidia-dcgm-exporter,nvidia1,gpu-metrics,,,,1,192.241.129.18:9400,nvidia-dcgm-exporter,NVIDIA A100-SXM4-80GB,nvidia-gpu-operator,nvidia-dcgm-exporter-xq25l,openshift-monitoring/k8s,nvidia-dcgm-exporter,0.0
2024-05-21 16:49:00.772000074,NVIDIA,6.16,G506.0210.00.03,2.0,1652523003950,92.00.45.00.05,535.104.05,12.535.104.05,fmaas-devstage-backen-9cjgj-worker-a100-il-rdma-3-jx6tm,GPU-ed198df6-90a8-c0bf-17bb-f1171d39c5dd,DCGM_FI_DEV_ROW_REMAP_FAILURE,nvidia-dcgm-exporter,nvidia1,gpu-metrics,,,,1,192.241.129.18:9400,nvidia-dcgm-exporter,NVIDIA A100-SXM4-80GB,nvidia-gpu-operator,nvidia-dcgm-exporter-xq25l,openshift-monitoring/k8s,nvidia-dcgm-exporter,0.0
2024-05-21 16:49:30.772000074,NVIDIA,6.16,G506.0210.00.03,2.0,1652523003950,92.00.45.00.05,535.104.05,12.535.104.05,fmaas-devstage-backen-9cjgj-worker-a100-il-rdma-3-jx6tm,GPU-ed198df6-90a8-c0bf-17bb-f1171d39c5dd,DCGM_FI_DEV_ROW_REMAP_FAILURE,nvidia-dcgm-exporter,nvidia1,gpu-metrics,,,,1,192.241.129.18:9400,nvidia-dcgm-exporter,NVIDIA A100-SXM4-80GB,nvidia-gpu-operator,nvidia-dcgm-exporter-xq25l,openshift-monitoring/k8s,nvidia-dcgm-exporter,0.0
2024-05-21 16:50:00.772000074,NVIDIA,6.16,G506.0210.00.03,2.0,1652523003950,92.00.45.00.05,535.104.05,12.535.104.05,fmaas-devstage-backen-9cjgj-worker-a100-il-rdma-3-jx6tm,GPU-ed198df6-90a8-c0bf-17bb-f1171d39c5dd,DCGM_FI_DEV_ROW_REMAP_FAILURE,nvidia-dcgm-exporter,nvidia1,gpu-metrics,,,,1,192.241.129.18:9400,nvidia-dcgm-exporter,NVIDIA A100-SXM4-80GB,nvidia-gpu-operator,nvidia-dcgm-exporter-xq25l,openshift-monitoring/k8s,nvidia-dcgm-exporter,0.0
2024-05-21 16:50:30.772000074,NVIDIA,6.16,G506.0210.00.03,2.0,1652523003950,92.00.45.00.05,535.104.05,12.535.104.05,fmaas-devstage-backen-9cjgj-worker-a100-il-rdma-3-jx6tm,GPU-ed198df6-90a8-c0bf-17bb-f1171d39c5dd,DCGM_FI_DEV_ROW_REMAP_FAILURE,nvidia-dcgm-exporter,nvidia1,gpu-metrics,,,,1,192.241.129.18:9400,nvidia-dcgm-exporter,NVIDIA A100-SXM4-80GB,nvidia-gpu-operator,nvidia-dcgm-exporter-xq25l,openshift-monitoring/k8s,nvidia-dcgm-exporter,0.0
2024-05-21 16:51:00.772000074,NVIDIA,6.16,G506.0210.00.03,2.0,1652523003950,92.00.45.00.05,535.104.05,12.535.104.05,fmaas-devstage-backen-9cjgj-worker-a100-il-rdma-3-jx6tm,GPU-ed198df6-90a8-c0bf-17bb-f1171d39c5dd,DCGM_FI_DEV_ROW_REMAP_FAILURE,nvidia-dcgm-exporter,nvidia1,gpu-metrics,,,,1,192.241.129.18:9400,nvidia-dcgm-exporter,NVIDIA A100-SXM4-80GB,nvidia-gpu-operator,nvidia-dcgm-exporter-xq25l,openshift-monitoring/k8s,nvidia-dcgm-exporter,0.0
2024-05-21 16:51:30.772000074,NVIDIA,6.16,G506.0210.00.03,2.0,1652523003950,92.00.45.00.05,535.104.05,12.535.104.05,fmaas-devstage-backen-9cjgj-worker-a100-il-rdma-3-jx6tm,GPU-ed198df6-90a8-c0bf-17bb-f1171d39c5dd,DCGM_FI_DEV_ROW_REMAP_FAILURE,nvidia-dcgm-exporter,nvidia1,gpu-metrics,,,,1,192.241.129.18:9400,nvidia-dcgm-exporter,NVIDIA A100-SXM4-80GB,nvidia-gpu-operator,nvidia-dcgm-exporter-xq25l,openshift-monitoring/k8s,nvidia-dcgm-exporter,0.0
2024-05-21 16:52:00.772000074,NVIDIA,6.16,G506.0210.00.03,2.0,1652523003950,92.00.45.00.05,535.104.05,12.535.104.05,fmaas-devstage-backen-9cjgj-worker-a100-il-rdma-3-jx6tm,GPU-ed198df6-90a8-c0bf-17bb-f1171d39c5dd,DCGM_FI_DEV_ROW_REMAP_FAILURE,nvidia-dcgm-exporter,nvidia1,gpu-metrics,,,,1,192.241.129.18:9400,nvidia-dcgm-exporter,NVIDIA A100-SXM4-80GB,nvidia-gpu-operator,nvidia-dcgm-exporter-xq25l,openshift-monitoring/k8s,nvidia-dcgm-exporter,0.0
2024-05-21 16:52:30.772000074,NVIDIA,6.16,G506.0210.00.03,2.0,1652523003950,92.00.45.00.05,535.104.05,12.535.104.05,fmaas-devstage-backen-9cjgj-worker-a100-il-rdma-3-jx6tm,GPU-ed198df6-90a8-c0bf-17bb-f1171d39c5dd,DCGM_FI_DEV_ROW_REMAP_FAILURE,nvidia-dcgm-exporter,nvidia1,gpu-metrics,,,,1,192.241.129.18:9400,nvidia-dcgm-exporter,NVIDIA A100-SXM4-80GB,nvidia-gpu-operator,nvidia-dcgm-exporter-xq25l,openshift-monitoring/k8s,nvidia-dcgm-exporter,0.0
2024-05-21 16:53:00.772000074,NVIDIA,6.16,G506.0210.00.03,2.0,1652523003950,92.00.45.00.05,535.104.05,12.535.104.05,fmaas-devstage-backen-9cjgj-worker-a100-il-rdma-3-jx6tm,GPU-ed198df6-90a8-c0bf-17bb-f1171d39c5dd,DCGM_FI_DEV_ROW_REMAP_FAILURE,nvidia-dcgm-exporter,nvidia1,gpu-metrics,,,,1,192.241.129.18:9400,nvidia-dcgm-exporter,NVIDIA A100-SXM4-80GB,nvidia-gpu-operator,nvidia-dcgm-exporter-xq25l,openshift-monitoring/k8s,nvidia-dcgm-exporter,0.0
2024-05-21 16:53:30.772000074,NVIDIA,6.16,G506.0210.00.03,2.0,1652523003950,92.00.45.00.05,535.104.05,12.535.104.05,fmaas-devstage-backen-9cjgj-worker-a100-il-rdma-3-jx6tm,GPU-ed198df6-90a8-c0bf-17bb-f1171d39c5dd,DCGM_FI_DEV_ROW_REMAP_FAILURE,nvidia-dcgm-exporter,nvidia1,gpu-metrics,,,,1,192.241.129.18:9400,nvidia-dcgm-exporter,NVIDIA A100-SXM4-80GB,nvidia-gpu-operator,nvidia-dcgm-exporter-xq25l,openshift-monitoring/k8s,nvidia-dcgm-exporter,0.0
2024-05-21 16:54:00.772000074,NVIDIA,6.16,G506.0210.00.03,2.0,1652523003950,92.00.45.00.05,535.104.05,12.535.104.05,fmaas-devstage-backen-9cjgj-worker-a100-il-rdma-3-jx6tm,GPU-ed198df6-90a8-c0bf-17bb-f1171d39c5dd,DCGM_FI_DEV_ROW_REMAP_FAILURE,nvidia-dcgm-exporter,nvidia1,gpu-metrics,,,,1,192.241.129.18:9400,nvidia-dcgm-exporter,NVIDIA A100-SXM4-80GB,nvidia-gpu-operator,nvidia-dcgm-exporter-xq25l,openshift-monitoring/k8s,nvidia-dcgm-exporter,0.0
2024-05-21 16:54:30.772000074,NVIDIA,6.16,G506.0210.00.03,2.0,1652523003950,92.00.45.00.05,535.104.05,12.535.104.05,fmaas-devstage-backen-9cjgj-worker-a100-il-rdma-3-jx6tm,GPU-ed198df6-90a8-c0bf-17bb-f1171d39c5dd,DCGM_FI_DEV_ROW_REMAP_FAILURE,nvidia-dcgm-exporter,nvidia1,gpu-metrics,,,,1,192.241.129.18:9400,nvidia-dcgm-exporter,NVIDIA A100-SXM4-80GB,nvidia-gpu-operator,nvidia-dcgm-exporter-xq25l,openshift-monitoring/k8s,nvidia-dcgm-exporter,0.0
2024-05-21 16:55:00.772000074,NVIDIA,6.16,G506.0210.00.03,2.0,1652523003950,92.00.45.00.05,535.104.05,12.535.104.05,fmaas-devstage-backen-9cjgj-worker-a100-il-rdma-3-jx6tm,GPU-ed198df6-90a8-c0bf-17bb-f1171d39c5dd,DCGM_FI_DEV_ROW_REMAP_FAILURE,nvidia-dcgm-exporter,nvidia1,gpu-metrics,,,,1,192.241.129.18:9400,nvidia-dcgm-exporter,NVIDIA A100-SXM4-80GB,nvidia-gpu-operator,nvidia-dcgm-exporter-xq25l,openshift-monitoring/k8s,nvidia-dcgm-exporter,0.0
2024-05-21 16:55:30.772000074,NVIDIA,6.16,G506.0210.00.03,2.0,1652523003950,92.00.45.00.05,535.104.05,12.535.104.05,fmaas-devstage-backen-9cjgj-worker-a100-il-rdma-3-jx6tm,GPU-ed198df6-90a8-c0bf-17bb-f1171d39c5dd,DCGM_FI_DEV_ROW_REMAP_FAILURE,nvidia-dcgm-exporter,nvidia1,gpu-metrics,,,,1,192.241.129.18:9400,nvidia-dcgm-exporter,NVIDIA A100-SXM4-80GB,nvidia-gpu-operator,nvidia-dcgm-exporter-xq25l,openshift-monitoring/k8s,nvidia-dcgm-exporter,0.0
2024-05-21 16:45:43.667999983,NVIDIA,6.16,G506.0210.00.03,2.0,1652523003996,92.00.45.00.05,535.104.05,12.535.104.05,fmaas-devstage-backen-9cjgj-worker-a100-il-rdma-3-jx6tm,GPU-f94e20f3-b883-1dc9-1c93-9769594edc6a,DCGM_FI_DEV_ROW_REMAP_FAILURE,nvidia-dcgm-exporter,nvidia2,gpu-metrics,base,fmaas-monitoring,llama3,2,192.241.129.18:9400,nvidia-dcgm-exporter,NVIDIA A100-SXM4-80GB,nvidia-gpu-operator,nvidia-dcgm-exporter-xq25l,openshift-monitoring/k8s,nvidia-dcgm-exporter,0.0
2024-05-21 16:46:00.772000074,NVIDIA,6.16,G506.0210.00.03,2.0,1652523003996,92.00.45.00.05,535.104.05,12.535.104.05,fmaas-devstage-backen-9cjgj-worker-a100-il-rdma-3-jx6tm,GPU-f94e20f3-b883-1dc9-1c93-9769594edc6a,DCGM_FI_DEV_ROW_REMAP_FAILURE,nvidia-dcgm-exporter,nvidia2,gpu-metrics,base,fmaas-monitoring,llama3,2,192.241.129.18:9400,nvidia-dcgm-exporter,NVIDIA A100-SXM4-80GB,nvidia-gpu-operator,nvidia-dcgm-exporter-xq25l,openshift-monitoring/k8s,nvidia-dcgm-exporter,0.0
2024-05-21 16:46:30.772000074,NVIDIA,6.16,G506.0210.00.03,2.0,1652523003996,92.00.45.00.05,535.104.05,12.535.104.05,fmaas-devstage-backen-9cjgj-worker-a100-il-rdma-3-jx6tm,GPU-f94e20f3-b883-1dc9-1c93-9769594edc6a,DCGM_FI_DEV_ROW_REMAP_FAILURE,nvidia-dcgm-exporter,nvidia2,gpu-metrics,base,fmaas-monitoring,llama3,2,192.241.129.18:9400,nvidia-dcgm-exporter,NVIDIA A100-SXM4-80GB,nvidia-gpu-operator,nvidia-dcgm-exporter-xq25l,openshift-monitoring/k8s,nvidia-dcgm-exporter,0.0
2024-05-21 16:47:00.772000074,NVIDIA,6.16,G506.0210.00.03,2.0,1652523003996,92.00.45.00.05,535.104.05,12.535.104.05,fmaas-devstage-backen-9cjgj-worker-a100-il-rdma-3-jx6tm,GPU-f94e20f3-b883-1dc9-1c93-9769594edc6a,DCGM_FI_DEV_ROW_REMAP_FAILURE,nvidia-dcgm-exporter,nvidia2,gpu-metrics,base,fmaas-monitoring,llama3,2,192.241.129.18:9400,nvidia-dcgm-exporter,NVIDIA A100-SXM4-80GB,nvidia-gpu-operator,nvidia-dcgm-exporter-xq25l,openshift-monitoring/k8s,nvidia-dcgm-exporter,0.0
2024-05-21 16:47:30.772000074,NVIDIA,6.16,G506.0210.00.03,2.0,1652523003996,92.00.45.00.05,535.104.05,12.535.104.05,fmaas-devstage-backen-9cjgj-worker-a100-il-rdma-3-jx6tm,GPU-f94e20f3-b883-1dc9-1c93-9769594edc6a,DCGM_FI_DEV_ROW_REMAP_FAILURE,nvidia-dcgm-exporter,nvidia2,gpu-metrics,base,fmaas-monitoring,llama3,2,192.241.129.18:9400,nvidia-dcgm-exporter,NVIDIA A100-SXM4-80GB,nvidia-gpu-operator,nvidia-dcgm-exporter-xq25l,openshift-monitoring/k8s,nvidia-dcgm-exporter,0.0
2024-05-21 16:48:00.772000074,NVIDIA,6.16,G506.0210.00.03,2.0,1652523003996,92.00.45.00.05,535.104.05,12.535.104.05,fmaas-devstage-backen-9cjgj-worker-a100-il-rdma-3-jx6tm,GPU-f94e20f3-b883-1dc9-1c93-9769594edc6a,DCGM_FI_DEV_ROW_REMAP_FAILURE,nvidia-dcgm-exporter,nvidia2,gpu-metrics,base,fmaas-monitoring,llama3,2,192.241.129.18:9400,nvidia-dcgm-exporter,NVIDIA A100-SXM4-80GB,nvidia-gpu-operator,nvidia-dcgm-exporter-xq25l,openshift-monitoring/k8s,nvidia-dcgm-exporter,0.0
2024-05-21 16:48:30.772000074,NVIDIA,6.16,G506.0210.00.03,2.0,1652523003996,92.00.45.00.05,535.104.05,12.535.104.05,fmaas-devstage-backen-9cjgj-worker-a100-il-rdma-3-jx6tm,GPU-f94e20f3-b883-1dc9-1c93-9769594edc6a,DCGM_FI_DEV_ROW_REMAP_FAILURE,nvidia-dcgm-exporter,nvidia2,gpu-metrics,base,fmaas-monitoring,llama3,2,192.241.129.18:9400,nvidia-dcgm-exporter,NVIDIA A100-SXM4-80GB,nvidia-gpu-operator,nvidia-dcgm-exporter-xq25l,openshift-monitoring/k8s,nvidia-dcgm-exporter,0.0
2024-05-21 16:49:00.772000074,NVIDIA,6.16,G506.0210.00.03,2.0,1652523003996,92.00.45.00.05,535.104.05,12.535.104.05,fmaas-devstage-backen-9cjgj-worker-a100-il-rdma-3-jx6tm,GPU-f94e20f3-b883-1dc9-1c93-9769594edc6a,DCGM_FI_DEV_ROW_REMAP_FAILURE,nvidia-dcgm-exporter,nvidia2,gpu-metrics,base,fmaas-monitoring,llama3,2,192.241.129.18:9400,nvidia-dcgm-exporter,NVIDIA A100-SXM4-80GB,nvidia-gpu-operator,nvidia-dcgm-exporter-xq25l,openshift-monitoring/k8s,nvidia-dcgm-exporter,0.0
2024-05-21 16:49:30.772000074,NVIDIA,6.16,G506.0210.00.03,2.0,1652523003996,92.00.45.00.05,535.104.05,12.535.104.05,fmaas-devstage-backen-9cjgj-worker-a100-il-rdma-3-jx6tm,GPU-f94e20f3-b883-1dc9-1c93-9769594edc6a,DCGM_FI_DEV_ROW_REMAP_FAILURE,nvidia-dcgm-exporter,nvidia2,gpu-metrics,base,fmaas-monitoring,llama3,2,192.241.129.18:9400,nvidia-dcgm-exporter,NVIDIA A100-SXM4-80GB,nvidia-gpu-operator,nvidia-dcgm-exporter-xq25l,openshift-monitoring/k8s,nvidia-dcgm-exporter,0.0
2024-05-21 16:50:00.772000074,NVIDIA,6.16,G506.0210.00.03,2.0,1652523003996,92.00.45.00.05,535.104.05,12.535.104.05,fmaas-devstage-backen-9cjgj-worker-a100-il-rdma-3-jx6tm,GPU-f94e20f3-b883-1dc9-1c93-9769594edc6a,DCGM_FI_DEV_ROW_REMAP_FAILURE,nvidia-dcgm-exporter,nvidia2,gpu-metrics,base,fmaas-monitoring,llama3,2,192.241.129.18:9400,nvidia-dcgm-exporter,NVIDIA A100-SXM4-80GB,nvidia-gpu-operator,nvidia-dcgm-exporter-xq25l,openshift-monitoring/k8s,nvidia-dcgm-exporter,0.0
2024-05-21 16:50:30.772000074,NVIDIA,6.16,G506.0210.00.03,2.0,1652523003996,92.00.45.00.05,535.104.05,12.535.104.05,fmaas-devstage-backen-9cjgj-worker-a100-il-rdma-3-jx6tm,GPU-f94e20f3-b883-1dc9-1c93-9769594edc6a,DCGM_FI_DEV_ROW_REMAP_FAILURE,nvidia-dcgm-exporter,nvidia2,gpu-metrics,base,fmaas-monitoring,llama3,2,192.241.129.18:9400,nvidia-dcgm-exporter,NVIDIA A100-SXM4-80GB,nvidia-gpu-operator,nvidia-dcgm-exporter-xq25l,openshift-monitoring/k8s,nvidia-dcgm-exporter,0.0
2024-05-21 16:51:00.772000074,NVIDIA,6.16,G506.0210.00.03,2.0,1652523003996,92.00.45.00.05,535.104.05,12.535.104.05,fmaas-devstage-backen-9cjgj-worker-a100-il-rdma-3-jx6tm,GPU-f94e20f3-b883-1dc9-1c93-9769594edc6a,DCGM_FI_DEV_ROW_REMAP_FAILURE,nvidia-dcgm-exporter,nvidia2,gpu-metrics,base,fmaas-monitoring,llama3,2,192.241.129.18:9400,nvidia-dcgm-exporter,NVIDIA A100-SXM4-80GB,nvidia-gpu-operator,nvidia-dcgm-exporter-xq25l,openshift-monitoring/k8s,nvidia-dcgm-exporter,0.0
2024-05-21 16:51:30.772000074,NVIDIA,6.16,G506.0210.00.03,2.0,1652523003996,92.00.45.00.05,535.104.05,12.535.104.05,fmaas-devstage-backen-9cjgj-worker-a100-il-rdma-3-jx6tm,GPU-f94e20f3-b883-1dc9-1c93-9769594edc6a,DCGM_FI_DEV_ROW_REMAP_FAILURE,nvidia-dcgm-exporter,nvidia2,gpu-metrics,base,fmaas-monitoring,llama3,2,192.241.129.18:9400,nvidia-dcgm-exporter,NVIDIA A100-SXM4-80GB,nvidia-gpu-operator,nvidia-dcgm-exporter-xq25l,openshift-monitoring/k8s,nvidia-dcgm-exporter,0.0
2024-05-21 16:52:00.772000074,NVIDIA,6.16,G506.0210.00.03,2.0,1652523003996,92.00.45.00.05,535.104.05,12.535.104.05,fmaas-devstage-backen-9cjgj-worker-a100-il-rdma-3-jx6tm,GPU-f94e20f3-b883-1dc9-1c93-9769594edc6a,DCGM_FI_DEV_ROW_REMAP_FAILURE,nvidia-dcgm-exporter,nvidia2,gpu-metrics,base,fmaas-monitoring,llama3,2,192.241.129.18:9400,nvidia-dcgm-exporter,NVIDIA A100-SXM4-80GB,nvidia-gpu-operator,nvidia-dcgm-exporter-xq25l,openshift-monitoring/k8s,nvidia-dcgm-exporter,0.0
2024-05-21 16:52:30.772000074,NVIDIA,6.16,G506.0210.00.03,2.0,1652523003996,92.00.45.00.05,535.104.05,12.535.104.05,fmaas-devstage-backen-9cjgj-worker-a100-il-rdma-3-jx6tm,GPU-f94e20f3-b883-1dc9-1c93-9769594edc6a,DCGM_FI_DEV_ROW_REMAP_FAILURE,nvidia-dcgm-exporter,nvidia2,gpu-metrics,base,fmaas-monitoring,llama3,2,192.241.129.18:9400,nvidia-dcgm-exporter,NVIDIA A100-SXM4-80GB,nvidia-gpu-operator,nvidia-dcgm-exporter-xq25l,openshift-monitoring/k8s,nvidia-dcgm-exporter,0.0
2024-05-21 16:53:00.772000074,NVIDIA,6.16,G506.0210.00.03,2.0,1652523003996,92.00.45.00.05,535.104.05,12.535.104.05,fmaas-devstage-backen-9cjgj-worker-a100-il-rdma-3-jx6tm,GPU-f94e20f3-b883-1dc9-1c93-9769594edc6a,DCGM_FI_DEV_ROW_REMAP_FAILURE,nvidia-dcgm-exporter,nvidia2,gpu-metrics,base,fmaas-monitoring,llama3,2,192.241.129.18:9400,nvidia-dcgm-exporter,NVIDIA A100-SXM4-80GB,nvidia-gpu-operator,nvidia-dcgm-exporter-xq25l,openshift-monitoring/k8s,nvidia-dcgm-exporter,0.0
2024-05-21 16:53:30.772000074,NVIDIA,6.16,G506.0210.00.03,2.0,1652523003996,92.00.45.00.05,535.104.05,12.535.104.05,fmaas-devstage-backen-9cjgj-worker-a100-il-rdma-3-jx6tm,GPU-f94e20f3-b883-1dc9-1c93-9769594edc6a,DCGM_FI_DEV_ROW_REMAP_FAILURE,nvidia-dcgm-exporter,nvidia2,gpu-metrics,base,fmaas-monitoring,llama3,2,192.241.129.18:9400,nvidia-dcgm-exporter,NVIDIA A100-SXM4-80GB,nvidia-gpu-operator,nvidia-dcgm-exporter-xq25l,openshift-monitoring/k8s,nvidia-dcgm-exporter,0.0
2024-05-21 16:54:00.772000074,NVIDIA,6.16,G506.0210.00.03,2.0,1652523003996,92.00.45.00.05,535.104.05,12.535.104.05,fmaas-devstage-backen-9cjgj-worker-a100-il-rdma-3-jx6tm,GPU-f94e20f3-b883-1dc9-1c93-9769594edc6a,DCGM_FI_DEV_ROW_REMAP_FAILURE,nvidia-dcgm-exporter,nvidia2,gpu-metrics,base,fmaas-monitoring,llama3,2,192.241.129.18:9400,nvidia-dcgm-exporter,NVIDIA A100-SXM4-80GB,nvidia-gpu-operator,nvidia-dcgm-exporter-xq25l,openshift-monitoring/k8s,nvidia-dcgm-exporter,0.0
2024-05-21 16:54:30.772000074,NVIDIA,6.16,G506.0210.00.03,2.0,1652523003996,92.00.45.00.05,535.104.05,12.535.104.05,fmaas-devstage-backen-9cjgj-worker-a100-il-rdma-3-jx6tm,GPU-f94e20f3-b883-1dc9-1c93-9769594edc6a,DCGM_FI_DEV_ROW_REMAP_FAILURE,nvidia-dcgm-exporter,nvidia2,gpu-metrics,base,fmaas-monitoring,llama3,2,192.241.129.18:9400,nvidia-dcgm-exporter,NVIDIA A100-SXM4-80GB,nvidia-gpu-operator,nvidia-dcgm-exporter-xq25l,openshift-monitoring/k8s,nvidia-dcgm-exporter,0.0
2024-05-21 16:55:00.772000074,NVIDIA,6.16,G506.0210.00.03,2.0,1652523003996,92.00.45.00.05,535.104.05,12.535.104.05,fmaas-devstage-backen-9cjgj-worker-a100-il-rdma-3-jx6tm,GPU-f94e20f3-b883-1dc9-1c93-9769594edc6a,DCGM_FI_DEV_ROW_REMAP_FAILURE,nvidia-dcgm-exporter,nvidia2,gpu-metrics,base,fmaas-monitoring,llama3,2,192.241.129.18:9400,nvidia-dcgm-exporter,NVIDIA A100-SXM4-80GB,nvidia-gpu-operator,nvidia-dcgm-exporter-xq25l,openshift-monitoring/k8s,nvidia-dcgm-exporter,0.0
2024-05-21 16:55:30.772000074,NVIDIA,6.16,G506.0210.00.03,2.0,1652523003996,92.00.45.00.05,535.104.05,12.535.104.05,fmaas-devstage-backen-9cjgj-worker-a100-il-rdma-3-jx6tm,GPU-f94e20f3-b883-1dc9-1c93-9769594edc6a,DCGM_FI_DEV_ROW_REMAP_FAILURE,nvidia-dcgm-exporter,nvidia2,gpu-metrics,base,fmaas-monitoring,llama3,2,192.241.129.18:9400,nvidia-dcgm-exporter,NVIDIA A100-SXM4-80GB,nvidia-gpu-operator,nvidia-dcgm-exporter-xq25l,openshift-monitoring/k8s,nvidia-dcgm-exporter,0.0
2024-05-21 16:45:43.667999983,NVIDIA,6.16,G506.0210.00.03,2.0,1652523004560,92.00.45.00.05,535.104.05,12.535.104.05,fmaas-devstage-backen-9cjgj-worker-a100-il-rdma-3-jx6tm,GPU-fae4890e-cca3-f53f-3743-ba11e6e50022,DCGM_FI_DEV_ROW_REMAP_FAILURE,nvidia-dcgm-exporter,nvidia3,gpu-metrics,,,,3,192.241.129.18:9400,nvidia-dcgm-exporter,NVIDIA A100-SXM4-80GB,nvidia-gpu-operator,nvidia-dcgm-exporter-xq25l,openshift-monitoring/k8s,nvidia-dcgm-exporter,0.0
2024-05-21 16:46:00.772000074,NVIDIA,6.16,G506.0210.00.03,2.0,1652523004560,92.00.45.00.05,535.104.05,12.535.104.05,fmaas-devstage-backen-9cjgj-worker-a100-il-rdma-3-jx6tm,GPU-fae4890e-cca3-f53f-3743-ba11e6e50022,DCGM_FI_DEV_ROW_REMAP_FAILURE,nvidia-dcgm-exporter,nvidia3,gpu-metrics,,,,3,192.241.129.18:9400,nvidia-dcgm-exporter,NVIDIA A100-SXM4-80GB,nvidia-gpu-operator,nvidia-dcgm-exporter-xq25l,openshift-monitoring/k8s,nvidia-dcgm-exporter,0.0
2024-05-21 16:46:30.772000074,NVIDIA,6.16,G506.0210.00.03,2.0,1652523004560,92.00.45.00.05,535.104.05,12.535.104.05,fmaas-devstage-backen-9cjgj-worker-a100-il-rdma-3-jx6tm,GPU-fae4890e-cca3-f53f-3743-ba11e6e50022,DCGM_FI_DEV_ROW_REMAP_FAILURE,nvidia-dcgm-exporter,nvidia3,gpu-metrics,,,,3,192.241.129.18:9400,nvidia-dcgm-exporter,NVIDIA A100-SXM4-80GB,nvidia-gpu-operator,nvidia-dcgm-exporter-xq25l,openshift-monitoring/k8s,nvidia-dcgm-exporter,0.0
2024-05-21 16:47:00.772000074,NVIDIA,6.16,G506.0210.00.03,2.0,1652523004560,92.00.45.00.05,535.104.05,12.535.104.05,fmaas-devstage-backen-9cjgj-worker-a100-il-rdma-3-jx6tm,GPU-fae4890e-cca3-f53f-3743-ba11e6e50022,DCGM_FI_DEV_ROW_REMAP_FAILURE,nvidia-dcgm-exporter,nvidia3,gpu-metrics,,,,3,192.241.129.18:9400,nvidia-dcgm-exporter,NVIDIA A100-SXM4-80GB,nvidia-gpu-operator,nvidia-dcgm-exporter-xq25l,openshift-monitoring/k8s,nvidia-dcgm-exporter,0.0
2024-05-21 16:47:30.772000074,NVIDIA,6.16,G506.0210.00.03,2.0,1652523004560,92.00.45.00.05,535.104.05,12.535.104.05,fmaas-devstage-backen-9cjgj-worker-a100-il-rdma-3-jx6tm,GPU-fae4890e-cca3-f53f-3743-ba11e6e50022,DCGM_FI_DEV_ROW_REMAP_FAILURE,nvidia-dcgm-exporter,nvidia3,gpu-metrics,,,,3,192.241.129.18:9400,nvidia-dcgm-exporter,NVIDIA A100-SXM4-80GB,nvidia-gpu-operator,nvidia-dcgm-exporter-xq25l,openshift-monitoring/k8s,nvidia-dcgm-exporter,0.0
2024-05-21 16:48:00.772000074,NVIDIA,6.16,G506.0210.00.03,2.0,1652523004560,92.00.45.00.05,535.104.05,12.535.104.05,fmaas-devstage-backen-9cjgj-worker-a100-il-rdma-3-jx6tm,GPU-fae4890e-cca3-f53f-3743-ba11e6e50022,DCGM_FI_DEV_ROW_REMAP_FAILURE,nvidia-dcgm-exporter,nvidia3,gpu-metrics,,,,3,192.241.129.18:9400,nvidia-dcgm-exporter,NVIDIA A100-SXM4-80GB,nvidia-gpu-operator,nvidia-dcgm-exporter-xq25l,openshift-monitoring/k8s,nvidia-dcgm-exporter,0.0
2024-05-21 16:48:30.772000074,NVIDIA,6.16,G506.0210.00.03,2.0,1652523004560,92.00.45.00.05,535.104.05,12.535.104.05,fmaas-devstage-backen-9cjgj-worker-a100-il-rdma-3-jx6tm,GPU-fae4890e-cca3-f53f-3743-ba11e6e50022,DCGM_FI_DEV_ROW_REMAP_FAILURE,nvidia-dcgm-exporter,nvidia3,gpu-metrics,,,,3,192.241.129.18:9400,nvidia-dcgm-exporter,NVIDIA A100-SXM4-80GB,nvidia-gpu-operator,nvidia-dcgm-exporter-xq25l,openshift-monitoring/k8s,nvidia-dcgm-exporter,0.0
2024-05-21 16:49:00.772000074,NVIDIA,6.16,G506.0210.00.03,2.0,1652523004560,92.00.45.00.05,535.104.05,12.535.104.05,fmaas-devstage-backen-9cjgj-worker-a100-il-rdma-3-jx6tm,GPU-fae4890e-cca3-f53f-3743-ba11e6e50022,DCGM_FI_DEV_ROW_REMAP_FAILURE,nvidia-dcgm-exporter,nvidia3,gpu-metrics,,,,3,192.241.129.18:9400,nvidia-dcgm-exporter,NVIDIA A100-SXM4-80GB,nvidia-gpu-operator,nvidia-dcgm-exporter-xq25l,openshift-monitoring/k8s,nvidia-dcgm-exporter,0.0
2024-05-21 16:49:30.772000074,NVIDIA,6.16,G506.0210.00.03,2.0,1652523004560,92.00.45.00.05,535.104.05,12.535.104.05,fmaas-devstage-backen-9cjgj-worker-a100-il-rdma-3-jx6tm,GPU-fae4890e-cca3-f53f-3743-ba11e6e50022,DCGM_FI_DEV_ROW_REMAP_FAILURE,nvidia-dcgm-exporter,nvidia3,gpu-metrics,,,,3,192.241.129.18:9400,nvidia-dcgm-exporter,NVIDIA A100-SXM4-80GB,nvidia-gpu-operator,nvidia-dcgm-exporter-xq25l,openshift-monitoring/k8s,nvidia-dcgm-exporter,0.0
2024-05-21 16:50:00.772000074,NVIDIA,6.16,G506.0210.00.03,2.0,1652523004560,92.00.45.00.05,535.104.05,12.535.104.05,fmaas-devstage-backen-9cjgj-worker-a100-il-rdma-3-jx6tm,GPU-fae4890e-cca3-f53f-3743-ba11e6e50022,DCGM_FI_DEV_ROW_REMAP_FAILURE,nvidia-dcgm-exporter,nvidia3,gpu-metrics,,,,3,192.241.129.18:9400,nvidia-dcgm-exporter,NVIDIA A100-SXM4-80GB,nvidia-gpu-operator,nvidia-dcgm-exporter-xq25l,openshift-monitoring/k8s,nvidia-dcgm-exporter,0.0
2024-05-21 16:50:30.772000074,NVIDIA,6.16,G506.0210.00.03,2.0,1652523004560,92.00.45.00.05,535.104.05,12.535.104.05,fmaas-devstage-backen-9cjgj-worker-a100-il-rdma-3-jx6tm,GPU-fae4890e-cca3-f53f-3743-ba11e6e50022,DCGM_FI_DEV_ROW_REMAP_FAILURE,nvidia-dcgm-exporter,nvidia3,gpu-metrics,,,,3,192.241.129.18:9400,nvidia-dcgm-exporter,NVIDIA A100-SXM4-80GB,nvidia-gpu-operator,nvidia-dcgm-exporter-xq25l,openshift-monitoring/k8s,nvidia-dcgm-exporter,0.0
2024-05-21 16:51:00.772000074,NVIDIA,6.16,G506.0210.00.03,2.0,1652523004560,92.00.45.00.05,535.104.05,12.535.104.05,fmaas-devstage-backen-9cjgj-worker-a100-il-rdma-3-jx6tm,GPU-fae4890e-cca3-f53f-3743-ba11e6e50022,DCGM_FI_DEV_ROW_REMAP_FAILURE,nvidia-dcgm-exporter,nvidia3,gpu-metrics,,,,3,192.241.129.18:9400,nvidia-dcgm-exporter,NVIDIA A100-SXM4-80GB,nvidia-gpu-operator,nvidia-dcgm-exporter-xq25l,openshift-monitoring/k8s,nvidia-dcgm-exporter,0.0
2024-05-21 16:51:30.772000074,NVIDIA,6.16,G506.0210.00.03,2.0,1652523004560,92.00.45.00.05,535.104.05,12.535.104.05,fmaas-devstage-backen-9cjgj-worker-a100-il-rdma-3-jx6tm,GPU-fae4890e-cca3-f53f-3743-ba11e6e50022,DCGM_FI_DEV_ROW_REMAP_FAILURE,nvidia-dcgm-exporter,nvidia3,gpu-metrics,,,,3,192.241.129.18:9400,nvidia-dcgm-exporter,NVIDIA A100-SXM4-80GB,nvidia-gpu-operator,nvidia-dcgm-exporter-xq25l,openshift-monitoring/k8s,nvidia-dcgm-exporter,0.0
2024-05-21 16:52:00.772000074,NVIDIA,6.16,G506.0210.00.03,2.0,1652523004560,92.00.45.00.05,535.104.05,12.535.104.05,fmaas-devstage-backen-9cjgj-worker-a100-il-rdma-3-jx6tm,GPU-fae4890e-cca3-f53f-3743-ba11e6e50022,DCGM_FI_DEV_ROW_REMAP_FAILURE,nvidia-dcgm-exporter,nvidia3,gpu-metrics,,,,3,192.241.129.18:9400,nvidia-dcgm-exporter,NVIDIA A100-SXM4-80GB,nvidia-gpu-operator,nvidia-dcgm-exporter-xq25l,openshift-monitoring/k8s,nvidia-dcgm-exporter,0.0
2024-05-21 16:52:30.772000074,NVIDIA,6.16,G506.0210.00.03,2.0,1652523004560,92.00.45.00.05,535.104.05,12.535.104.05,fmaas-devstage-backen-9cjgj-worker-a100-il-rdma-3-jx6tm,GPU-fae4890e-cca3-f53f-3743-ba11e6e50022,DCGM_FI_DEV_ROW_REMAP_FAILURE,nvidia-dcgm-exporter,nvidia3,gpu-metrics,,,,3,192.241.129.18:9400,nvidia-dcgm-exporter,NVIDIA A100-SXM4-80GB,nvidia-gpu-operator,nvidia-dcgm-exporter-xq25l,openshift-monitoring/k8s,nvidia-dcgm-exporter,0.0
2024-05-21 16:53:00.772000074,NVIDIA,6.16,G506.0210.00.03,2.0,1652523004560,92.00.45.00.05,535.104.05,12.535.104.05,fmaas-devstage-backen-9cjgj-worker-a100-il-rdma-3-jx6tm,GPU-fae4890e-cca3-f53f-3743-ba11e6e50022,DCGM_FI_DEV_ROW_REMAP_FAILURE,nvidia-dcgm-exporter,nvidia3,gpu-metrics,,,,3,192.241.129.18:9400,nvidia-dcgm-exporter,NVIDIA A100-SXM4-80GB,nvidia-gpu-operator,nvidia-dcgm-exporter-xq25l,openshift-monitoring/k8s,nvidia-dcgm-exporter,0.0
2024-05-21 16:53:30.772000074,NVIDIA,6.16,G506.0210.00.03,2.0,1652523004560,92.00.45.00.05,535.104.05,12.535.104.05,fmaas-devstage-backen-9cjgj-worker-a100-il-rdma-3-jx6tm,GPU-fae4890e-cca3-f53f-3743-ba11e6e50022,DCGM_FI_DEV_ROW_REMAP_FAILURE,nvidia-dcgm-exporter,nvidia3,gpu-metrics,,,,3,192.241.129.18:9400,nvidia-dcgm-exporter,NVIDIA A100-SXM4-80GB,nvidia-gpu-operator,nvidia-dcgm-exporter-xq25l,openshift-monitoring/k8s,nvidia-dcgm-exporter,0.0
2024-05-21 16:54:00.772000074,NVIDIA,6.16,G506.0210.00.03,2.0,1652523004560,92.00.45.00.05,535.104.05,12.535.104.05,fmaas-devstage-backen-9cjgj-worker-a100-il-rdma-3-jx6tm,GPU-fae4890e-cca3-f53f-3743-ba11e6e50022,DCGM_FI_DEV_ROW_REMAP_FAILURE,nvidia-dcgm-exporter,nvidia3,gpu-metrics,,,,3,192.241.129.18:9400,nvidia-dcgm-exporter,NVIDIA A100-SXM4-80GB,nvidia-gpu-operator,nvidia-dcgm-exporter-xq25l,openshift-monitoring/k8s,nvidia-dcgm-exporter,0.0
2024-05-21 16:54:30.772000074,NVIDIA,6.16,G506.0210.00.03,2.0,1652523004560,92.00.45.00.05,535.104.05,12.535.104.05,fmaas-devstage-backen-9cjgj-worker-a100-il-rdma-3-jx6tm,GPU-fae4890e-cca3-f53f-3743-ba11e6e50022,DCGM_FI_DEV_ROW_REMAP_FAILURE,nvidia-dcgm-exporter,nvidia3,gpu-metrics,,,,3,192.241.129.18:9400,nvidia-dcgm-exporter,NVIDIA A100-SXM4-80GB,nvidia-gpu-operator,nvidia-dcgm-exporter-xq25l,openshift-monitoring/k8s,nvidia-dcgm-exporter,0.0
2024-05-21 16:55:00.772000074,NVIDIA,6.16,G506.0210.00.03,2.0,1652523004560,92.00.45.00.05,535.104.05,12.535.104.05,fmaas-devstage-backen-9cjgj-worker-a100-il-rdma-3-jx6tm,GPU-fae4890e-cca3-f53f-3743-ba11e6e50022,DCGM_FI_DEV_ROW_REMAP_FAILURE,nvidia-dcgm-exporter,nvidia3,gpu-metrics,,,,3,192.241.129.18:9400,nvidia-dcgm-exporter,NVIDIA A100-SXM4-80GB,nvidia-gpu-operator,nvidia-dcgm-exporter-xq25l,openshift-monitoring/k8s,nvidia-dcgm-exporter,0.0
2024-05-21 16:55:30.772000074,NVIDIA,6.16,G506.0210.00.03,2.0,1652523004560,92.00.45.00.05,535.104.05,12.535.104.05,fmaas-devstage-backen-9cjgj-worker-a100-il-rdma-3-jx6tm,GPU-fae4890e-cca3-f53f-3743-ba11e6e50022,DCGM_FI_DEV_ROW_REMAP_FAILURE,nvidia-dcgm-exporter,nvidia3,gpu-metrics,,,,3,192.241.129.18:9400,nvidia-dcgm-exporter,NVIDIA A100-SXM4-80GB,nvidia-gpu-operator,nvidia-dcgm-exporter-xq25l,openshift-monitoring/k8s,nvidia-dcgm-exporter,0.0
2024-05-21 16:45:43.667999983,NVIDIA,6.16,G506.0210.00.03,2.0,1652523004804,92.00.45.00.05,535.104.05,12.535.104.05,fmaas-devstage-backen-9cjgj-worker-a100-il-rdma-3-jx6tm,GPU-6813d4a5-a19a-6a1f-b0ae-7d70939dc17d,DCGM_FI_DEV_ROW_REMAP_FAILURE,nvidia-dcgm-exporter,nvidia5,gpu-metrics,,,,5,192.241.129.18:9400,nvidia-dcgm-exporter,NVIDIA A100-SXM4-80GB,nvidia-gpu-operator,nvidia-dcgm-exporter-xq25l,openshift-monitoring/k8s,nvidia-dcgm-exporter,0.0
2024-05-21 16:46:00.772000074,NVIDIA,6.16,G506.0210.00.03,2.0,1652523004804,92.00.45.00.05,535.104.05,12.535.104.05,fmaas-devstage-backen-9cjgj-worker-a100-il-rdma-3-jx6tm,GPU-6813d4a5-a19a-6a1f-b0ae-7d70939dc17d,DCGM_FI_DEV_ROW_REMAP_FAILURE,nvidia-dcgm-exporter,nvidia5,gpu-metrics,,,,5,192.241.129.18:9400,nvidia-dcgm-exporter,NVIDIA A100-SXM4-80GB,nvidia-gpu-operator,nvidia-dcgm-exporter-xq25l,openshift-monitoring/k8s,nvidia-dcgm-exporter,0.0
2024-05-21 16:46:30.772000074,NVIDIA,6.16,G506.0210.00.03,2.0,1652523004804,92.00.45.00.05,535.104.05,12.535.104.05,fmaas-devstage-backen-9cjgj-worker-a100-il-rdma-3-jx6tm,GPU-6813d4a5-a19a-6a1f-b0ae-7d70939dc17d,DCGM_FI_DEV_ROW_REMAP_FAILURE,nvidia-dcgm-exporter,nvidia5,gpu-metrics,,,,5,192.241.129.18:9400,nvidia-dcgm-exporter,NVIDIA A100-SXM4-80GB,nvidia-gpu-operator,nvidia-dcgm-exporter-xq25l,openshift-monitoring/k8s,nvidia-dcgm-exporter,0.0
2024-05-21 16:47:00.772000074,NVIDIA,6.16,G506.0210.00.03,2.0,1652523004804,92.00.45.00.05,535.104.05,12.535.104.05,fmaas-devstage-backen-9cjgj-worker-a100-il-rdma-3-jx6tm,GPU-6813d4a5-a19a-6a1f-b0ae-7d70939dc17d,DCGM_FI_DEV_ROW_REMAP_FAILURE,nvidia-dcgm-exporter,nvidia5,gpu-metrics,,,,5,192.241.129.18:9400,nvidia-dcgm-exporter,NVIDIA A100-SXM4-80GB,nvidia-gpu-operator,nvidia-dcgm-exporter-xq25l,openshift-monitoring/k8s,nvidia-dcgm-exporter,0.0
2024-05-21 16:47:30.772000074,NVIDIA,6.16,G506.0210.00.03,2.0,1652523004804,92.00.45.00.05,535.104.05,12.535.104.05,fmaas-devstage-backen-9cjgj-worker-a100-il-rdma-3-jx6tm,GPU-6813d4a5-a19a-6a1f-b0ae-7d70939dc17d,DCGM_FI_DEV_ROW_REMAP_FAILURE,nvidia-dcgm-exporter,nvidia5,gpu-metrics,,,,5,192.241.129.18:9400,nvidia-dcgm-exporter,NVIDIA A100-SXM4-80GB,nvidia-gpu-operator,nvidia-dcgm-exporter-xq25l,openshift-monitoring/k8s,nvidia-dcgm-exporter,0.0
2024-05-21 16:48:00.772000074,NVIDIA,6.16,G506.0210.00.03,2.0,1652523004804,92.00.45.00.05,535.104.05,12.535.104.05,fmaas-devstage-backen-9cjgj-worker-a100-il-rdma-3-jx6tm,GPU-6813d4a5-a19a-6a1f-b0ae-7d70939dc17d,DCGM_FI_DEV_ROW_REMAP_FAILURE,nvidia-dcgm-exporter,nvidia5,gpu-metrics,,,,5,192.241.129.18:9400,nvidia-dcgm-exporter,NVIDIA A100-SXM4-80GB,nvidia-gpu-operator,nvidia-dcgm-exporter-xq25l,openshift-monitoring/k8s,nvidia-dcgm-exporter,0.0
2024-05-21 16:48:30.772000074,NVIDIA,6.16,G506.0210.00.03,2.0,1652523004804,92.00.45.00.05,535.104.05,12.535.104.05,fmaas-devstage-backen-9cjgj-worker-a100-il-rdma-3-jx6tm,GPU-6813d4a5-a19a-6a1f-b0ae-7d70939dc17d,DCGM_FI_DEV_ROW_REMAP_FAILURE,nvidia-dcgm-exporter,nvidia5,gpu-metrics,,,,5,192.241.129.18:9400,nvidia-dcgm-exporter,NVIDIA A100-SXM4-80GB,nvidia-gpu-operator,nvidia-dcgm-exporter-xq25l,openshift-monitoring/k8s,nvidia-dcgm-exporter,0.0
2024-05-21 16:49:00.772000074,NVIDIA,6.16,G506.0210.00.03,2.0,1652523004804,92.00.45.00.05,535.104.05,12.535.104.05,fmaas-devstage-backen-9cjgj-worker-a100-il-rdma-3-jx6tm,GPU-6813d4a5-a19a-6a1f-b0ae-7d70939dc17d,DCGM_FI_DEV_ROW_REMAP_FAILURE,nvidia-dcgm-exporter,nvidia5,gpu-metrics,,,,5,192.241.129.18:9400,nvidia-dcgm-exporter,NVIDIA A100-SXM4-80GB,nvidia-gpu-operator,nvidia-dcgm-exporter-xq25l,openshift-monitoring/k8s,nvidia-dcgm-exporter,0.0
2024-05-21 16:49:30.772000074,NVIDIA,6.16,G506.0210.00.03,2.0,1652523004804,92.00.45.00.05,535.104.05,12.535.104.05,fmaas-devstage-backen-9cjgj-worker-a100-il-rdma-3-jx6tm,GPU-6813d4a5-a19a-6a1f-b0ae-7d70939dc17d,DCGM_FI_DEV_ROW_REMAP_FAILURE,nvidia-dcgm-exporter,nvidia5,gpu-metrics,,,,5,192.241.129.18:9400,nvidia-dcgm-exporter,NVIDIA A100-SXM4-80GB,nvidia-gpu-operator,nvidia-dcgm-exporter-xq25l,openshift-monitoring/k8s,nvidia-dcgm-exporter,0.0
2024-05-21 16:50:00.772000074,NVIDIA,6.16,G506.0210.00.03,2.0,1652523004804,92.00.45.00.05,535.104.05,12.535.104.05,fmaas-devstage-backen-9cjgj-worker-a100-il-rdma-3-jx6tm,GPU-6813d4a5-a19a-6a1f-b0ae-7d70939dc17d,DCGM_FI_DEV_ROW_REMAP_FAILURE,nvidia-dcgm-exporter,nvidia5,gpu-metrics,,,,5,192.241.129.18:9400,nvidia-dcgm-exporter,NVIDIA A100-SXM4-80GB,nvidia-gpu-operator,nvidia-dcgm-exporter-xq25l,openshift-monitoring/k8s,nvidia-dcgm-exporter,0.0
2024-05-21 16:50:30.772000074,NVIDIA,6.16,G506.0210.00.03,2.0,1652523004804,92.00.45.00.05,535.104.05,12.535.104.05,fmaas-devstage-backen-9cjgj-worker-a100-il-rdma-3-jx6tm,GPU-6813d4a5-a19a-6a1f-b0ae-7d70939dc17d,DCGM_FI_DEV_ROW_REMAP_FAILURE,nvidia-dcgm-exporter,nvidia5,gpu-metrics,,,,5,192.241.129.18:9400,nvidia-dcgm-exporter,NVIDIA A100-SXM4-80GB,nvidia-gpu-operator,nvidia-dcgm-exporter-xq25l,openshift-monitoring/k8s,nvidia-dcgm-exporter,0.0
2024-05-21 16:51:00.772000074,NVIDIA,6.16,G506.0210.00.03,2.0,1652523004804,92.00.45.00.05,535.104.05,12.535.104.05,fmaas-devstage-backen-9cjgj-worker-a100-il-rdma-3-jx6tm,GPU-6813d4a5-a19a-6a1f-b0ae-7d70939dc17d,DCGM_FI_DEV_ROW_REMAP_FAILURE,nvidia-dcgm-exporter,nvidia5,gpu-metrics,,,,5,192.241.129.18:9400,nvidia-dcgm-exporter,NVIDIA A100-SXM4-80GB,nvidia-gpu-operator,nvidia-dcgm-exporter-xq25l,openshift-monitoring/k8s,nvidia-dcgm-exporter,0.0
2024-05-21 16:51:30.772000074,NVIDIA,6.16,G506.0210.00.03,2.0,1652523004804,92.00.45.00.05,535.104.05,12.535.104.05,fmaas-devstage-backen-9cjgj-worker-a100-il-rdma-3-jx6tm,GPU-6813d4a5-a19a-6a1f-b0ae-7d70939dc17d,DCGM_FI_DEV_ROW_REMAP_FAILURE,nvidia-dcgm-exporter,nvidia5,gpu-metrics,,,,5,192.241.129.18:9400,nvidia-dcgm-exporter,NVIDIA A100-SXM4-80GB,nvidia-gpu-operator,nvidia-dcgm-exporter-xq25l,openshift-monitoring/k8s,nvidia-dcgm-exporter,0.0
2024-05-21 16:52:00.772000074,NVIDIA,6.16,G506.0210.00.03,2.0,1652523004804,92.00.45.00.05,535.104.05,12.535.104.05,fmaas-devstage-backen-9cjgj-worker-a100-il-rdma-3-jx6tm,GPU-6813d4a5-a19a-6a1f-b0ae-7d70939dc17d,DCGM_FI_DEV_ROW_REMAP_FAILURE,nvidia-dcgm-exporter,nvidia5,gpu-metrics,,,,5,192.241.129.18:9400,nvidia-dcgm-exporter,NVIDIA A100-SXM4-80GB,nvidia-gpu-operator,nvidia-dcgm-exporter-xq25l,openshift-monitoring/k8s,nvidia-dcgm-exporter,0.0
2024-05-21 16:52:30.772000074,NVIDIA,6.16,G506.0210.00.03,2.0,1652523004804,92.00.45.00.05,535.104.05,12.535.104.05,fmaas-devstage-backen-9cjgj-worker-a100-il-rdma-3-jx6tm,GPU-6813d4a5-a19a-6a1f-b0ae-7d70939dc17d,DCGM_FI_DEV_ROW_REMAP_FAILURE,nvidia-dcgm-exporter,nvidia5,gpu-metrics,,,,5,192.241.129.18:9400,nvidia-dcgm-exporter,NVIDIA A100-SXM4-80GB,nvidia-gpu-operator,nvidia-dcgm-exporter-xq25l,openshift-monitoring/k8s,nvidia-dcgm-exporter,0.0
2024-05-21 16:53:00.772000074,NVIDIA,6.16,G506.0210.00.03,2.0,1652523004804,92.00.45.00.05,535.104.05,12.535.104.05,fmaas-devstage-backen-9cjgj-worker-a100-il-rdma-3-jx6tm,GPU-6813d4a5-a19a-6a1f-b0ae-7d70939dc17d,DCGM_FI_DEV_ROW_REMAP_FAILURE,nvidia-dcgm-exporter,nvidia5,gpu-metrics,,,,5,192.241.129.18:9400,nvidia-dcgm-exporter,NVIDIA A100-SXM4-80GB,nvidia-gpu-operator,nvidia-dcgm-exporter-xq25l,openshift-monitoring/k8s,nvidia-dcgm-exporter,0.0
2024-05-21 16:53:30.772000074,NVIDIA,6.16,G506.0210.00.03,2.0,1652523004804,92.00.45.00.05,535.104.05,12.535.104.05,fmaas-devstage-backen-9cjgj-worker-a100-il-rdma-3-jx6tm,GPU-6813d4a5-a19a-6a1f-b0ae-7d70939dc17d,DCGM_FI_DEV_ROW_REMAP_FAILURE,nvidia-dcgm-exporter,nvidia5,gpu-metrics,,,,5,192.241.129.18:9400,nvidia-dcgm-exporter,NVIDIA A100-SXM4-80GB,nvidia-gpu-operator,nvidia-dcgm-exporter-xq25l,openshift-monitoring/k8s,nvidia-dcgm-exporter,0.0
2024-05-21 16:54:00.772000074,NVIDIA,6.16,G506.0210.00.03,2.0,1652523004804,92.00.45.00.05,535.104.05,12.535.104.05,fmaas-devstage-backen-9cjgj-worker-a100-il-rdma-3-jx6tm,GPU-6813d4a5-a19a-6a1f-b0ae-7d70939dc17d,DCGM_FI_DEV_ROW_REMAP_FAILURE,nvidia-dcgm-exporter,nvidia5,gpu-metrics,,,,5,192.241.129.18:9400,nvidia-dcgm-exporter,NVIDIA A100-SXM4-80GB,nvidia-gpu-operator,nvidia-dcgm-exporter-xq25l,openshift-monitoring/k8s,nvidia-dcgm-exporter,0.0
2024-05-21 16:54:30.772000074,NVIDIA,6.16,G506.0210.00.03,2.0,1652523004804,92.00.45.00.05,535.104.05,12.535.104.05,fmaas-devstage-backen-9cjgj-worker-a100-il-rdma-3-jx6tm,GPU-6813d4a5-a19a-6a1f-b0ae-7d70939dc17d,DCGM_FI_DEV_ROW_REMAP_FAILURE,nvidia-dcgm-exporter,nvidia5,gpu-metrics,,,,5,192.241.129.18:9400,nvidia-dcgm-exporter,NVIDIA A100-SXM4-80GB,nvidia-gpu-operator,nvidia-dcgm-exporter-xq25l,openshift-monitoring/k8s,nvidia-dcgm-exporter,0.0
2024-05-21 16:55:00.772000074,NVIDIA,6.16,G506.0210.00.03,2.0,1652523004804,92.00.45.00.05,535.104.05,12.535.104.05,fmaas-devstage-backen-9cjgj-worker-a100-il-rdma-3-jx6tm,GPU-6813d4a5-a19a-6a1f-b0ae-7d70939dc17d,DCGM_FI_DEV_ROW_REMAP_FAILURE,nvidia-dcgm-exporter,nvidia5,gpu-metrics,,,,5,192.241.129.18:9400,nvidia-dcgm-exporter,NVIDIA A100-SXM4-80GB,nvidia-gpu-operator,nvidia-dcgm-exporter-xq25l,openshift-monitoring/k8s,nvidia-dcgm-exporter,0.0
2024-05-21 16:55:30.772000074,NVIDIA,6.16,G506.0210.00.03,2.0,1652523004804,92.00.45.00.05,535.104.05,12.535.104.05,fmaas-devstage-backen-9cjgj-worker-a100-il-rdma-3-jx6tm,GPU-6813d4a5-a19a-6a1f-b0ae-7d70939dc17d,DCGM_FI_DEV_ROW_REMAP_FAILURE,nvidia-dcgm-exporter,nvidia5,gpu-metrics,,,,5,192.241.129.18:9400,nvidia-dcgm-exporter,NVIDIA A100-SXM4-80GB,nvidia-gpu-operator,nvidia-dcgm-exporter-xq25l,openshift-monitoring/k8s,nvidia-dcgm-exporter,0.0
2024-05-21 16:45:43.667999983,NVIDIA,6.16,G506.0210.00.03,2.0,1652523021837,92.00.45.00.05,535.104.05,12.535.104.05,fmaas-devstage-backen-9cjgj-worker-a100-il-rdma-3-jx6tm,GPU-b30541a1-5408-9bb3-d9fa-12665d1e7472,DCGM_FI_DEV_ROW_REMAP_FAILURE,nvidia-dcgm-exporter,nvidia4,gpu-metrics,,,,4,192.241.129.18:9400,nvidia-dcgm-exporter,NVIDIA A100-SXM4-80GB,nvidia-gpu-operator,nvidia-dcgm-exporter-xq25l,openshift-monitoring/k8s,nvidia-dcgm-exporter,0.0
2024-05-21 16:46:00.772000074,NVIDIA,6.16,G506.0210.00.03,2.0,1652523021837,92.00.45.00.05,535.104.05,12.535.104.05,fmaas-devstage-backen-9cjgj-worker-a100-il-rdma-3-jx6tm,GPU-b30541a1-5408-9bb3-d9fa-12665d1e7472,DCGM_FI_DEV_ROW_REMAP_FAILURE,nvidia-dcgm-exporter,nvidia4,gpu-metrics,,,,4,192.241.129.18:9400,nvidia-dcgm-exporter,NVIDIA A100-SXM4-80GB,nvidia-gpu-operator,nvidia-dcgm-exporter-xq25l,openshift-monitoring/k8s,nvidia-dcgm-exporter,0.0
2024-05-21 16:46:30.772000074,NVIDIA,6.16,G506.0210.00.03,2.0,1652523021837,92.00.45.00.05,535.104.05,12.535.104.05,fmaas-devstage-backen-9cjgj-worker-a100-il-rdma-3-jx6tm,GPU-b30541a1-5408-9bb3-d9fa-12665d1e7472,DCGM_FI_DEV_ROW_REMAP_FAILURE,nvidia-dcgm-exporter,nvidia4,gpu-metrics,,,,4,192.241.129.18:9400,nvidia-dcgm-exporter,NVIDIA A100-SXM4-80GB,nvidia-gpu-operator,nvidia-dcgm-exporter-xq25l,openshift-monitoring/k8s,nvidia-dcgm-exporter,0.0
2024-05-21 16:47:00.772000074,NVIDIA,6.16,G506.0210.00.03,2.0,1652523021837,92.00.45.00.05,535.104.05,12.535.104.05,fmaas-devstage-backen-9cjgj-worker-a100-il-rdma-3-jx6tm,GPU-b30541a1-5408-9bb3-d9fa-12665d1e7472,DCGM_FI_DEV_ROW_REMAP_FAILURE,nvidia-dcgm-exporter,nvidia4,gpu-metrics,,,,4,192.241.129.18:9400,nvidia-dcgm-exporter,NVIDIA A100-SXM4-80GB,nvidia-gpu-operator,nvidia-dcgm-exporter-xq25l,openshift-monitoring/k8s,nvidia-dcgm-exporter,0.0
2024-05-21 16:47:30.772000074,NVIDIA,6.16,G506.0210.00.03,2.0,1652523021837,92.00.45.00.05,535.104.05,12.535.104.05,fmaas-devstage-backen-9cjgj-worker-a100-il-rdma-3-jx6tm,GPU-b30541a1-5408-9bb3-d9fa-12665d1e7472,DCGM_FI_DEV_ROW_REMAP_FAILURE,nvidia-dcgm-exporter,nvidia4,gpu-metrics,,,,4,192.241.129.18:9400,nvidia-dcgm-exporter,NVIDIA A100-SXM4-80GB,nvidia-gpu-operator,nvidia-dcgm-exporter-xq25l,openshift-monitoring/k8s,nvidia-dcgm-exporter,0.0
2024-05-21 16:48:00.772000074,NVIDIA,6.16,G506.0210.00.03,2.0,1652523021837,92.00.45.00.05,535.104.05,12.535.104.05,fmaas-devstage-backen-9cjgj-worker-a100-il-rdma-3-jx6tm,GPU-b30541a1-5408-9bb3-d9fa-12665d1e7472,DCGM_FI_DEV_ROW_REMAP_FAILURE,nvidia-dcgm-exporter,nvidia4,gpu-metrics,,,,4,192.241.129.18:9400,nvidia-dcgm-exporter,NVIDIA A100-SXM4-80GB,nvidia-gpu-operator,nvidia-dcgm-exporter-xq25l,openshift-monitoring/k8s,nvidia-dcgm-exporter,0.0
2024-05-21 16:48:30.772000074,NVIDIA,6.16,G506.0210.00.03,2.0,1652523021837,92.00.45.00.05,535.104.05,12.535.104.05,fmaas-devstage-backen-9cjgj-worker-a100-il-rdma-3-jx6tm,GPU-b30541a1-5408-9bb3-d9fa-12665d1e7472,DCGM_FI_DEV_ROW_REMAP_FAILURE,nvidia-dcgm-exporter,nvidia4,gpu-metrics,,,,4,192.241.129.18:9400,nvidia-dcgm-exporter,NVIDIA A100-SXM4-80GB,nvidia-gpu-operator,nvidia-dcgm-exporter-xq25l,openshift-monitoring/k8s,nvidia-dcgm-exporter,0.0
2024-05-21 16:49:00.772000074,NVIDIA,6.16,G506.0210.00.03,2.0,1652523021837,92.00.45.00.05,535.104.05,12.535.104.05,fmaas-devstage-backen-9cjgj-worker-a100-il-rdma-3-jx6tm,GPU-b30541a1-5408-9bb3-d9fa-12665d1e7472,DCGM_FI_DEV_ROW_REMAP_FAILURE,nvidia-dcgm-exporter,nvidia4,gpu-metrics,,,,4,192.241.129.18:9400,nvidia-dcgm-exporter,NVIDIA A100-SXM4-80GB,nvidia-gpu-operator,nvidia-dcgm-exporter-xq25l,openshift-monitoring/k8s,nvidia-dcgm-exporter,0.0
2024-05-21 16:49:30.772000074,NVIDIA,6.16,G506.0210.00.03,2.0,1652523021837,92.00.45.00.05,535.104.05,12.535.104.05,fmaas-devstage-backen-9cjgj-worker-a100-il-rdma-3-jx6tm,GPU-b30541a1-5408-9bb3-d9fa-12665d1e7472,DCGM_FI_DEV_ROW_REMAP_FAILURE,nvidia-dcgm-exporter,nvidia4,gpu-metrics,,,,4,192.241.129.18:9400,nvidia-dcgm-exporter,NVIDIA A100-SXM4-80GB,nvidia-gpu-operator,nvidia-dcgm-exporter-xq25l,openshift-monitoring/k8s,nvidia-dcgm-exporter,0.0
2024-05-21 16:50:00.772000074,NVIDIA,6.16,G506.0210.00.03,2.0,1652523021837,92.00.45.00.05,535.104.05,12.535.104.05,fmaas-devstage-backen-9cjgj-worker-a100-il-rdma-3-jx6tm,GPU-b30541a1-5408-9bb3-d9fa-12665d1e7472,DCGM_FI_DEV_ROW_REMAP_FAILURE,nvidia-dcgm-exporter,nvidia4,gpu-metrics,,,,4,192.241.129.18:9400,nvidia-dcgm-exporter,NVIDIA A100-SXM4-80GB,nvidia-gpu-operator,nvidia-dcgm-exporter-xq25l,openshift-monitoring/k8s,nvidia-dcgm-exporter,0.0
2024-05-21 16:50:30.772000074,NVIDIA,6.16,G506.0210.00.03,2.0,1652523021837,92.00.45.00.05,535.104.05,12.535.104.05,fmaas-devstage-backen-9cjgj-worker-a100-il-rdma-3-jx6tm,GPU-b30541a1-5408-9bb3-d9fa-12665d1e7472,DCGM_FI_DEV_ROW_REMAP_FAILURE,nvidia-dcgm-exporter,nvidia4,gpu-metrics,,,,4,192.241.129.18:9400,nvidia-dcgm-exporter,NVIDIA A100-SXM4-80GB,nvidia-gpu-operator,nvidia-dcgm-exporter-xq25l,openshift-monitoring/k8s,nvidia-dcgm-exporter,0.0
2024-05-21 16:51:00.772000074,NVIDIA,6.16,G506.0210.00.03,2.0,1652523021837,92.00.45.00.05,535.104.05,12.535.104.05,fmaas-devstage-backen-9cjgj-worker-a100-il-rdma-3-jx6tm,GPU-b30541a1-5408-9bb3-d9fa-12665d1e7472,DCGM_FI_DEV_ROW_REMAP_FAILURE,nvidia-dcgm-exporter,nvidia4,gpu-metrics,,,,4,192.241.129.18:9400,nvidia-dcgm-exporter,NVIDIA A100-SXM4-80GB,nvidia-gpu-operator,nvidia-dcgm-exporter-xq25l,openshift-monitoring/k8s,nvidia-dcgm-exporter,0.0
2024-05-21 16:51:30.772000074,NVIDIA,6.16,G506.0210.00.03,2.0,1652523021837,92.00.45.00.05,535.104.05,12.535.104.05,fmaas-devstage-backen-9cjgj-worker-a100-il-rdma-3-jx6tm,GPU-b30541a1-5408-9bb3-d9fa-12665d1e7472,DCGM_FI_DEV_ROW_REMAP_FAILURE,nvidia-dcgm-exporter,nvidia4,gpu-metrics,,,,4,192.241.129.18:9400,nvidia-dcgm-exporter,NVIDIA A100-SXM4-80GB,nvidia-gpu-operator,nvidia-dcgm-exporter-xq25l,openshift-monitoring/k8s,nvidia-dcgm-exporter,0.0
2024-05-21 16:52:00.772000074,NVIDIA,6.16,G506.0210.00.03,2.0,1652523021837,92.00.45.00.05,535.104.05,12.535.104.05,fmaas-devstage-backen-9cjgj-worker-a100-il-rdma-3-jx6tm,GPU-b30541a1-5408-9bb3-d9fa-12665d1e7472,DCGM_FI_DEV_ROW_REMAP_FAILURE,nvidia-dcgm-exporter,nvidia4,gpu-metrics,,,,4,192.241.129.18:9400,nvidia-dcgm-exporter,NVIDIA A100-SXM4-80GB,nvidia-gpu-operator,nvidia-dcgm-exporter-xq25l,openshift-monitoring/k8s,nvidia-dcgm-exporter,0.0
2024-05-21 16:52:30.772000074,NVIDIA,6.16,G506.0210.00.03,2.0,1652523021837,92.00.45.00.05,535.104.05,12.535.104.05,fmaas-devstage-backen-9cjgj-worker-a100-il-rdma-3-jx6tm,GPU-b30541a1-5408-9bb3-d9fa-12665d1e7472,DCGM_FI_DEV_ROW_REMAP_FAILURE,nvidia-dcgm-exporter,nvidia4,gpu-metrics,,,,4,192.241.129.18:9400,nvidia-dcgm-exporter,NVIDIA A100-SXM4-80GB,nvidia-gpu-operator,nvidia-dcgm-exporter-xq25l,openshift-monitoring/k8s,nvidia-dcgm-exporter,0.0
2024-05-21 16:53:00.772000074,NVIDIA,6.16,G506.0210.00.03,2.0,1652523021837,92.00.45.00.05,535.104.05,12.535.104.05,fmaas-devstage-backen-9cjgj-worker-a100-il-rdma-3-jx6tm,GPU-b30541a1-5408-9bb3-d9fa-12665d1e7472,DCGM_FI_DEV_ROW_REMAP_FAILURE,nvidia-dcgm-exporter,nvidia4,gpu-metrics,,,,4,192.241.129.18:9400,nvidia-dcgm-exporter,NVIDIA A100-SXM4-80GB,nvidia-gpu-operator,nvidia-dcgm-exporter-xq25l,openshift-monitoring/k8s,nvidia-dcgm-exporter,0.0
2024-05-21 16:53:30.772000074,NVIDIA,6.16,G506.0210.00.03,2.0,1652523021837,92.00.45.00.05,535.104.05,12.535.104.05,fmaas-devstage-backen-9cjgj-worker-a100-il-rdma-3-jx6tm,GPU-b30541a1-5408-9bb3-d9fa-12665d1e7472,DCGM_FI_DEV_ROW_REMAP_FAILURE,nvidia-dcgm-exporter,nvidia4,gpu-metrics,,,,4,192.241.129.18:9400,nvidia-dcgm-exporter,NVIDIA A100-SXM4-80GB,nvidia-gpu-operator,nvidia-dcgm-exporter-xq25l,openshift-monitoring/k8s,nvidia-dcgm-exporter,0.0
2024-05-21 16:54:00.772000074,NVIDIA,6.16,G506.0210.00.03,2.0,1652523021837,92.00.45.00.05,535.104.05,12.535.104.05,fmaas-devstage-backen-9cjgj-worker-a100-il-rdma-3-jx6tm,GPU-b30541a1-5408-9bb3-d9fa-12665d1e7472,DCGM_FI_DEV_ROW_REMAP_FAILURE,nvidia-dcgm-exporter,nvidia4,gpu-metrics,,,,4,192.241.129.18:9400,nvidia-dcgm-exporter,NVIDIA A100-SXM4-80GB,nvidia-gpu-operator,nvidia-dcgm-exporter-xq25l,openshift-monitoring/k8s,nvidia-dcgm-exporter,0.0
2024-05-21 16:54:30.772000074,NVIDIA,6.16,G506.0210.00.03,2.0,1652523021837,92.00.45.00.05,535.104.05,12.535.104.05,fmaas-devstage-backen-9cjgj-worker-a100-il-rdma-3-jx6tm,GPU-b30541a1-5408-9bb3-d9fa-12665d1e7472,DCGM_FI_DEV_ROW_REMAP_FAILURE,nvidia-dcgm-exporter,nvidia4,gpu-metrics,,,,4,192.241.129.18:9400,nvidia-dcgm-exporter,NVIDIA A100-SXM4-80GB,nvidia-gpu-operator,nvidia-dcgm-exporter-xq25l,openshift-monitoring/k8s,nvidia-dcgm-exporter,0.0
2024-05-21 16:55:00.772000074,NVIDIA,6.16,G506.0210.00.03,2.0,1652523021837,92.00.45.00.05,535.104.05,12.535.104.05,fmaas-devstage-backen-9cjgj-worker-a100-il-rdma-3-jx6tm,GPU-b30541a1-5408-9bb3-d9fa-12665d1e7472,DCGM_FI_DEV_ROW_REMAP_FAILURE,nvidia-dcgm-exporter,nvidia4,gpu-metrics,,,,4,192.241.129.18:9400,nvidia-dcgm-exporter,NVIDIA A100-SXM4-80GB,nvidia-gpu-operator,nvidia-dcgm-exporter-xq25l,openshift-monitoring/k8s,nvidia-dcgm-exporter,0.0
2024-05-21 16:55:30.772000074,NVIDIA,6.16,G506.0210.00.03,2.0,1652523021837,92.00.45.00.05,535.104.05,12.535.104.05,fmaas-devstage-backen-9cjgj-worker-a100-il-rdma-3-jx6tm,GPU-b30541a1-5408-9bb3-d9fa-12665d1e7472,DCGM_FI_DEV_ROW_REMAP_FAILURE,nvidia-dcgm-exporter,nvidia4,gpu-metrics,,,,4,192.241.129.18:9400,nvidia-dcgm-exporter,NVIDIA A100-SXM4-80GB,nvidia-gpu-operator,nvidia-dcgm-exporter-xq25l,openshift-monitoring/k8s,nvidia-dcgm-exporter,0.0
2024-05-21 16:45:43.667999983,NVIDIA,6.16,G506.0210.00.03,2.0,1652523023451,92.00.45.00.05,535.104.05,12.535.104.05,fmaas-devstage-backen-9cjgj-worker-a100-il-rdma-3-jx6tm,GPU-5a7be2c2-efcc-3083-73b1-eee12a966584,DCGM_FI_DEV_ROW_REMAP_FAILURE,nvidia-dcgm-exporter,nvidia0,gpu-metrics,,,,0,192.241.129.18:9400,nvidia-dcgm-exporter,NVIDIA A100-SXM4-80GB,nvidia-gpu-operator,nvidia-dcgm-exporter-xq25l,openshift-monitoring/k8s,nvidia-dcgm-exporter,0.0
2024-05-21 16:46:00.772000074,NVIDIA,6.16,G506.0210.00.03,2.0,1652523023451,92.00.45.00.05,535.104.05,12.535.104.05,fmaas-devstage-backen-9cjgj-worker-a100-il-rdma-3-jx6tm,GPU-5a7be2c2-efcc-3083-73b1-eee12a966584,DCGM_FI_DEV_ROW_REMAP_FAILURE,nvidia-dcgm-exporter,nvidia0,gpu-metrics,,,,0,192.241.129.18:9400,nvidia-dcgm-exporter,NVIDIA A100-SXM4-80GB,nvidia-gpu-operator,nvidia-dcgm-exporter-xq25l,openshift-monitoring/k8s,nvidia-dcgm-exporter,0.0
2024-05-21 16:46:30.772000074,NVIDIA,6.16,G506.0210.00.03,2.0,1652523023451,92.00.45.00.05,535.104.05,12.535.104.05,fmaas-devstage-backen-9cjgj-worker-a100-il-rdma-3-jx6tm,GPU-5a7be2c2-efcc-3083-73b1-eee12a966584,DCGM_FI_DEV_ROW_REMAP_FAILURE,nvidia-dcgm-exporter,nvidia0,gpu-metrics,,,,0,192.241.129.18:9400,nvidia-dcgm-exporter,NVIDIA A100-SXM4-80GB,nvidia-gpu-operator,nvidia-dcgm-exporter-xq25l,openshift-monitoring/k8s,nvidia-dcgm-exporter,0.0
2024-05-21 16:47:00.772000074,NVIDIA,6.16,G506.0210.00.03,2.0,1652523023451,92.00.45.00.05,535.104.05,12.535.104.05,fmaas-devstage-backen-9cjgj-worker-a100-il-rdma-3-jx6tm,GPU-5a7be2c2-efcc-3083-73b1-eee12a966584,DCGM_FI_DEV_ROW_REMAP_FAILURE,nvidia-dcgm-exporter,nvidia0,gpu-metrics,,,,0,192.241.129.18:9400,nvidia-dcgm-exporter,NVIDIA A100-SXM4-80GB,nvidia-gpu-operator,nvidia-dcgm-exporter-xq25l,openshift-monitoring/k8s,nvidia-dcgm-exporter,0.0
2024-05-21 16:47:30.772000074,NVIDIA,6.16,G506.0210.00.03,2.0,1652523023451,92.00.45.00.05,535.104.05,12.535.104.05,fmaas-devstage-backen-9cjgj-worker-a100-il-rdma-3-jx6tm,GPU-5a7be2c2-efcc-3083-73b1-eee12a966584,DCGM_FI_DEV_ROW_REMAP_FAILURE,nvidia-dcgm-exporter,nvidia0,gpu-metrics,,,,0,192.241.129.18:9400,nvidia-dcgm-exporter,NVIDIA A100-SXM4-80GB,nvidia-gpu-operator,nvidia-dcgm-exporter-xq25l,openshift-monitoring/k8s,nvidia-dcgm-exporter,0.0
2024-05-21 16:48:00.772000074,NVIDIA,6.16,G506.0210.00.03,2.0,1652523023451,92.00.45.00.05,535.104.05,12.535.104.05,fmaas-devstage-backen-9cjgj-worker-a100-il-rdma-3-jx6tm,GPU-5a7be2c2-efcc-3083-73b1-eee12a966584,DCGM_FI_DEV_ROW_REMAP_FAILURE,nvidia-dcgm-exporter,nvidia0,gpu-metrics,,,,0,192.241.129.18:9400,nvidia-dcgm-exporter,NVIDIA A100-SXM4-80GB,nvidia-gpu-operator,nvidia-dcgm-exporter-xq25l,openshift-monitoring/k8s,nvidia-dcgm-exporter,0.0
2024-05-21 16:48:30.772000074,NVIDIA,6.16,G506.0210.00.03,2.0,1652523023451,92.00.45.00.05,535.104.05,12.535.104.05,fmaas-devstage-backen-9cjgj-worker-a100-il-rdma-3-jx6tm,GPU-5a7be2c2-efcc-3083-73b1-eee12a966584,DCGM_FI_DEV_ROW_REMAP_FAILURE,nvidia-dcgm-exporter,nvidia0,gpu-metrics,,,,0,192.241.129.18:9400,nvidia-dcgm-exporter,NVIDIA A100-SXM4-80GB,nvidia-gpu-operator,nvidia-dcgm-exporter-xq25l,openshift-monitoring/k8s,nvidia-dcgm-exporter,0.0
2024-05-21 16:49:00.772000074,NVIDIA,6.16,G506.0210.00.03,2.0,1652523023451,92.00.45.00.05,535.104.05,12.535.104.05,fmaas-devstage-backen-9cjgj-worker-a100-il-rdma-3-jx6tm,GPU-5a7be2c2-efcc-3083-73b1-eee12a966584,DCGM_FI_DEV_ROW_REMAP_FAILURE,nvidia-dcgm-exporter,nvidia0,gpu-metrics,,,,0,192.241.129.18:9400,nvidia-dcgm-exporter,NVIDIA A100-SXM4-80GB,nvidia-gpu-operator,nvidia-dcgm-exporter-xq25l,openshift-monitoring/k8s,nvidia-dcgm-exporter,0.0
2024-05-21 16:49:30.772000074,NVIDIA,6.16,G506.0210.00.03,2.0,1652523023451,92.00.45.00.05,535.104.05,12.535.104.05,fmaas-devstage-backen-9cjgj-worker-a100-il-rdma-3-jx6tm,GPU-5a7be2c2-efcc-3083-73b1-eee12a966584,DCGM_FI_DEV_ROW_REMAP_FAILURE,nvidia-dcgm-exporter,nvidia0,gpu-metrics,,,,0,192.241.129.18:9400,nvidia-dcgm-exporter,NVIDIA A100-SXM4-80GB,nvidia-gpu-operator,nvidia-dcgm-exporter-xq25l,openshift-monitoring/k8s,nvidia-dcgm-exporter,0.0
2024-05-21 16:50:00.772000074,NVIDIA,6.16,G506.0210.00.03,2.0,1652523023451,92.00.45.00.05,535.104.05,12.535.104.05,fmaas-devstage-backen-9cjgj-worker-a100-il-rdma-3-jx6tm,GPU-5a7be2c2-efcc-3083-73b1-eee12a966584,DCGM_FI_DEV_ROW_REMAP_FAILURE,nvidia-dcgm-exporter,nvidia0,gpu-metrics,,,,0,192.241.129.18:9400,nvidia-dcgm-exporter,NVIDIA A100-SXM4-80GB,nvidia-gpu-operator,nvidia-dcgm-exporter-xq25l,openshift-monitoring/k8s,nvidia-dcgm-exporter,0.0
2024-05-21 16:50:30.772000074,NVIDIA,6.16,G506.0210.00.03,2.0,1652523023451,92.00.45.00.05,535.104.05,12.535.104.05,fmaas-devstage-backen-9cjgj-worker-a100-il-rdma-3-jx6tm,GPU-5a7be2c2-efcc-3083-73b1-eee12a966584,DCGM_FI_DEV_ROW_REMAP_FAILURE,nvidia-dcgm-exporter,nvidia0,gpu-metrics,,,,0,192.241.129.18:9400,nvidia-dcgm-exporter,NVIDIA A100-SXM4-80GB,nvidia-gpu-operator,nvidia-dcgm-exporter-xq25l,openshift-monitoring/k8s,nvidia-dcgm-exporter,0.0
2024-05-21 16:51:00.772000074,NVIDIA,6.16,G506.0210.00.03,2.0,1652523023451,92.00.45.00.05,535.104.05,12.535.104.05,fmaas-devstage-backen-9cjgj-worker-a100-il-rdma-3-jx6tm,GPU-5a7be2c2-efcc-3083-73b1-eee12a966584,DCGM_FI_DEV_ROW_REMAP_FAILURE,nvidia-dcgm-exporter,nvidia0,gpu-metrics,,,,0,192.241.129.18:9400,nvidia-dcgm-exporter,NVIDIA A100-SXM4-80GB,nvidia-gpu-operator,nvidia-dcgm-exporter-xq25l,openshift-monitoring/k8s,nvidia-dcgm-exporter,0.0
2024-05-21 16:51:30.772000074,NVIDIA,6.16,G506.0210.00.03,2.0,1652523023451,92.00.45.00.05,535.104.05,12.535.104.05,fmaas-devstage-backen-9cjgj-worker-a100-il-rdma-3-jx6tm,GPU-5a7be2c2-efcc-3083-73b1-eee12a966584,DCGM_FI_DEV_ROW_REMAP_FAILURE,nvidia-dcgm-exporter,nvidia0,gpu-metrics,,,,0,192.241.129.18:9400,nvidia-dcgm-exporter,NVIDIA A100-SXM4-80GB,nvidia-gpu-operator,nvidia-dcgm-exporter-xq25l,openshift-monitoring/k8s,nvidia-dcgm-exporter,0.0
2024-05-21 16:52:00.772000074,NVIDIA,6.16,G506.0210.00.03,2.0,1652523023451,92.00.45.00.05,535.104.05,12.535.104.05,fmaas-devstage-backen-9cjgj-worker-a100-il-rdma-3-jx6tm,GPU-5a7be2c2-efcc-3083-73b1-eee12a966584,DCGM_FI_DEV_ROW_REMAP_FAILURE,nvidia-dcgm-exporter,nvidia0,gpu-metrics,,,,0,192.241.129.18:9400,nvidia-dcgm-exporter,NVIDIA A100-SXM4-80GB,nvidia-gpu-operator,nvidia-dcgm-exporter-xq25l,openshift-monitoring/k8s,nvidia-dcgm-exporter,0.0
2024-05-21 16:52:30.772000074,NVIDIA,6.16,G506.0210.00.03,2.0,1652523023451,92.00.45.00.05,535.104.05,12.535.104.05,fmaas-devstage-backen-9cjgj-worker-a100-il-rdma-3-jx6tm,GPU-5a7be2c2-efcc-3083-73b1-eee12a966584,DCGM_FI_DEV_ROW_REMAP_FAILURE,nvidia-dcgm-exporter,nvidia0,gpu-metrics,,,,0,192.241.129.18:9400,nvidia-dcgm-exporter,NVIDIA A100-SXM4-80GB,nvidia-gpu-operator,nvidia-dcgm-exporter-xq25l,openshift-monitoring/k8s,nvidia-dcgm-exporter,0.0
2024-05-21 16:53:00.772000074,NVIDIA,6.16,G506.0210.00.03,2.0,1652523023451,92.00.45.00.05,535.104.05,12.535.104.05,fmaas-devstage-backen-9cjgj-worker-a100-il-rdma-3-jx6tm,GPU-5a7be2c2-efcc-3083-73b1-eee12a966584,DCGM_FI_DEV_ROW_REMAP_FAILURE,nvidia-dcgm-exporter,nvidia0,gpu-metrics,,,,0,192.241.129.18:9400,nvidia-dcgm-exporter,NVIDIA A100-SXM4-80GB,nvidia-gpu-operator,nvidia-dcgm-exporter-xq25l,openshift-monitoring/k8s,nvidia-dcgm-exporter,0.0
2024-05-21 16:53:30.772000074,NVIDIA,6.16,G506.0210.00.03,2.0,1652523023451,92.00.45.00.05,535.104.05,12.535.104.05,fmaas-devstage-backen-9cjgj-worker-a100-il-rdma-3-jx6tm,GPU-5a7be2c2-efcc-3083-73b1-eee12a966584,DCGM_FI_DEV_ROW_REMAP_FAILURE,nvidia-dcgm-exporter,nvidia0,gpu-metrics,,,,0,192.241.129.18:9400,nvidia-dcgm-exporter,NVIDIA A100-SXM4-80GB,nvidia-gpu-operator,nvidia-dcgm-exporter-xq25l,openshift-monitoring/k8s,nvidia-dcgm-exporter,0.0
2024-05-21 16:54:00.772000074,NVIDIA,6.16,G506.0210.00.03,2.0,1652523023451,92.00.45.00.05,535.104.05,12.535.104.05,fmaas-devstage-backen-9cjgj-worker-a100-il-rdma-3-jx6tm,GPU-5a7be2c2-efcc-3083-73b1-eee12a966584,DCGM_FI_DEV_ROW_REMAP_FAILURE,nvidia-dcgm-exporter,nvidia0,gpu-metrics,,,,0,192.241.129.18:9400,nvidia-dcgm-exporter,NVIDIA A100-SXM4-80GB,nvidia-gpu-operator,nvidia-dcgm-exporter-xq25l,openshift-monitoring/k8s,nvidia-dcgm-exporter,0.0
2024-05-21 16:54:30.772000074,NVIDIA,6.16,G506.0210.00.03,2.0,1652523023451,92.00.45.00.05,535.104.05,12.535.104.05,fmaas-devstage-backen-9cjgj-worker-a100-il-rdma-3-jx6tm,GPU-5a7be2c2-efcc-3083-73b1-eee12a966584,DCGM_FI_DEV_ROW_REMAP_FAILURE,nvidia-dcgm-exporter,nvidia0,gpu-metrics,,,,0,192.241.129.18:9400,nvidia-dcgm-exporter,NVIDIA A100-SXM4-80GB,nvidia-gpu-operator,nvidia-dcgm-exporter-xq25l,openshift-monitoring/k8s,nvidia-dcgm-exporter,0.0
2024-05-21 16:55:00.772000074,NVIDIA,6.16,G506.0210.00.03,2.0,1652523023451,92.00.45.00.05,535.104.05,12.535.104.05,fmaas-devstage-backen-9cjgj-worker-a100-il-rdma-3-jx6tm,GPU-5a7be2c2-efcc-3083-73b1-eee12a966584,DCGM_FI_DEV_ROW_REMAP_FAILURE,nvidia-dcgm-exporter,nvidia0,gpu-metrics,,,,0,192.241.129.18:9400,nvidia-dcgm-exporter,NVIDIA A100-SXM4-80GB,nvidia-gpu-operator,nvidia-dcgm-exporter-xq25l,openshift-monitoring/k8s,nvidia-dcgm-exporter,0.0
2024-05-21 16:55:30.772000074,NVIDIA,6.16,G506.0210.00.03,2.0,1652523023451,92.00.45.00.05,535.104.05,12.535.104.05,fmaas-devstage-backen-9cjgj-worker-a100-il-rdma-3-jx6tm,GPU-5a7be2c2-efcc-3083-73b1-eee12a966584,DCGM_FI_DEV_ROW_REMAP_FAILURE,nvidia-dcgm-exporter,nvidia0,gpu-metrics,,,,0,192.241.129.18:9400,nvidia-dcgm-exporter,NVIDIA A100-SXM4-80GB,nvidia-gpu-operator,nvidia-dcgm-exporter-xq25l,openshift-monitoring/k8s,nvidia-dcgm-exporter,0.0
