timestamp,__name__,endpoint,instance,job,makeup,method,namespace,pod,prometheus,service,value
2024-06-11 12:24:00.069999933,tgi_batch_inference_tokproc_duration_count,http,10.129.5.96:3000,tgis-bam,single_only,next_token,fmaas-monitoring,llama3-new,openshift-user-workload-monitoring/user-workload,tgis-bam,33332.0
2024-06-11 12:24:05.069999933,tgi_batch_inference_tokproc_duration_count,http,10.129.5.96:3000,tgis-bam,single_only,next_token,fmaas-monitoring,llama3-new,openshift-user-workload-monitoring/user-workload,tgis-bam,33344.0
2024-06-11 12:24:10.069999933,tgi_batch_inference_tokproc_duration_count,http,10.129.5.96:3000,tgis-bam,single_only,next_token,fmaas-monitoring,llama3-new,openshift-user-workload-monitoring/user-workload,tgis-bam,33354.0
2024-06-11 12:24:15.069999933,tgi_batch_inference_tokproc_duration_count,http,10.129.5.96:3000,tgis-bam,single_only,next_token,fmaas-monitoring,llama3-new,openshift-user-workload-monitoring/user-workload,tgis-bam,33368.0
2024-06-11 12:24:20.069999933,tgi_batch_inference_tokproc_duration_count,http,10.129.5.96:3000,tgis-bam,single_only,next_token,fmaas-monitoring,llama3-new,openshift-user-workload-monitoring/user-workload,tgis-bam,33382.0
2024-06-11 12:24:25.069999933,tgi_batch_inference_tokproc_duration_count,http,10.129.5.96:3000,tgis-bam,single_only,next_token,fmaas-monitoring,llama3-new,openshift-user-workload-monitoring/user-workload,tgis-bam,33395.0
2024-06-11 12:24:30.069999933,tgi_batch_inference_tokproc_duration_count,http,10.129.5.96:3000,tgis-bam,single_only,next_token,fmaas-monitoring,llama3-new,openshift-user-workload-monitoring/user-workload,tgis-bam,33418.0
2024-06-11 12:24:35.069999933,tgi_batch_inference_tokproc_duration_count,http,10.129.5.96:3000,tgis-bam,single_only,next_token,fmaas-monitoring,llama3-new,openshift-user-workload-monitoring/user-workload,tgis-bam,33432.0
2024-06-11 12:24:40.069999933,tgi_batch_inference_tokproc_duration_count,http,10.129.5.96:3000,tgis-bam,single_only,next_token,fmaas-monitoring,llama3-new,openshift-user-workload-monitoring/user-workload,tgis-bam,33446.0
2024-06-11 12:24:45.069999933,tgi_batch_inference_tokproc_duration_count,http,10.129.5.96:3000,tgis-bam,single_only,next_token,fmaas-monitoring,llama3-new,openshift-user-workload-monitoring/user-workload,tgis-bam,33453.0
2024-06-11 12:24:50.069999933,tgi_batch_inference_tokproc_duration_count,http,10.129.5.96:3000,tgis-bam,single_only,next_token,fmaas-monitoring,llama3-new,openshift-user-workload-monitoring/user-workload,tgis-bam,33467.0
2024-06-11 12:24:55.069999933,tgi_batch_inference_tokproc_duration_count,http,10.129.5.96:3000,tgis-bam,single_only,next_token,fmaas-monitoring,llama3-new,openshift-user-workload-monitoring/user-workload,tgis-bam,33478.0
2024-06-11 12:25:00.069999933,tgi_batch_inference_tokproc_duration_count,http,10.129.5.96:3000,tgis-bam,single_only,next_token,fmaas-monitoring,llama3-new,openshift-user-workload-monitoring/user-workload,tgis-bam,33485.0
2024-06-11 12:25:05.069999933,tgi_batch_inference_tokproc_duration_count,http,10.129.5.96:3000,tgis-bam,single_only,next_token,fmaas-monitoring,llama3-new,openshift-user-workload-monitoring/user-workload,tgis-bam,33497.0
2024-06-11 12:25:10.069999933,tgi_batch_inference_tokproc_duration_count,http,10.129.5.96:3000,tgis-bam,single_only,next_token,fmaas-monitoring,llama3-new,openshift-user-workload-monitoring/user-workload,tgis-bam,33509.0
2024-06-11 12:25:15.069999933,tgi_batch_inference_tokproc_duration_count,http,10.129.5.96:3000,tgis-bam,single_only,next_token,fmaas-monitoring,llama3-new,openshift-user-workload-monitoring/user-workload,tgis-bam,33521.0
2024-06-11 12:25:20.069999933,tgi_batch_inference_tokproc_duration_count,http,10.129.5.96:3000,tgis-bam,single_only,next_token,fmaas-monitoring,llama3-new,openshift-user-workload-monitoring/user-workload,tgis-bam,33534.0
2024-06-11 12:25:25.069999933,tgi_batch_inference_tokproc_duration_count,http,10.129.5.96:3000,tgis-bam,single_only,next_token,fmaas-monitoring,llama3-new,openshift-user-workload-monitoring/user-workload,tgis-bam,33541.0
2024-06-11 12:25:30.069999933,tgi_batch_inference_tokproc_duration_count,http,10.129.5.96:3000,tgis-bam,single_only,next_token,fmaas-monitoring,llama3-new,openshift-user-workload-monitoring/user-workload,tgis-bam,33550.0
2024-06-11 12:25:35.069999933,tgi_batch_inference_tokproc_duration_count,http,10.129.5.96:3000,tgis-bam,single_only,next_token,fmaas-monitoring,llama3-new,openshift-user-workload-monitoring/user-workload,tgis-bam,33566.0
2024-06-11 12:25:40.069999933,tgi_batch_inference_tokproc_duration_count,http,10.129.5.96:3000,tgis-bam,single_only,next_token,fmaas-monitoring,llama3-new,openshift-user-workload-monitoring/user-workload,tgis-bam,33578.0
2024-06-11 12:25:45.069999933,tgi_batch_inference_tokproc_duration_count,http,10.129.5.96:3000,tgis-bam,single_only,next_token,fmaas-monitoring,llama3-new,openshift-user-workload-monitoring/user-workload,tgis-bam,33593.0
2024-06-11 12:25:50.069999933,tgi_batch_inference_tokproc_duration_count,http,10.129.5.96:3000,tgis-bam,single_only,next_token,fmaas-monitoring,llama3-new,openshift-user-workload-monitoring/user-workload,tgis-bam,33603.0
2024-06-11 12:25:55.069999933,tgi_batch_inference_tokproc_duration_count,http,10.129.5.96:3000,tgis-bam,single_only,next_token,fmaas-monitoring,llama3-new,openshift-user-workload-monitoring/user-workload,tgis-bam,33614.0
2024-06-11 12:26:00.069999933,tgi_batch_inference_tokproc_duration_count,http,10.129.5.96:3000,tgis-bam,single_only,next_token,fmaas-monitoring,llama3-new,openshift-user-workload-monitoring/user-workload,tgis-bam,33629.0
2024-06-11 12:26:05.069999933,tgi_batch_inference_tokproc_duration_count,http,10.129.5.96:3000,tgis-bam,single_only,next_token,fmaas-monitoring,llama3-new,openshift-user-workload-monitoring/user-workload,tgis-bam,33635.0
2024-06-11 12:26:10.075000048,tgi_batch_inference_tokproc_duration_count,http,10.129.5.96:3000,tgis-bam,single_only,next_token,fmaas-monitoring,llama3-new,openshift-user-workload-monitoring/user-workload,tgis-bam,33647.0
2024-06-11 12:26:15.069999933,tgi_batch_inference_tokproc_duration_count,http,10.129.5.96:3000,tgis-bam,single_only,next_token,fmaas-monitoring,llama3-new,openshift-user-workload-monitoring/user-workload,tgis-bam,33659.0
2024-06-11 12:26:20.069999933,tgi_batch_inference_tokproc_duration_count,http,10.129.5.96:3000,tgis-bam,single_only,next_token,fmaas-monitoring,llama3-new,openshift-user-workload-monitoring/user-workload,tgis-bam,33666.0
2024-06-11 12:26:25.069999933,tgi_batch_inference_tokproc_duration_count,http,10.129.5.96:3000,tgis-bam,single_only,next_token,fmaas-monitoring,llama3-new,openshift-user-workload-monitoring/user-workload,tgis-bam,33678.0
2024-06-11 12:26:30.069999933,tgi_batch_inference_tokproc_duration_count,http,10.129.5.96:3000,tgis-bam,single_only,next_token,fmaas-monitoring,llama3-new,openshift-user-workload-monitoring/user-workload,tgis-bam,33690.0
2024-06-11 12:26:35.069999933,tgi_batch_inference_tokproc_duration_count,http,10.129.5.96:3000,tgis-bam,single_only,next_token,fmaas-monitoring,llama3-new,openshift-user-workload-monitoring/user-workload,tgis-bam,33698.0
2024-06-11 12:26:40.069999933,tgi_batch_inference_tokproc_duration_count,http,10.129.5.96:3000,tgis-bam,single_only,next_token,fmaas-monitoring,llama3-new,openshift-user-workload-monitoring/user-workload,tgis-bam,33712.0
2024-06-11 12:26:45.069999933,tgi_batch_inference_tokproc_duration_count,http,10.129.5.96:3000,tgis-bam,single_only,next_token,fmaas-monitoring,llama3-new,openshift-user-workload-monitoring/user-workload,tgis-bam,33720.0
2024-06-11 12:26:50.069999933,tgi_batch_inference_tokproc_duration_count,http,10.129.5.96:3000,tgis-bam,single_only,next_token,fmaas-monitoring,llama3-new,openshift-user-workload-monitoring/user-workload,tgis-bam,33729.0
2024-06-11 12:26:55.069999933,tgi_batch_inference_tokproc_duration_count,http,10.129.5.96:3000,tgis-bam,single_only,next_token,fmaas-monitoring,llama3-new,openshift-user-workload-monitoring/user-workload,tgis-bam,33744.0
2024-06-11 12:27:00.069999933,tgi_batch_inference_tokproc_duration_count,http,10.129.5.96:3000,tgis-bam,single_only,next_token,fmaas-monitoring,llama3-new,openshift-user-workload-monitoring/user-workload,tgis-bam,33757.0
2024-06-11 12:27:05.069999933,tgi_batch_inference_tokproc_duration_count,http,10.129.5.96:3000,tgis-bam,single_only,next_token,fmaas-monitoring,llama3-new,openshift-user-workload-monitoring/user-workload,tgis-bam,33771.0
2024-06-11 12:27:10.069999933,tgi_batch_inference_tokproc_duration_count,http,10.129.5.96:3000,tgis-bam,single_only,next_token,fmaas-monitoring,llama3-new,openshift-user-workload-monitoring/user-workload,tgis-bam,33784.0
2024-06-11 12:27:15.069999933,tgi_batch_inference_tokproc_duration_count,http,10.129.5.96:3000,tgis-bam,single_only,next_token,fmaas-monitoring,llama3-new,openshift-user-workload-monitoring/user-workload,tgis-bam,33787.0
2024-06-11 12:27:20.069999933,tgi_batch_inference_tokproc_duration_count,http,10.129.5.96:3000,tgis-bam,single_only,next_token,fmaas-monitoring,llama3-new,openshift-user-workload-monitoring/user-workload,tgis-bam,33800.0
2024-06-11 12:27:25.069999933,tgi_batch_inference_tokproc_duration_count,http,10.129.5.96:3000,tgis-bam,single_only,next_token,fmaas-monitoring,llama3-new,openshift-user-workload-monitoring/user-workload,tgis-bam,33813.0
2024-06-11 12:27:30.069999933,tgi_batch_inference_tokproc_duration_count,http,10.129.5.96:3000,tgis-bam,single_only,next_token,fmaas-monitoring,llama3-new,openshift-user-workload-monitoring/user-workload,tgis-bam,33827.0
2024-06-11 12:27:35.069999933,tgi_batch_inference_tokproc_duration_count,http,10.129.5.96:3000,tgis-bam,single_only,next_token,fmaas-monitoring,llama3-new,openshift-user-workload-monitoring/user-workload,tgis-bam,33836.0
2024-06-11 12:27:40.069999933,tgi_batch_inference_tokproc_duration_count,http,10.129.5.96:3000,tgis-bam,single_only,next_token,fmaas-monitoring,llama3-new,openshift-user-workload-monitoring/user-workload,tgis-bam,33843.0
2024-06-11 12:27:45.069999933,tgi_batch_inference_tokproc_duration_count,http,10.129.5.96:3000,tgis-bam,single_only,next_token,fmaas-monitoring,llama3-new,openshift-user-workload-monitoring/user-workload,tgis-bam,33857.0
2024-06-11 12:27:50.069999933,tgi_batch_inference_tokproc_duration_count,http,10.129.5.96:3000,tgis-bam,single_only,next_token,fmaas-monitoring,llama3-new,openshift-user-workload-monitoring/user-workload,tgis-bam,33877.0
2024-06-11 12:27:55.069999933,tgi_batch_inference_tokproc_duration_count,http,10.129.5.96:3000,tgis-bam,single_only,next_token,fmaas-monitoring,llama3-new,openshift-user-workload-monitoring/user-workload,tgis-bam,33898.0
2024-06-11 12:28:00.069999933,tgi_batch_inference_tokproc_duration_count,http,10.129.5.96:3000,tgis-bam,single_only,next_token,fmaas-monitoring,llama3-new,openshift-user-workload-monitoring/user-workload,tgis-bam,33906.0
2024-06-11 12:28:05.069999933,tgi_batch_inference_tokproc_duration_count,http,10.129.5.96:3000,tgis-bam,single_only,next_token,fmaas-monitoring,llama3-new,openshift-user-workload-monitoring/user-workload,tgis-bam,33912.0
2024-06-11 12:28:10.069999933,tgi_batch_inference_tokproc_duration_count,http,10.129.5.96:3000,tgis-bam,single_only,next_token,fmaas-monitoring,llama3-new,openshift-user-workload-monitoring/user-workload,tgis-bam,33925.0
2024-06-11 12:28:15.069999933,tgi_batch_inference_tokproc_duration_count,http,10.129.5.96:3000,tgis-bam,single_only,next_token,fmaas-monitoring,llama3-new,openshift-user-workload-monitoring/user-workload,tgis-bam,33939.0
2024-06-11 12:28:20.069999933,tgi_batch_inference_tokproc_duration_count,http,10.129.5.96:3000,tgis-bam,single_only,next_token,fmaas-monitoring,llama3-new,openshift-user-workload-monitoring/user-workload,tgis-bam,33953.0
2024-06-11 12:28:25.069999933,tgi_batch_inference_tokproc_duration_count,http,10.129.5.96:3000,tgis-bam,single_only,next_token,fmaas-monitoring,llama3-new,openshift-user-workload-monitoring/user-workload,tgis-bam,33962.0
2024-06-11 12:28:30.069999933,tgi_batch_inference_tokproc_duration_count,http,10.129.5.96:3000,tgis-bam,single_only,next_token,fmaas-monitoring,llama3-new,openshift-user-workload-monitoring/user-workload,tgis-bam,33969.0
2024-06-11 12:28:35.069999933,tgi_batch_inference_tokproc_duration_count,http,10.129.5.96:3000,tgis-bam,single_only,next_token,fmaas-monitoring,llama3-new,openshift-user-workload-monitoring/user-workload,tgis-bam,33975.0
2024-06-11 12:28:40.069999933,tgi_batch_inference_tokproc_duration_count,http,10.129.5.96:3000,tgis-bam,single_only,next_token,fmaas-monitoring,llama3-new,openshift-user-workload-monitoring/user-workload,tgis-bam,33988.0
2024-06-11 12:28:45.069999933,tgi_batch_inference_tokproc_duration_count,http,10.129.5.96:3000,tgis-bam,single_only,next_token,fmaas-monitoring,llama3-new,openshift-user-workload-monitoring/user-workload,tgis-bam,34002.0
2024-06-11 12:28:50.069999933,tgi_batch_inference_tokproc_duration_count,http,10.129.5.96:3000,tgis-bam,single_only,next_token,fmaas-monitoring,llama3-new,openshift-user-workload-monitoring/user-workload,tgis-bam,34016.0
2024-06-11 12:28:55.069999933,tgi_batch_inference_tokproc_duration_count,http,10.129.5.96:3000,tgis-bam,single_only,next_token,fmaas-monitoring,llama3-new,openshift-user-workload-monitoring/user-workload,tgis-bam,34025.0
2024-06-11 12:29:00.069999933,tgi_batch_inference_tokproc_duration_count,http,10.129.5.96:3000,tgis-bam,single_only,next_token,fmaas-monitoring,llama3-new,openshift-user-workload-monitoring/user-workload,tgis-bam,34032.0
2024-06-11 12:29:05.069999933,tgi_batch_inference_tokproc_duration_count,http,10.129.5.96:3000,tgis-bam,single_only,next_token,fmaas-monitoring,llama3-new,openshift-user-workload-monitoring/user-workload,tgis-bam,34043.0
2024-06-11 12:29:10.069999933,tgi_batch_inference_tokproc_duration_count,http,10.129.5.96:3000,tgis-bam,single_only,next_token,fmaas-monitoring,llama3-new,openshift-user-workload-monitoring/user-workload,tgis-bam,34057.0
2024-06-11 12:29:15.069999933,tgi_batch_inference_tokproc_duration_count,http,10.129.5.96:3000,tgis-bam,single_only,next_token,fmaas-monitoring,llama3-new,openshift-user-workload-monitoring/user-workload,tgis-bam,34072.0
2024-06-11 12:29:20.069999933,tgi_batch_inference_tokproc_duration_count,http,10.129.5.96:3000,tgis-bam,single_only,next_token,fmaas-monitoring,llama3-new,openshift-user-workload-monitoring/user-workload,tgis-bam,34081.0
2024-06-11 12:29:25.069999933,tgi_batch_inference_tokproc_duration_count,http,10.129.5.96:3000,tgis-bam,single_only,next_token,fmaas-monitoring,llama3-new,openshift-user-workload-monitoring/user-workload,tgis-bam,34091.0
2024-06-11 12:29:30.069999933,tgi_batch_inference_tokproc_duration_count,http,10.129.5.96:3000,tgis-bam,single_only,next_token,fmaas-monitoring,llama3-new,openshift-user-workload-monitoring/user-workload,tgis-bam,34098.0
2024-06-11 12:29:35.069999933,tgi_batch_inference_tokproc_duration_count,http,10.129.5.96:3000,tgis-bam,single_only,next_token,fmaas-monitoring,llama3-new,openshift-user-workload-monitoring/user-workload,tgis-bam,34108.0
2024-06-11 12:29:40.069999933,tgi_batch_inference_tokproc_duration_count,http,10.129.5.96:3000,tgis-bam,single_only,next_token,fmaas-monitoring,llama3-new,openshift-user-workload-monitoring/user-workload,tgis-bam,34121.0
2024-06-11 12:29:45.086999893,tgi_batch_inference_tokproc_duration_count,http,10.129.5.96:3000,tgis-bam,single_only,next_token,fmaas-monitoring,llama3-new,openshift-user-workload-monitoring/user-workload,tgis-bam,34134.0
2024-06-11 12:29:50.069999933,tgi_batch_inference_tokproc_duration_count,http,10.129.5.96:3000,tgis-bam,single_only,next_token,fmaas-monitoring,llama3-new,openshift-user-workload-monitoring/user-workload,tgis-bam,34139.0
2024-06-11 12:29:55.069999933,tgi_batch_inference_tokproc_duration_count,http,10.129.5.96:3000,tgis-bam,single_only,next_token,fmaas-monitoring,llama3-new,openshift-user-workload-monitoring/user-workload,tgis-bam,34150.0
2024-06-11 12:30:00.069999933,tgi_batch_inference_tokproc_duration_count,http,10.129.5.96:3000,tgis-bam,single_only,next_token,fmaas-monitoring,llama3-new,openshift-user-workload-monitoring/user-workload,tgis-bam,34158.0
2024-06-11 12:30:05.069999933,tgi_batch_inference_tokproc_duration_count,http,10.129.5.96:3000,tgis-bam,single_only,next_token,fmaas-monitoring,llama3-new,openshift-user-workload-monitoring/user-workload,tgis-bam,34176.0
2024-06-11 12:30:10.069999933,tgi_batch_inference_tokproc_duration_count,http,10.129.5.96:3000,tgis-bam,single_only,next_token,fmaas-monitoring,llama3-new,openshift-user-workload-monitoring/user-workload,tgis-bam,34196.0
2024-06-11 12:30:15.069999933,tgi_batch_inference_tokproc_duration_count,http,10.129.5.96:3000,tgis-bam,single_only,next_token,fmaas-monitoring,llama3-new,openshift-user-workload-monitoring/user-workload,tgis-bam,34203.0
2024-06-11 12:30:20.069999933,tgi_batch_inference_tokproc_duration_count,http,10.129.5.96:3000,tgis-bam,single_only,next_token,fmaas-monitoring,llama3-new,openshift-user-workload-monitoring/user-workload,tgis-bam,34211.0
2024-06-11 12:30:25.069999933,tgi_batch_inference_tokproc_duration_count,http,10.129.5.96:3000,tgis-bam,single_only,next_token,fmaas-monitoring,llama3-new,openshift-user-workload-monitoring/user-workload,tgis-bam,34219.0
2024-06-11 12:30:30.069999933,tgi_batch_inference_tokproc_duration_count,http,10.129.5.96:3000,tgis-bam,single_only,next_token,fmaas-monitoring,llama3-new,openshift-user-workload-monitoring/user-workload,tgis-bam,34233.0
2024-06-11 12:30:35.069999933,tgi_batch_inference_tokproc_duration_count,http,10.129.5.96:3000,tgis-bam,single_only,next_token,fmaas-monitoring,llama3-new,openshift-user-workload-monitoring/user-workload,tgis-bam,34247.0
2024-06-11 12:30:40.069999933,tgi_batch_inference_tokproc_duration_count,http,10.129.5.96:3000,tgis-bam,single_only,next_token,fmaas-monitoring,llama3-new,openshift-user-workload-monitoring/user-workload,tgis-bam,34258.0
2024-06-11 12:30:45.069999933,tgi_batch_inference_tokproc_duration_count,http,10.129.5.96:3000,tgis-bam,single_only,next_token,fmaas-monitoring,llama3-new,openshift-user-workload-monitoring/user-workload,tgis-bam,34264.0
2024-06-11 12:30:50.069999933,tgi_batch_inference_tokproc_duration_count,http,10.129.5.96:3000,tgis-bam,single_only,next_token,fmaas-monitoring,llama3-new,openshift-user-workload-monitoring/user-workload,tgis-bam,34273.0
2024-06-11 12:30:55.069999933,tgi_batch_inference_tokproc_duration_count,http,10.129.5.96:3000,tgis-bam,single_only,next_token,fmaas-monitoring,llama3-new,openshift-user-workload-monitoring/user-workload,tgis-bam,34280.0
2024-06-11 12:31:00.069999933,tgi_batch_inference_tokproc_duration_count,http,10.129.5.96:3000,tgis-bam,single_only,next_token,fmaas-monitoring,llama3-new,openshift-user-workload-monitoring/user-workload,tgis-bam,34294.0
2024-06-11 12:31:05.069999933,tgi_batch_inference_tokproc_duration_count,http,10.129.5.96:3000,tgis-bam,single_only,next_token,fmaas-monitoring,llama3-new,openshift-user-workload-monitoring/user-workload,tgis-bam,34309.0
2024-06-11 12:31:10.069999933,tgi_batch_inference_tokproc_duration_count,http,10.129.5.96:3000,tgis-bam,single_only,next_token,fmaas-monitoring,llama3-new,openshift-user-workload-monitoring/user-workload,tgis-bam,34317.0
2024-06-11 12:31:15.069999933,tgi_batch_inference_tokproc_duration_count,http,10.129.5.96:3000,tgis-bam,single_only,next_token,fmaas-monitoring,llama3-new,openshift-user-workload-monitoring/user-workload,tgis-bam,34322.0
2024-06-11 12:31:20.069999933,tgi_batch_inference_tokproc_duration_count,http,10.129.5.96:3000,tgis-bam,single_only,next_token,fmaas-monitoring,llama3-new,openshift-user-workload-monitoring/user-workload,tgis-bam,34327.0
2024-06-11 12:31:25.069999933,tgi_batch_inference_tokproc_duration_count,http,10.129.5.96:3000,tgis-bam,single_only,next_token,fmaas-monitoring,llama3-new,openshift-user-workload-monitoring/user-workload,tgis-bam,34337.0
2024-06-11 12:31:30.069999933,tgi_batch_inference_tokproc_duration_count,http,10.129.5.96:3000,tgis-bam,single_only,next_token,fmaas-monitoring,llama3-new,openshift-user-workload-monitoring/user-workload,tgis-bam,34351.0
2024-06-11 12:31:35.069999933,tgi_batch_inference_tokproc_duration_count,http,10.129.5.96:3000,tgis-bam,single_only,next_token,fmaas-monitoring,llama3-new,openshift-user-workload-monitoring/user-workload,tgis-bam,34365.0
2024-06-11 12:31:40.069999933,tgi_batch_inference_tokproc_duration_count,http,10.129.5.96:3000,tgis-bam,single_only,next_token,fmaas-monitoring,llama3-new,openshift-user-workload-monitoring/user-workload,tgis-bam,34376.0
2024-06-11 12:31:45.069999933,tgi_batch_inference_tokproc_duration_count,http,10.129.5.96:3000,tgis-bam,single_only,next_token,fmaas-monitoring,llama3-new,openshift-user-workload-monitoring/user-workload,tgis-bam,34386.0
2024-06-11 12:31:50.069999933,tgi_batch_inference_tokproc_duration_count,http,10.129.5.96:3000,tgis-bam,single_only,next_token,fmaas-monitoring,llama3-new,openshift-user-workload-monitoring/user-workload,tgis-bam,34395.0
2024-06-11 12:31:55.069999933,tgi_batch_inference_tokproc_duration_count,http,10.129.5.96:3000,tgis-bam,single_only,next_token,fmaas-monitoring,llama3-new,openshift-user-workload-monitoring/user-workload,tgis-bam,34402.0
2024-06-11 12:32:00.069999933,tgi_batch_inference_tokproc_duration_count,http,10.129.5.96:3000,tgis-bam,single_only,next_token,fmaas-monitoring,llama3-new,openshift-user-workload-monitoring/user-workload,tgis-bam,34417.0
2024-06-11 12:32:05.069999933,tgi_batch_inference_tokproc_duration_count,http,10.129.5.96:3000,tgis-bam,single_only,next_token,fmaas-monitoring,llama3-new,openshift-user-workload-monitoring/user-workload,tgis-bam,34431.0
2024-06-11 12:32:10.069999933,tgi_batch_inference_tokproc_duration_count,http,10.129.5.96:3000,tgis-bam,single_only,next_token,fmaas-monitoring,llama3-new,openshift-user-workload-monitoring/user-workload,tgis-bam,34439.0
2024-06-11 12:32:15.069999933,tgi_batch_inference_tokproc_duration_count,http,10.129.5.96:3000,tgis-bam,single_only,next_token,fmaas-monitoring,llama3-new,openshift-user-workload-monitoring/user-workload,tgis-bam,34447.0
2024-06-11 12:32:20.069999933,tgi_batch_inference_tokproc_duration_count,http,10.129.5.96:3000,tgis-bam,single_only,next_token,fmaas-monitoring,llama3-new,openshift-user-workload-monitoring/user-workload,tgis-bam,34454.0
2024-06-11 12:32:25.069999933,tgi_batch_inference_tokproc_duration_count,http,10.129.5.96:3000,tgis-bam,single_only,next_token,fmaas-monitoring,llama3-new,openshift-user-workload-monitoring/user-workload,tgis-bam,34468.0
2024-06-11 12:32:30.069999933,tgi_batch_inference_tokproc_duration_count,http,10.129.5.96:3000,tgis-bam,single_only,next_token,fmaas-monitoring,llama3-new,openshift-user-workload-monitoring/user-workload,tgis-bam,34485.0
2024-06-11 12:32:35.069999933,tgi_batch_inference_tokproc_duration_count,http,10.129.5.96:3000,tgis-bam,single_only,next_token,fmaas-monitoring,llama3-new,openshift-user-workload-monitoring/user-workload,tgis-bam,34496.0
2024-06-11 12:32:40.069999933,tgi_batch_inference_tokproc_duration_count,http,10.129.5.96:3000,tgis-bam,single_only,next_token,fmaas-monitoring,llama3-new,openshift-user-workload-monitoring/user-workload,tgis-bam,34506.0
2024-06-11 12:32:45.069999933,tgi_batch_inference_tokproc_duration_count,http,10.129.5.96:3000,tgis-bam,single_only,next_token,fmaas-monitoring,llama3-new,openshift-user-workload-monitoring/user-workload,tgis-bam,34518.0
2024-06-11 12:32:50.069999933,tgi_batch_inference_tokproc_duration_count,http,10.129.5.96:3000,tgis-bam,single_only,next_token,fmaas-monitoring,llama3-new,openshift-user-workload-monitoring/user-workload,tgis-bam,34532.0
2024-06-11 12:32:55.069999933,tgi_batch_inference_tokproc_duration_count,http,10.129.5.96:3000,tgis-bam,single_only,next_token,fmaas-monitoring,llama3-new,openshift-user-workload-monitoring/user-workload,tgis-bam,34547.0
2024-06-11 12:33:00.069999933,tgi_batch_inference_tokproc_duration_count,http,10.129.5.96:3000,tgis-bam,single_only,next_token,fmaas-monitoring,llama3-new,openshift-user-workload-monitoring/user-workload,tgis-bam,34556.0
2024-06-11 12:33:05.069999933,tgi_batch_inference_tokproc_duration_count,http,10.129.5.96:3000,tgis-bam,single_only,next_token,fmaas-monitoring,llama3-new,openshift-user-workload-monitoring/user-workload,tgis-bam,34562.0
2024-06-11 12:33:10.069999933,tgi_batch_inference_tokproc_duration_count,http,10.129.5.96:3000,tgis-bam,single_only,next_token,fmaas-monitoring,llama3-new,openshift-user-workload-monitoring/user-workload,tgis-bam,34572.0
2024-06-11 12:33:15.069999933,tgi_batch_inference_tokproc_duration_count,http,10.129.5.96:3000,tgis-bam,single_only,next_token,fmaas-monitoring,llama3-new,openshift-user-workload-monitoring/user-workload,tgis-bam,34586.0
2024-06-11 12:33:20.069999933,tgi_batch_inference_tokproc_duration_count,http,10.129.5.96:3000,tgis-bam,single_only,next_token,fmaas-monitoring,llama3-new,openshift-user-workload-monitoring/user-workload,tgis-bam,34600.0
2024-06-11 12:33:25.082000017,tgi_batch_inference_tokproc_duration_count,http,10.129.5.96:3000,tgis-bam,single_only,next_token,fmaas-monitoring,llama3-new,openshift-user-workload-monitoring/user-workload,tgis-bam,34612.0
2024-06-11 12:33:30.069999933,tgi_batch_inference_tokproc_duration_count,http,10.129.5.96:3000,tgis-bam,single_only,next_token,fmaas-monitoring,llama3-new,openshift-user-workload-monitoring/user-workload,tgis-bam,34621.0
2024-06-11 12:33:35.069999933,tgi_batch_inference_tokproc_duration_count,http,10.129.5.96:3000,tgis-bam,single_only,next_token,fmaas-monitoring,llama3-new,openshift-user-workload-monitoring/user-workload,tgis-bam,34627.0
2024-06-11 12:33:40.069999933,tgi_batch_inference_tokproc_duration_count,http,10.129.5.96:3000,tgis-bam,single_only,next_token,fmaas-monitoring,llama3-new,openshift-user-workload-monitoring/user-workload,tgis-bam,34634.0
2024-06-11 12:33:45.069999933,tgi_batch_inference_tokproc_duration_count,http,10.129.5.96:3000,tgis-bam,single_only,next_token,fmaas-monitoring,llama3-new,openshift-user-workload-monitoring/user-workload,tgis-bam,34647.0
2024-06-11 12:33:50.069999933,tgi_batch_inference_tokproc_duration_count,http,10.129.5.96:3000,tgis-bam,single_only,next_token,fmaas-monitoring,llama3-new,openshift-user-workload-monitoring/user-workload,tgis-bam,34661.0
2024-06-11 12:33:55.069999933,tgi_batch_inference_tokproc_duration_count,http,10.129.5.96:3000,tgis-bam,single_only,next_token,fmaas-monitoring,llama3-new,openshift-user-workload-monitoring/user-workload,tgis-bam,34673.0
2024-06-11 12:24:00.069999933,tgi_batch_inference_tokproc_duration_count,http,10.129.5.96:3000,tgis-bam,single_only,prefill,fmaas-monitoring,llama3-new,openshift-user-workload-monitoring/user-workload,tgis-bam,11065.0
2024-06-11 12:24:05.069999933,tgi_batch_inference_tokproc_duration_count,http,10.129.5.96:3000,tgis-bam,single_only,prefill,fmaas-monitoring,llama3-new,openshift-user-workload-monitoring/user-workload,tgis-bam,11073.0
2024-06-11 12:24:10.069999933,tgi_batch_inference_tokproc_duration_count,http,10.129.5.96:3000,tgis-bam,single_only,prefill,fmaas-monitoring,llama3-new,openshift-user-workload-monitoring/user-workload,tgis-bam,11077.0
2024-06-11 12:24:15.069999933,tgi_batch_inference_tokproc_duration_count,http,10.129.5.96:3000,tgis-bam,single_only,prefill,fmaas-monitoring,llama3-new,openshift-user-workload-monitoring/user-workload,tgis-bam,11077.0
2024-06-11 12:24:20.069999933,tgi_batch_inference_tokproc_duration_count,http,10.129.5.96:3000,tgis-bam,single_only,prefill,fmaas-monitoring,llama3-new,openshift-user-workload-monitoring/user-workload,tgis-bam,11077.0
2024-06-11 12:24:25.069999933,tgi_batch_inference_tokproc_duration_count,http,10.129.5.96:3000,tgis-bam,single_only,prefill,fmaas-monitoring,llama3-new,openshift-user-workload-monitoring/user-workload,tgis-bam,11083.0
2024-06-11 12:24:30.069999933,tgi_batch_inference_tokproc_duration_count,http,10.129.5.96:3000,tgis-bam,single_only,prefill,fmaas-monitoring,llama3-new,openshift-user-workload-monitoring/user-workload,tgis-bam,11089.0
2024-06-11 12:24:35.069999933,tgi_batch_inference_tokproc_duration_count,http,10.129.5.96:3000,tgis-bam,single_only,prefill,fmaas-monitoring,llama3-new,openshift-user-workload-monitoring/user-workload,tgis-bam,11092.0
2024-06-11 12:24:40.069999933,tgi_batch_inference_tokproc_duration_count,http,10.129.5.96:3000,tgis-bam,single_only,prefill,fmaas-monitoring,llama3-new,openshift-user-workload-monitoring/user-workload,tgis-bam,11092.0
2024-06-11 12:24:45.069999933,tgi_batch_inference_tokproc_duration_count,http,10.129.5.96:3000,tgis-bam,single_only,prefill,fmaas-monitoring,llama3-new,openshift-user-workload-monitoring/user-workload,tgis-bam,11098.0
2024-06-11 12:24:50.069999933,tgi_batch_inference_tokproc_duration_count,http,10.129.5.96:3000,tgis-bam,single_only,prefill,fmaas-monitoring,llama3-new,openshift-user-workload-monitoring/user-workload,tgis-bam,11099.0
2024-06-11 12:24:55.069999933,tgi_batch_inference_tokproc_duration_count,http,10.129.5.96:3000,tgis-bam,single_only,prefill,fmaas-monitoring,llama3-new,openshift-user-workload-monitoring/user-workload,tgis-bam,11100.0
2024-06-11 12:25:00.069999933,tgi_batch_inference_tokproc_duration_count,http,10.129.5.96:3000,tgis-bam,single_only,prefill,fmaas-monitoring,llama3-new,openshift-user-workload-monitoring/user-workload,tgis-bam,11104.0
2024-06-11 12:25:05.069999933,tgi_batch_inference_tokproc_duration_count,http,10.129.5.96:3000,tgis-bam,single_only,prefill,fmaas-monitoring,llama3-new,openshift-user-workload-monitoring/user-workload,tgis-bam,11105.0
2024-06-11 12:25:10.069999933,tgi_batch_inference_tokproc_duration_count,http,10.129.5.96:3000,tgis-bam,single_only,prefill,fmaas-monitoring,llama3-new,openshift-user-workload-monitoring/user-workload,tgis-bam,11109.0
2024-06-11 12:25:15.069999933,tgi_batch_inference_tokproc_duration_count,http,10.129.5.96:3000,tgis-bam,single_only,prefill,fmaas-monitoring,llama3-new,openshift-user-workload-monitoring/user-workload,tgis-bam,11112.0
2024-06-11 12:25:20.069999933,tgi_batch_inference_tokproc_duration_count,http,10.129.5.96:3000,tgis-bam,single_only,prefill,fmaas-monitoring,llama3-new,openshift-user-workload-monitoring/user-workload,tgis-bam,11113.0
2024-06-11 12:25:25.069999933,tgi_batch_inference_tokproc_duration_count,http,10.129.5.96:3000,tgis-bam,single_only,prefill,fmaas-monitoring,llama3-new,openshift-user-workload-monitoring/user-workload,tgis-bam,11116.0
2024-06-11 12:25:30.069999933,tgi_batch_inference_tokproc_duration_count,http,10.129.5.96:3000,tgis-bam,single_only,prefill,fmaas-monitoring,llama3-new,openshift-user-workload-monitoring/user-workload,tgis-bam,11122.0
2024-06-11 12:25:35.069999933,tgi_batch_inference_tokproc_duration_count,http,10.129.5.96:3000,tgis-bam,single_only,prefill,fmaas-monitoring,llama3-new,openshift-user-workload-monitoring/user-workload,tgis-bam,11122.0
2024-06-11 12:25:40.069999933,tgi_batch_inference_tokproc_duration_count,http,10.129.5.96:3000,tgis-bam,single_only,prefill,fmaas-monitoring,llama3-new,openshift-user-workload-monitoring/user-workload,tgis-bam,11123.0
2024-06-11 12:25:45.069999933,tgi_batch_inference_tokproc_duration_count,http,10.129.5.96:3000,tgis-bam,single_only,prefill,fmaas-monitoring,llama3-new,openshift-user-workload-monitoring/user-workload,tgis-bam,11123.0
2024-06-11 12:25:50.069999933,tgi_batch_inference_tokproc_duration_count,http,10.129.5.96:3000,tgis-bam,single_only,prefill,fmaas-monitoring,llama3-new,openshift-user-workload-monitoring/user-workload,tgis-bam,11127.0
2024-06-11 12:25:55.069999933,tgi_batch_inference_tokproc_duration_count,http,10.129.5.96:3000,tgis-bam,single_only,prefill,fmaas-monitoring,llama3-new,openshift-user-workload-monitoring/user-workload,tgis-bam,11130.0
2024-06-11 12:26:00.069999933,tgi_batch_inference_tokproc_duration_count,http,10.129.5.96:3000,tgis-bam,single_only,prefill,fmaas-monitoring,llama3-new,openshift-user-workload-monitoring/user-workload,tgis-bam,11130.0
2024-06-11 12:26:05.069999933,tgi_batch_inference_tokproc_duration_count,http,10.129.5.96:3000,tgis-bam,single_only,prefill,fmaas-monitoring,llama3-new,openshift-user-workload-monitoring/user-workload,tgis-bam,11133.0
2024-06-11 12:26:10.075000048,tgi_batch_inference_tokproc_duration_count,http,10.129.5.96:3000,tgis-bam,single_only,prefill,fmaas-monitoring,llama3-new,openshift-user-workload-monitoring/user-workload,tgis-bam,11138.0
2024-06-11 12:26:15.069999933,tgi_batch_inference_tokproc_duration_count,http,10.129.5.96:3000,tgis-bam,single_only,prefill,fmaas-monitoring,llama3-new,openshift-user-workload-monitoring/user-workload,tgis-bam,11140.0
2024-06-11 12:26:20.069999933,tgi_batch_inference_tokproc_duration_count,http,10.129.5.96:3000,tgis-bam,single_only,prefill,fmaas-monitoring,llama3-new,openshift-user-workload-monitoring/user-workload,tgis-bam,11145.0
2024-06-11 12:26:25.069999933,tgi_batch_inference_tokproc_duration_count,http,10.129.5.96:3000,tgis-bam,single_only,prefill,fmaas-monitoring,llama3-new,openshift-user-workload-monitoring/user-workload,tgis-bam,11147.0
2024-06-11 12:26:30.069999933,tgi_batch_inference_tokproc_duration_count,http,10.129.5.96:3000,tgis-bam,single_only,prefill,fmaas-monitoring,llama3-new,openshift-user-workload-monitoring/user-workload,tgis-bam,11148.0
2024-06-11 12:26:35.069999933,tgi_batch_inference_tokproc_duration_count,http,10.129.5.96:3000,tgis-bam,single_only,prefill,fmaas-monitoring,llama3-new,openshift-user-workload-monitoring/user-workload,tgis-bam,11150.0
2024-06-11 12:26:40.069999933,tgi_batch_inference_tokproc_duration_count,http,10.129.5.96:3000,tgis-bam,single_only,prefill,fmaas-monitoring,llama3-new,openshift-user-workload-monitoring/user-workload,tgis-bam,11150.0
2024-06-11 12:26:45.069999933,tgi_batch_inference_tokproc_duration_count,http,10.129.5.96:3000,tgis-bam,single_only,prefill,fmaas-monitoring,llama3-new,openshift-user-workload-monitoring/user-workload,tgis-bam,11152.0
2024-06-11 12:26:50.069999933,tgi_batch_inference_tokproc_duration_count,http,10.129.5.96:3000,tgis-bam,single_only,prefill,fmaas-monitoring,llama3-new,openshift-user-workload-monitoring/user-workload,tgis-bam,11157.0
2024-06-11 12:26:55.069999933,tgi_batch_inference_tokproc_duration_count,http,10.129.5.96:3000,tgis-bam,single_only,prefill,fmaas-monitoring,llama3-new,openshift-user-workload-monitoring/user-workload,tgis-bam,11157.0
2024-06-11 12:27:00.069999933,tgi_batch_inference_tokproc_duration_count,http,10.129.5.96:3000,tgis-bam,single_only,prefill,fmaas-monitoring,llama3-new,openshift-user-workload-monitoring/user-workload,tgis-bam,11160.0
2024-06-11 12:27:05.069999933,tgi_batch_inference_tokproc_duration_count,http,10.129.5.96:3000,tgis-bam,single_only,prefill,fmaas-monitoring,llama3-new,openshift-user-workload-monitoring/user-workload,tgis-bam,11160.0
2024-06-11 12:27:10.069999933,tgi_batch_inference_tokproc_duration_count,http,10.129.5.96:3000,tgis-bam,single_only,prefill,fmaas-monitoring,llama3-new,openshift-user-workload-monitoring/user-workload,tgis-bam,11163.0
2024-06-11 12:27:15.069999933,tgi_batch_inference_tokproc_duration_count,http,10.129.5.96:3000,tgis-bam,single_only,prefill,fmaas-monitoring,llama3-new,openshift-user-workload-monitoring/user-workload,tgis-bam,11164.0
2024-06-11 12:27:20.069999933,tgi_batch_inference_tokproc_duration_count,http,10.129.5.96:3000,tgis-bam,single_only,prefill,fmaas-monitoring,llama3-new,openshift-user-workload-monitoring/user-workload,tgis-bam,11166.0
2024-06-11 12:27:25.069999933,tgi_batch_inference_tokproc_duration_count,http,10.129.5.96:3000,tgis-bam,single_only,prefill,fmaas-monitoring,llama3-new,openshift-user-workload-monitoring/user-workload,tgis-bam,11168.0
2024-06-11 12:27:30.069999933,tgi_batch_inference_tokproc_duration_count,http,10.129.5.96:3000,tgis-bam,single_only,prefill,fmaas-monitoring,llama3-new,openshift-user-workload-monitoring/user-workload,tgis-bam,11169.0
2024-06-11 12:27:35.069999933,tgi_batch_inference_tokproc_duration_count,http,10.129.5.96:3000,tgis-bam,single_only,prefill,fmaas-monitoring,llama3-new,openshift-user-workload-monitoring/user-workload,tgis-bam,11170.0
2024-06-11 12:27:40.069999933,tgi_batch_inference_tokproc_duration_count,http,10.129.5.96:3000,tgis-bam,single_only,prefill,fmaas-monitoring,llama3-new,openshift-user-workload-monitoring/user-workload,tgis-bam,11172.0
2024-06-11 12:27:45.069999933,tgi_batch_inference_tokproc_duration_count,http,10.129.5.96:3000,tgis-bam,single_only,prefill,fmaas-monitoring,llama3-new,openshift-user-workload-monitoring/user-workload,tgis-bam,11179.0
2024-06-11 12:27:50.069999933,tgi_batch_inference_tokproc_duration_count,http,10.129.5.96:3000,tgis-bam,single_only,prefill,fmaas-monitoring,llama3-new,openshift-user-workload-monitoring/user-workload,tgis-bam,11179.0
2024-06-11 12:27:55.069999933,tgi_batch_inference_tokproc_duration_count,http,10.129.5.96:3000,tgis-bam,single_only,prefill,fmaas-monitoring,llama3-new,openshift-user-workload-monitoring/user-workload,tgis-bam,11180.0
2024-06-11 12:28:00.069999933,tgi_batch_inference_tokproc_duration_count,http,10.129.5.96:3000,tgis-bam,single_only,prefill,fmaas-monitoring,llama3-new,openshift-user-workload-monitoring/user-workload,tgis-bam,11182.0
2024-06-11 12:28:05.069999933,tgi_batch_inference_tokproc_duration_count,http,10.129.5.96:3000,tgis-bam,single_only,prefill,fmaas-monitoring,llama3-new,openshift-user-workload-monitoring/user-workload,tgis-bam,11185.0
2024-06-11 12:28:10.069999933,tgi_batch_inference_tokproc_duration_count,http,10.129.5.96:3000,tgis-bam,single_only,prefill,fmaas-monitoring,llama3-new,openshift-user-workload-monitoring/user-workload,tgis-bam,11187.0
2024-06-11 12:28:15.069999933,tgi_batch_inference_tokproc_duration_count,http,10.129.5.96:3000,tgis-bam,single_only,prefill,fmaas-monitoring,llama3-new,openshift-user-workload-monitoring/user-workload,tgis-bam,11187.0
2024-06-11 12:28:20.069999933,tgi_batch_inference_tokproc_duration_count,http,10.129.5.96:3000,tgis-bam,single_only,prefill,fmaas-monitoring,llama3-new,openshift-user-workload-monitoring/user-workload,tgis-bam,11187.0
2024-06-11 12:28:25.069999933,tgi_batch_inference_tokproc_duration_count,http,10.129.5.96:3000,tgis-bam,single_only,prefill,fmaas-monitoring,llama3-new,openshift-user-workload-monitoring/user-workload,tgis-bam,11190.0
2024-06-11 12:28:30.069999933,tgi_batch_inference_tokproc_duration_count,http,10.129.5.96:3000,tgis-bam,single_only,prefill,fmaas-monitoring,llama3-new,openshift-user-workload-monitoring/user-workload,tgis-bam,11194.0
2024-06-11 12:28:35.069999933,tgi_batch_inference_tokproc_duration_count,http,10.129.5.96:3000,tgis-bam,single_only,prefill,fmaas-monitoring,llama3-new,openshift-user-workload-monitoring/user-workload,tgis-bam,11196.0
2024-06-11 12:28:40.069999933,tgi_batch_inference_tokproc_duration_count,http,10.129.5.96:3000,tgis-bam,single_only,prefill,fmaas-monitoring,llama3-new,openshift-user-workload-monitoring/user-workload,tgis-bam,11197.0
2024-06-11 12:28:45.069999933,tgi_batch_inference_tokproc_duration_count,http,10.129.5.96:3000,tgis-bam,single_only,prefill,fmaas-monitoring,llama3-new,openshift-user-workload-monitoring/user-workload,tgis-bam,11197.0
2024-06-11 12:28:50.069999933,tgi_batch_inference_tokproc_duration_count,http,10.129.5.96:3000,tgis-bam,single_only,prefill,fmaas-monitoring,llama3-new,openshift-user-workload-monitoring/user-workload,tgis-bam,11198.0
2024-06-11 12:28:55.069999933,tgi_batch_inference_tokproc_duration_count,http,10.129.5.96:3000,tgis-bam,single_only,prefill,fmaas-monitoring,llama3-new,openshift-user-workload-monitoring/user-workload,tgis-bam,11203.0
2024-06-11 12:29:00.069999933,tgi_batch_inference_tokproc_duration_count,http,10.129.5.96:3000,tgis-bam,single_only,prefill,fmaas-monitoring,llama3-new,openshift-user-workload-monitoring/user-workload,tgis-bam,11205.0
2024-06-11 12:29:05.069999933,tgi_batch_inference_tokproc_duration_count,http,10.129.5.96:3000,tgis-bam,single_only,prefill,fmaas-monitoring,llama3-new,openshift-user-workload-monitoring/user-workload,tgis-bam,11207.0
2024-06-11 12:29:10.069999933,tgi_batch_inference_tokproc_duration_count,http,10.129.5.96:3000,tgis-bam,single_only,prefill,fmaas-monitoring,llama3-new,openshift-user-workload-monitoring/user-workload,tgis-bam,11207.0
2024-06-11 12:29:15.069999933,tgi_batch_inference_tokproc_duration_count,http,10.129.5.96:3000,tgis-bam,single_only,prefill,fmaas-monitoring,llama3-new,openshift-user-workload-monitoring/user-workload,tgis-bam,11207.0
2024-06-11 12:29:20.069999933,tgi_batch_inference_tokproc_duration_count,http,10.129.5.96:3000,tgis-bam,single_only,prefill,fmaas-monitoring,llama3-new,openshift-user-workload-monitoring/user-workload,tgis-bam,11214.0
2024-06-11 12:29:25.069999933,tgi_batch_inference_tokproc_duration_count,http,10.129.5.96:3000,tgis-bam,single_only,prefill,fmaas-monitoring,llama3-new,openshift-user-workload-monitoring/user-workload,tgis-bam,11216.0
2024-06-11 12:29:30.069999933,tgi_batch_inference_tokproc_duration_count,http,10.129.5.96:3000,tgis-bam,single_only,prefill,fmaas-monitoring,llama3-new,openshift-user-workload-monitoring/user-workload,tgis-bam,11219.0
2024-06-11 12:29:35.069999933,tgi_batch_inference_tokproc_duration_count,http,10.129.5.96:3000,tgis-bam,single_only,prefill,fmaas-monitoring,llama3-new,openshift-user-workload-monitoring/user-workload,tgis-bam,11222.0
2024-06-11 12:29:40.069999933,tgi_batch_inference_tokproc_duration_count,http,10.129.5.96:3000,tgis-bam,single_only,prefill,fmaas-monitoring,llama3-new,openshift-user-workload-monitoring/user-workload,tgis-bam,11223.0
2024-06-11 12:29:45.086999893,tgi_batch_inference_tokproc_duration_count,http,10.129.5.96:3000,tgis-bam,single_only,prefill,fmaas-monitoring,llama3-new,openshift-user-workload-monitoring/user-workload,tgis-bam,11224.0
2024-06-11 12:29:50.069999933,tgi_batch_inference_tokproc_duration_count,http,10.129.5.96:3000,tgis-bam,single_only,prefill,fmaas-monitoring,llama3-new,openshift-user-workload-monitoring/user-workload,tgis-bam,11228.0
2024-06-11 12:29:55.069999933,tgi_batch_inference_tokproc_duration_count,http,10.129.5.96:3000,tgis-bam,single_only,prefill,fmaas-monitoring,llama3-new,openshift-user-workload-monitoring/user-workload,tgis-bam,11231.0
2024-06-11 12:30:00.069999933,tgi_batch_inference_tokproc_duration_count,http,10.129.5.96:3000,tgis-bam,single_only,prefill,fmaas-monitoring,llama3-new,openshift-user-workload-monitoring/user-workload,tgis-bam,11234.0
2024-06-11 12:30:05.069999933,tgi_batch_inference_tokproc_duration_count,http,10.129.5.96:3000,tgis-bam,single_only,prefill,fmaas-monitoring,llama3-new,openshift-user-workload-monitoring/user-workload,tgis-bam,11234.0
2024-06-11 12:30:10.069999933,tgi_batch_inference_tokproc_duration_count,http,10.129.5.96:3000,tgis-bam,single_only,prefill,fmaas-monitoring,llama3-new,openshift-user-workload-monitoring/user-workload,tgis-bam,11234.0
2024-06-11 12:30:15.069999933,tgi_batch_inference_tokproc_duration_count,http,10.129.5.96:3000,tgis-bam,single_only,prefill,fmaas-monitoring,llama3-new,openshift-user-workload-monitoring/user-workload,tgis-bam,11235.0
2024-06-11 12:30:20.069999933,tgi_batch_inference_tokproc_duration_count,http,10.129.5.96:3000,tgis-bam,single_only,prefill,fmaas-monitoring,llama3-new,openshift-user-workload-monitoring/user-workload,tgis-bam,11240.0
2024-06-11 12:30:25.069999933,tgi_batch_inference_tokproc_duration_count,http,10.129.5.96:3000,tgis-bam,single_only,prefill,fmaas-monitoring,llama3-new,openshift-user-workload-monitoring/user-workload,tgis-bam,11243.0
2024-06-11 12:30:30.069999933,tgi_batch_inference_tokproc_duration_count,http,10.129.5.96:3000,tgis-bam,single_only,prefill,fmaas-monitoring,llama3-new,openshift-user-workload-monitoring/user-workload,tgis-bam,11243.0
2024-06-11 12:30:35.069999933,tgi_batch_inference_tokproc_duration_count,http,10.129.5.96:3000,tgis-bam,single_only,prefill,fmaas-monitoring,llama3-new,openshift-user-workload-monitoring/user-workload,tgis-bam,11243.0
2024-06-11 12:30:40.069999933,tgi_batch_inference_tokproc_duration_count,http,10.129.5.96:3000,tgis-bam,single_only,prefill,fmaas-monitoring,llama3-new,openshift-user-workload-monitoring/user-workload,tgis-bam,11244.0
2024-06-11 12:30:45.069999933,tgi_batch_inference_tokproc_duration_count,http,10.129.5.96:3000,tgis-bam,single_only,prefill,fmaas-monitoring,llama3-new,openshift-user-workload-monitoring/user-workload,tgis-bam,11250.0
2024-06-11 12:30:50.069999933,tgi_batch_inference_tokproc_duration_count,http,10.129.5.96:3000,tgis-bam,single_only,prefill,fmaas-monitoring,llama3-new,openshift-user-workload-monitoring/user-workload,tgis-bam,11256.0
2024-06-11 12:30:55.069999933,tgi_batch_inference_tokproc_duration_count,http,10.129.5.96:3000,tgis-bam,single_only,prefill,fmaas-monitoring,llama3-new,openshift-user-workload-monitoring/user-workload,tgis-bam,11259.0
2024-06-11 12:31:00.069999933,tgi_batch_inference_tokproc_duration_count,http,10.129.5.96:3000,tgis-bam,single_only,prefill,fmaas-monitoring,llama3-new,openshift-user-workload-monitoring/user-workload,tgis-bam,11259.0
2024-06-11 12:31:05.069999933,tgi_batch_inference_tokproc_duration_count,http,10.129.5.96:3000,tgis-bam,single_only,prefill,fmaas-monitoring,llama3-new,openshift-user-workload-monitoring/user-workload,tgis-bam,11259.0
2024-06-11 12:31:10.069999933,tgi_batch_inference_tokproc_duration_count,http,10.129.5.96:3000,tgis-bam,single_only,prefill,fmaas-monitoring,llama3-new,openshift-user-workload-monitoring/user-workload,tgis-bam,11261.0
2024-06-11 12:31:15.069999933,tgi_batch_inference_tokproc_duration_count,http,10.129.5.96:3000,tgis-bam,single_only,prefill,fmaas-monitoring,llama3-new,openshift-user-workload-monitoring/user-workload,tgis-bam,11264.0
2024-06-11 12:31:20.069999933,tgi_batch_inference_tokproc_duration_count,http,10.129.5.96:3000,tgis-bam,single_only,prefill,fmaas-monitoring,llama3-new,openshift-user-workload-monitoring/user-workload,tgis-bam,11269.0
2024-06-11 12:31:25.069999933,tgi_batch_inference_tokproc_duration_count,http,10.129.5.96:3000,tgis-bam,single_only,prefill,fmaas-monitoring,llama3-new,openshift-user-workload-monitoring/user-workload,tgis-bam,11270.0
2024-06-11 12:31:30.069999933,tgi_batch_inference_tokproc_duration_count,http,10.129.5.96:3000,tgis-bam,single_only,prefill,fmaas-monitoring,llama3-new,openshift-user-workload-monitoring/user-workload,tgis-bam,11272.0
2024-06-11 12:31:35.069999933,tgi_batch_inference_tokproc_duration_count,http,10.129.5.96:3000,tgis-bam,single_only,prefill,fmaas-monitoring,llama3-new,openshift-user-workload-monitoring/user-workload,tgis-bam,11272.0
2024-06-11 12:31:40.069999933,tgi_batch_inference_tokproc_duration_count,http,10.129.5.96:3000,tgis-bam,single_only,prefill,fmaas-monitoring,llama3-new,openshift-user-workload-monitoring/user-workload,tgis-bam,11275.0
2024-06-11 12:31:45.069999933,tgi_batch_inference_tokproc_duration_count,http,10.129.5.96:3000,tgis-bam,single_only,prefill,fmaas-monitoring,llama3-new,openshift-user-workload-monitoring/user-workload,tgis-bam,11281.0
2024-06-11 12:31:50.069999933,tgi_batch_inference_tokproc_duration_count,http,10.129.5.96:3000,tgis-bam,single_only,prefill,fmaas-monitoring,llama3-new,openshift-user-workload-monitoring/user-workload,tgis-bam,11284.0
2024-06-11 12:31:55.069999933,tgi_batch_inference_tokproc_duration_count,http,10.129.5.96:3000,tgis-bam,single_only,prefill,fmaas-monitoring,llama3-new,openshift-user-workload-monitoring/user-workload,tgis-bam,11288.0
2024-06-11 12:32:00.069999933,tgi_batch_inference_tokproc_duration_count,http,10.129.5.96:3000,tgis-bam,single_only,prefill,fmaas-monitoring,llama3-new,openshift-user-workload-monitoring/user-workload,tgis-bam,11288.0
2024-06-11 12:32:05.069999933,tgi_batch_inference_tokproc_duration_count,http,10.129.5.96:3000,tgis-bam,single_only,prefill,fmaas-monitoring,llama3-new,openshift-user-workload-monitoring/user-workload,tgis-bam,11288.0
2024-06-11 12:32:10.069999933,tgi_batch_inference_tokproc_duration_count,http,10.129.5.96:3000,tgis-bam,single_only,prefill,fmaas-monitoring,llama3-new,openshift-user-workload-monitoring/user-workload,tgis-bam,11295.0
2024-06-11 12:32:15.069999933,tgi_batch_inference_tokproc_duration_count,http,10.129.5.96:3000,tgis-bam,single_only,prefill,fmaas-monitoring,llama3-new,openshift-user-workload-monitoring/user-workload,tgis-bam,11301.0
2024-06-11 12:32:20.069999933,tgi_batch_inference_tokproc_duration_count,http,10.129.5.96:3000,tgis-bam,single_only,prefill,fmaas-monitoring,llama3-new,openshift-user-workload-monitoring/user-workload,tgis-bam,11304.0
2024-06-11 12:32:25.069999933,tgi_batch_inference_tokproc_duration_count,http,10.129.5.96:3000,tgis-bam,single_only,prefill,fmaas-monitoring,llama3-new,openshift-user-workload-monitoring/user-workload,tgis-bam,11305.0
2024-06-11 12:32:30.069999933,tgi_batch_inference_tokproc_duration_count,http,10.129.5.96:3000,tgis-bam,single_only,prefill,fmaas-monitoring,llama3-new,openshift-user-workload-monitoring/user-workload,tgis-bam,11305.0
2024-06-11 12:32:35.069999933,tgi_batch_inference_tokproc_duration_count,http,10.129.5.96:3000,tgis-bam,single_only,prefill,fmaas-monitoring,llama3-new,openshift-user-workload-monitoring/user-workload,tgis-bam,11306.0
2024-06-11 12:32:40.069999933,tgi_batch_inference_tokproc_duration_count,http,10.129.5.96:3000,tgis-bam,single_only,prefill,fmaas-monitoring,llama3-new,openshift-user-workload-monitoring/user-workload,tgis-bam,11310.0
2024-06-11 12:32:45.069999933,tgi_batch_inference_tokproc_duration_count,http,10.129.5.96:3000,tgis-bam,single_only,prefill,fmaas-monitoring,llama3-new,openshift-user-workload-monitoring/user-workload,tgis-bam,11313.0
2024-06-11 12:32:50.069999933,tgi_batch_inference_tokproc_duration_count,http,10.129.5.96:3000,tgis-bam,single_only,prefill,fmaas-monitoring,llama3-new,openshift-user-workload-monitoring/user-workload,tgis-bam,11313.0
2024-06-11 12:32:55.069999933,tgi_batch_inference_tokproc_duration_count,http,10.129.5.96:3000,tgis-bam,single_only,prefill,fmaas-monitoring,llama3-new,openshift-user-workload-monitoring/user-workload,tgis-bam,11313.0
2024-06-11 12:33:00.069999933,tgi_batch_inference_tokproc_duration_count,http,10.129.5.96:3000,tgis-bam,single_only,prefill,fmaas-monitoring,llama3-new,openshift-user-workload-monitoring/user-workload,tgis-bam,11315.0
2024-06-11 12:33:05.069999933,tgi_batch_inference_tokproc_duration_count,http,10.129.5.96:3000,tgis-bam,single_only,prefill,fmaas-monitoring,llama3-new,openshift-user-workload-monitoring/user-workload,tgis-bam,11317.0
2024-06-11 12:33:10.069999933,tgi_batch_inference_tokproc_duration_count,http,10.129.5.96:3000,tgis-bam,single_only,prefill,fmaas-monitoring,llama3-new,openshift-user-workload-monitoring/user-workload,tgis-bam,11320.0
2024-06-11 12:33:15.069999933,tgi_batch_inference_tokproc_duration_count,http,10.129.5.96:3000,tgis-bam,single_only,prefill,fmaas-monitoring,llama3-new,openshift-user-workload-monitoring/user-workload,tgis-bam,11320.0
2024-06-11 12:33:20.069999933,tgi_batch_inference_tokproc_duration_count,http,10.129.5.96:3000,tgis-bam,single_only,prefill,fmaas-monitoring,llama3-new,openshift-user-workload-monitoring/user-workload,tgis-bam,11320.0
2024-06-11 12:33:25.082000017,tgi_batch_inference_tokproc_duration_count,http,10.129.5.96:3000,tgis-bam,single_only,prefill,fmaas-monitoring,llama3-new,openshift-user-workload-monitoring/user-workload,tgis-bam,11322.0
2024-06-11 12:33:30.069999933,tgi_batch_inference_tokproc_duration_count,http,10.129.5.96:3000,tgis-bam,single_only,prefill,fmaas-monitoring,llama3-new,openshift-user-workload-monitoring/user-workload,tgis-bam,11329.0
2024-06-11 12:33:35.069999933,tgi_batch_inference_tokproc_duration_count,http,10.129.5.96:3000,tgis-bam,single_only,prefill,fmaas-monitoring,llama3-new,openshift-user-workload-monitoring/user-workload,tgis-bam,11331.0
2024-06-11 12:33:40.069999933,tgi_batch_inference_tokproc_duration_count,http,10.129.5.96:3000,tgis-bam,single_only,prefill,fmaas-monitoring,llama3-new,openshift-user-workload-monitoring/user-workload,tgis-bam,11335.0
2024-06-11 12:33:45.069999933,tgi_batch_inference_tokproc_duration_count,http,10.129.5.96:3000,tgis-bam,single_only,prefill,fmaas-monitoring,llama3-new,openshift-user-workload-monitoring/user-workload,tgis-bam,11337.0
2024-06-11 12:33:50.069999933,tgi_batch_inference_tokproc_duration_count,http,10.129.5.96:3000,tgis-bam,single_only,prefill,fmaas-monitoring,llama3-new,openshift-user-workload-monitoring/user-workload,tgis-bam,11337.0
2024-06-11 12:33:55.069999933,tgi_batch_inference_tokproc_duration_count,http,10.129.5.96:3000,tgis-bam,single_only,prefill,fmaas-monitoring,llama3-new,openshift-user-workload-monitoring/user-workload,tgis-bam,11339.0
2024-06-11 12:34:00.069999933,tgi_batch_inference_tokproc_duration_count,http,10.129.5.96:3000,tgis-bam,single_only,next_token,fmaas-monitoring,llama3-new,openshift-user-workload-monitoring/user-workload,tgis-bam,34678.0
2024-06-11 12:34:05.069999933,tgi_batch_inference_tokproc_duration_count,http,10.129.5.96:3000,tgis-bam,single_only,next_token,fmaas-monitoring,llama3-new,openshift-user-workload-monitoring/user-workload,tgis-bam,34687.0
2024-06-11 12:34:10.069999933,tgi_batch_inference_tokproc_duration_count,http,10.129.5.96:3000,tgis-bam,single_only,next_token,fmaas-monitoring,llama3-new,openshift-user-workload-monitoring/user-workload,tgis-bam,34694.0
2024-06-11 12:34:15.069999933,tgi_batch_inference_tokproc_duration_count,http,10.129.5.96:3000,tgis-bam,single_only,next_token,fmaas-monitoring,llama3-new,openshift-user-workload-monitoring/user-workload,tgis-bam,34703.0
2024-06-11 12:34:20.069999933,tgi_batch_inference_tokproc_duration_count,http,10.129.5.96:3000,tgis-bam,single_only,next_token,fmaas-monitoring,llama3-new,openshift-user-workload-monitoring/user-workload,tgis-bam,34717.0
2024-06-11 12:34:25.069999933,tgi_batch_inference_tokproc_duration_count,http,10.129.5.96:3000,tgis-bam,single_only,next_token,fmaas-monitoring,llama3-new,openshift-user-workload-monitoring/user-workload,tgis-bam,34731.0
2024-06-11 12:34:30.073999882,tgi_batch_inference_tokproc_duration_count,http,10.129.5.96:3000,tgis-bam,single_only,next_token,fmaas-monitoring,llama3-new,openshift-user-workload-monitoring/user-workload,tgis-bam,34740.0
2024-06-11 12:34:35.069999933,tgi_batch_inference_tokproc_duration_count,http,10.129.5.96:3000,tgis-bam,single_only,next_token,fmaas-monitoring,llama3-new,openshift-user-workload-monitoring/user-workload,tgis-bam,34747.0
2024-06-11 12:34:40.069999933,tgi_batch_inference_tokproc_duration_count,http,10.129.5.96:3000,tgis-bam,single_only,next_token,fmaas-monitoring,llama3-new,openshift-user-workload-monitoring/user-workload,tgis-bam,34755.0
2024-06-11 12:34:45.069999933,tgi_batch_inference_tokproc_duration_count,http,10.129.5.96:3000,tgis-bam,single_only,next_token,fmaas-monitoring,llama3-new,openshift-user-workload-monitoring/user-workload,tgis-bam,34764.0
2024-06-11 12:34:50.075000048,tgi_batch_inference_tokproc_duration_count,http,10.129.5.96:3000,tgis-bam,single_only,next_token,fmaas-monitoring,llama3-new,openshift-user-workload-monitoring/user-workload,tgis-bam,34778.0
2024-06-11 12:34:55.069999933,tgi_batch_inference_tokproc_duration_count,http,10.129.5.96:3000,tgis-bam,single_only,next_token,fmaas-monitoring,llama3-new,openshift-user-workload-monitoring/user-workload,tgis-bam,34791.0
2024-06-11 12:35:00.069999933,tgi_batch_inference_tokproc_duration_count,http,10.129.5.96:3000,tgis-bam,single_only,next_token,fmaas-monitoring,llama3-new,openshift-user-workload-monitoring/user-workload,tgis-bam,34801.0
2024-06-11 12:35:05.069999933,tgi_batch_inference_tokproc_duration_count,http,10.129.5.96:3000,tgis-bam,single_only,next_token,fmaas-monitoring,llama3-new,openshift-user-workload-monitoring/user-workload,tgis-bam,34809.0
2024-06-11 12:35:10.069999933,tgi_batch_inference_tokproc_duration_count,http,10.129.5.96:3000,tgis-bam,single_only,next_token,fmaas-monitoring,llama3-new,openshift-user-workload-monitoring/user-workload,tgis-bam,34816.0
2024-06-11 12:35:15.069999933,tgi_batch_inference_tokproc_duration_count,http,10.129.5.96:3000,tgis-bam,single_only,next_token,fmaas-monitoring,llama3-new,openshift-user-workload-monitoring/user-workload,tgis-bam,34823.0
2024-06-11 12:35:20.069999933,tgi_batch_inference_tokproc_duration_count,http,10.129.5.96:3000,tgis-bam,single_only,next_token,fmaas-monitoring,llama3-new,openshift-user-workload-monitoring/user-workload,tgis-bam,34837.0
2024-06-11 12:35:25.069999933,tgi_batch_inference_tokproc_duration_count,http,10.129.5.96:3000,tgis-bam,single_only,next_token,fmaas-monitoring,llama3-new,openshift-user-workload-monitoring/user-workload,tgis-bam,34850.0
2024-06-11 12:35:30.069999933,tgi_batch_inference_tokproc_duration_count,http,10.129.5.96:3000,tgis-bam,single_only,next_token,fmaas-monitoring,llama3-new,openshift-user-workload-monitoring/user-workload,tgis-bam,34858.0
2024-06-11 12:35:35.069999933,tgi_batch_inference_tokproc_duration_count,http,10.129.5.96:3000,tgis-bam,single_only,next_token,fmaas-monitoring,llama3-new,openshift-user-workload-monitoring/user-workload,tgis-bam,34868.0
2024-06-11 12:35:40.069999933,tgi_batch_inference_tokproc_duration_count,http,10.129.5.96:3000,tgis-bam,single_only,next_token,fmaas-monitoring,llama3-new,openshift-user-workload-monitoring/user-workload,tgis-bam,34872.0
2024-06-11 12:35:45.069999933,tgi_batch_inference_tokproc_duration_count,http,10.129.5.96:3000,tgis-bam,single_only,next_token,fmaas-monitoring,llama3-new,openshift-user-workload-monitoring/user-workload,tgis-bam,34879.0
2024-06-11 12:35:50.069999933,tgi_batch_inference_tokproc_duration_count,http,10.129.5.96:3000,tgis-bam,single_only,next_token,fmaas-monitoring,llama3-new,openshift-user-workload-monitoring/user-workload,tgis-bam,34893.0
2024-06-11 12:35:55.069999933,tgi_batch_inference_tokproc_duration_count,http,10.129.5.96:3000,tgis-bam,single_only,next_token,fmaas-monitoring,llama3-new,openshift-user-workload-monitoring/user-workload,tgis-bam,34908.0
2024-06-11 12:36:00.069999933,tgi_batch_inference_tokproc_duration_count,http,10.129.5.96:3000,tgis-bam,single_only,next_token,fmaas-monitoring,llama3-new,openshift-user-workload-monitoring/user-workload,tgis-bam,34918.0
2024-06-11 12:36:05.069999933,tgi_batch_inference_tokproc_duration_count,http,10.129.5.96:3000,tgis-bam,single_only,next_token,fmaas-monitoring,llama3-new,openshift-user-workload-monitoring/user-workload,tgis-bam,34929.0
2024-06-11 12:36:10.069999933,tgi_batch_inference_tokproc_duration_count,http,10.129.5.96:3000,tgis-bam,single_only,next_token,fmaas-monitoring,llama3-new,openshift-user-workload-monitoring/user-workload,tgis-bam,34936.0
2024-06-11 12:36:15.069999933,tgi_batch_inference_tokproc_duration_count,http,10.129.5.96:3000,tgis-bam,single_only,next_token,fmaas-monitoring,llama3-new,openshift-user-workload-monitoring/user-workload,tgis-bam,34947.0
2024-06-11 12:36:20.069999933,tgi_batch_inference_tokproc_duration_count,http,10.129.5.96:3000,tgis-bam,single_only,next_token,fmaas-monitoring,llama3-new,openshift-user-workload-monitoring/user-workload,tgis-bam,34962.0
2024-06-11 12:36:25.069999933,tgi_batch_inference_tokproc_duration_count,http,10.129.5.96:3000,tgis-bam,single_only,next_token,fmaas-monitoring,llama3-new,openshift-user-workload-monitoring/user-workload,tgis-bam,34973.0
2024-06-11 12:36:30.069999933,tgi_batch_inference_tokproc_duration_count,http,10.129.5.96:3000,tgis-bam,single_only,next_token,fmaas-monitoring,llama3-new,openshift-user-workload-monitoring/user-workload,tgis-bam,34985.0
2024-06-11 12:36:35.069999933,tgi_batch_inference_tokproc_duration_count,http,10.129.5.96:3000,tgis-bam,single_only,next_token,fmaas-monitoring,llama3-new,openshift-user-workload-monitoring/user-workload,tgis-bam,34993.0
2024-06-11 12:36:40.069999933,tgi_batch_inference_tokproc_duration_count,http,10.129.5.96:3000,tgis-bam,single_only,next_token,fmaas-monitoring,llama3-new,openshift-user-workload-monitoring/user-workload,tgis-bam,34999.0
2024-06-11 12:36:45.069999933,tgi_batch_inference_tokproc_duration_count,http,10.129.5.96:3000,tgis-bam,single_only,next_token,fmaas-monitoring,llama3-new,openshift-user-workload-monitoring/user-workload,tgis-bam,35006.0
2024-06-11 12:36:50.069999933,tgi_batch_inference_tokproc_duration_count,http,10.129.5.96:3000,tgis-bam,single_only,next_token,fmaas-monitoring,llama3-new,openshift-user-workload-monitoring/user-workload,tgis-bam,35021.0
2024-06-11 12:36:55.069999933,tgi_batch_inference_tokproc_duration_count,http,10.129.5.96:3000,tgis-bam,single_only,next_token,fmaas-monitoring,llama3-new,openshift-user-workload-monitoring/user-workload,tgis-bam,35032.0
2024-06-11 12:37:00.069999933,tgi_batch_inference_tokproc_duration_count,http,10.129.5.96:3000,tgis-bam,single_only,next_token,fmaas-monitoring,llama3-new,openshift-user-workload-monitoring/user-workload,tgis-bam,35044.0
2024-06-11 12:37:05.069999933,tgi_batch_inference_tokproc_duration_count,http,10.129.5.96:3000,tgis-bam,single_only,next_token,fmaas-monitoring,llama3-new,openshift-user-workload-monitoring/user-workload,tgis-bam,35051.0
2024-06-11 12:37:10.069999933,tgi_batch_inference_tokproc_duration_count,http,10.129.5.96:3000,tgis-bam,single_only,next_token,fmaas-monitoring,llama3-new,openshift-user-workload-monitoring/user-workload,tgis-bam,35060.0
2024-06-11 12:37:15.069999933,tgi_batch_inference_tokproc_duration_count,http,10.129.5.96:3000,tgis-bam,single_only,next_token,fmaas-monitoring,llama3-new,openshift-user-workload-monitoring/user-workload,tgis-bam,35068.0
2024-06-11 12:37:20.069999933,tgi_batch_inference_tokproc_duration_count,http,10.129.5.96:3000,tgis-bam,single_only,next_token,fmaas-monitoring,llama3-new,openshift-user-workload-monitoring/user-workload,tgis-bam,35077.0
2024-06-11 12:37:25.069999933,tgi_batch_inference_tokproc_duration_count,http,10.129.5.96:3000,tgis-bam,single_only,next_token,fmaas-monitoring,llama3-new,openshift-user-workload-monitoring/user-workload,tgis-bam,35089.0
2024-06-11 12:37:30.069999933,tgi_batch_inference_tokproc_duration_count,http,10.129.5.96:3000,tgis-bam,single_only,next_token,fmaas-monitoring,llama3-new,openshift-user-workload-monitoring/user-workload,tgis-bam,35101.0
2024-06-11 12:37:35.069999933,tgi_batch_inference_tokproc_duration_count,http,10.129.5.96:3000,tgis-bam,single_only,next_token,fmaas-monitoring,llama3-new,openshift-user-workload-monitoring/user-workload,tgis-bam,35110.0
2024-06-11 12:37:40.069999933,tgi_batch_inference_tokproc_duration_count,http,10.129.5.96:3000,tgis-bam,single_only,next_token,fmaas-monitoring,llama3-new,openshift-user-workload-monitoring/user-workload,tgis-bam,35123.0
2024-06-11 12:37:45.069999933,tgi_batch_inference_tokproc_duration_count,http,10.129.5.96:3000,tgis-bam,single_only,next_token,fmaas-monitoring,llama3-new,openshift-user-workload-monitoring/user-workload,tgis-bam,35133.0
2024-06-11 12:37:50.069999933,tgi_batch_inference_tokproc_duration_count,http,10.129.5.96:3000,tgis-bam,single_only,next_token,fmaas-monitoring,llama3-new,openshift-user-workload-monitoring/user-workload,tgis-bam,35146.0
2024-06-11 12:37:55.069999933,tgi_batch_inference_tokproc_duration_count,http,10.129.5.96:3000,tgis-bam,single_only,next_token,fmaas-monitoring,llama3-new,openshift-user-workload-monitoring/user-workload,tgis-bam,35158.0
2024-06-11 12:38:00.079999924,tgi_batch_inference_tokproc_duration_count,http,10.129.5.96:3000,tgis-bam,single_only,next_token,fmaas-monitoring,llama3-new,openshift-user-workload-monitoring/user-workload,tgis-bam,35167.0
2024-06-11 12:38:05.069999933,tgi_batch_inference_tokproc_duration_count,http,10.129.5.96:3000,tgis-bam,single_only,next_token,fmaas-monitoring,llama3-new,openshift-user-workload-monitoring/user-workload,tgis-bam,35181.0
2024-06-11 12:38:10.069999933,tgi_batch_inference_tokproc_duration_count,http,10.129.5.96:3000,tgis-bam,single_only,next_token,fmaas-monitoring,llama3-new,openshift-user-workload-monitoring/user-workload,tgis-bam,35186.0
2024-06-11 12:38:15.069999933,tgi_batch_inference_tokproc_duration_count,http,10.129.5.96:3000,tgis-bam,single_only,next_token,fmaas-monitoring,llama3-new,openshift-user-workload-monitoring/user-workload,tgis-bam,35197.0
2024-06-11 12:38:20.069999933,tgi_batch_inference_tokproc_duration_count,http,10.129.5.96:3000,tgis-bam,single_only,next_token,fmaas-monitoring,llama3-new,openshift-user-workload-monitoring/user-workload,tgis-bam,35208.0
2024-06-11 12:38:25.069999933,tgi_batch_inference_tokproc_duration_count,http,10.129.5.96:3000,tgis-bam,single_only,next_token,fmaas-monitoring,llama3-new,openshift-user-workload-monitoring/user-workload,tgis-bam,35221.0
2024-06-11 12:38:30.069999933,tgi_batch_inference_tokproc_duration_count,http,10.129.5.96:3000,tgis-bam,single_only,next_token,fmaas-monitoring,llama3-new,openshift-user-workload-monitoring/user-workload,tgis-bam,35232.0
2024-06-11 12:38:35.069999933,tgi_batch_inference_tokproc_duration_count,http,10.129.5.96:3000,tgis-bam,single_only,next_token,fmaas-monitoring,llama3-new,openshift-user-workload-monitoring/user-workload,tgis-bam,35241.0
2024-06-11 12:38:40.069999933,tgi_batch_inference_tokproc_duration_count,http,10.129.5.96:3000,tgis-bam,single_only,next_token,fmaas-monitoring,llama3-new,openshift-user-workload-monitoring/user-workload,tgis-bam,35248.0
2024-06-11 12:38:45.069999933,tgi_batch_inference_tokproc_duration_count,http,10.129.5.96:3000,tgis-bam,single_only,next_token,fmaas-monitoring,llama3-new,openshift-user-workload-monitoring/user-workload,tgis-bam,35260.0
2024-06-11 12:38:50.069999933,tgi_batch_inference_tokproc_duration_count,http,10.129.5.96:3000,tgis-bam,single_only,next_token,fmaas-monitoring,llama3-new,openshift-user-workload-monitoring/user-workload,tgis-bam,35272.0
2024-06-11 12:38:55.069999933,tgi_batch_inference_tokproc_duration_count,http,10.129.5.96:3000,tgis-bam,single_only,next_token,fmaas-monitoring,llama3-new,openshift-user-workload-monitoring/user-workload,tgis-bam,35283.0
2024-06-11 12:39:00.069999933,tgi_batch_inference_tokproc_duration_count,http,10.129.5.96:3000,tgis-bam,single_only,next_token,fmaas-monitoring,llama3-new,openshift-user-workload-monitoring/user-workload,tgis-bam,35295.0
2024-06-11 12:39:05.069999933,tgi_batch_inference_tokproc_duration_count,http,10.129.5.96:3000,tgis-bam,single_only,next_token,fmaas-monitoring,llama3-new,openshift-user-workload-monitoring/user-workload,tgis-bam,35303.0
2024-06-11 12:39:10.069999933,tgi_batch_inference_tokproc_duration_count,http,10.129.5.96:3000,tgis-bam,single_only,next_token,fmaas-monitoring,llama3-new,openshift-user-workload-monitoring/user-workload,tgis-bam,35307.0
2024-06-11 12:39:15.069999933,tgi_batch_inference_tokproc_duration_count,http,10.129.5.96:3000,tgis-bam,single_only,next_token,fmaas-monitoring,llama3-new,openshift-user-workload-monitoring/user-workload,tgis-bam,35315.0
2024-06-11 12:39:20.069999933,tgi_batch_inference_tokproc_duration_count,http,10.129.5.96:3000,tgis-bam,single_only,next_token,fmaas-monitoring,llama3-new,openshift-user-workload-monitoring/user-workload,tgis-bam,35326.0
2024-06-11 12:39:25.069999933,tgi_batch_inference_tokproc_duration_count,http,10.129.5.96:3000,tgis-bam,single_only,next_token,fmaas-monitoring,llama3-new,openshift-user-workload-monitoring/user-workload,tgis-bam,35338.0
2024-06-11 12:39:30.069999933,tgi_batch_inference_tokproc_duration_count,http,10.129.5.96:3000,tgis-bam,single_only,next_token,fmaas-monitoring,llama3-new,openshift-user-workload-monitoring/user-workload,tgis-bam,35348.0
2024-06-11 12:39:35.069999933,tgi_batch_inference_tokproc_duration_count,http,10.129.5.96:3000,tgis-bam,single_only,next_token,fmaas-monitoring,llama3-new,openshift-user-workload-monitoring/user-workload,tgis-bam,35360.0
2024-06-11 12:39:40.069999933,tgi_batch_inference_tokproc_duration_count,http,10.129.5.96:3000,tgis-bam,single_only,next_token,fmaas-monitoring,llama3-new,openshift-user-workload-monitoring/user-workload,tgis-bam,35366.0
2024-06-11 12:39:45.069999933,tgi_batch_inference_tokproc_duration_count,http,10.129.5.96:3000,tgis-bam,single_only,next_token,fmaas-monitoring,llama3-new,openshift-user-workload-monitoring/user-workload,tgis-bam,35373.0
2024-06-11 12:39:50.069999933,tgi_batch_inference_tokproc_duration_count,http,10.129.5.96:3000,tgis-bam,single_only,next_token,fmaas-monitoring,llama3-new,openshift-user-workload-monitoring/user-workload,tgis-bam,35382.0
2024-06-11 12:39:55.069999933,tgi_batch_inference_tokproc_duration_count,http,10.129.5.96:3000,tgis-bam,single_only,next_token,fmaas-monitoring,llama3-new,openshift-user-workload-monitoring/user-workload,tgis-bam,35393.0
2024-06-11 12:40:00.069999933,tgi_batch_inference_tokproc_duration_count,http,10.129.5.96:3000,tgis-bam,single_only,next_token,fmaas-monitoring,llama3-new,openshift-user-workload-monitoring/user-workload,tgis-bam,35402.0
2024-06-11 12:40:05.069999933,tgi_batch_inference_tokproc_duration_count,http,10.129.5.96:3000,tgis-bam,single_only,next_token,fmaas-monitoring,llama3-new,openshift-user-workload-monitoring/user-workload,tgis-bam,35415.0
2024-06-11 12:40:10.072999954,tgi_batch_inference_tokproc_duration_count,http,10.129.5.96:3000,tgis-bam,single_only,next_token,fmaas-monitoring,llama3-new,openshift-user-workload-monitoring/user-workload,tgis-bam,35425.0
2024-06-11 12:40:15.069999933,tgi_batch_inference_tokproc_duration_count,http,10.129.5.96:3000,tgis-bam,single_only,next_token,fmaas-monitoring,llama3-new,openshift-user-workload-monitoring/user-workload,tgis-bam,35434.0
2024-06-11 12:40:20.069999933,tgi_batch_inference_tokproc_duration_count,http,10.129.5.96:3000,tgis-bam,single_only,next_token,fmaas-monitoring,llama3-new,openshift-user-workload-monitoring/user-workload,tgis-bam,35443.0
2024-06-11 12:40:25.069999933,tgi_batch_inference_tokproc_duration_count,http,10.129.5.96:3000,tgis-bam,single_only,next_token,fmaas-monitoring,llama3-new,openshift-user-workload-monitoring/user-workload,tgis-bam,35455.0
2024-06-11 12:40:30.069999933,tgi_batch_inference_tokproc_duration_count,http,10.129.5.96:3000,tgis-bam,single_only,next_token,fmaas-monitoring,llama3-new,openshift-user-workload-monitoring/user-workload,tgis-bam,35465.0
2024-06-11 12:40:35.069999933,tgi_batch_inference_tokproc_duration_count,http,10.129.5.96:3000,tgis-bam,single_only,next_token,fmaas-monitoring,llama3-new,openshift-user-workload-monitoring/user-workload,tgis-bam,35479.0
2024-06-11 12:40:40.069999933,tgi_batch_inference_tokproc_duration_count,http,10.129.5.96:3000,tgis-bam,single_only,next_token,fmaas-monitoring,llama3-new,openshift-user-workload-monitoring/user-workload,tgis-bam,35492.0
2024-06-11 12:40:45.069999933,tgi_batch_inference_tokproc_duration_count,http,10.129.5.96:3000,tgis-bam,single_only,next_token,fmaas-monitoring,llama3-new,openshift-user-workload-monitoring/user-workload,tgis-bam,35497.0
2024-06-11 12:40:50.069999933,tgi_batch_inference_tokproc_duration_count,http,10.129.5.96:3000,tgis-bam,single_only,next_token,fmaas-monitoring,llama3-new,openshift-user-workload-monitoring/user-workload,tgis-bam,35507.0
2024-06-11 12:40:55.069999933,tgi_batch_inference_tokproc_duration_count,http,10.129.5.96:3000,tgis-bam,single_only,next_token,fmaas-monitoring,llama3-new,openshift-user-workload-monitoring/user-workload,tgis-bam,35519.0
2024-06-11 12:41:00.069999933,tgi_batch_inference_tokproc_duration_count,http,10.129.5.96:3000,tgis-bam,single_only,next_token,fmaas-monitoring,llama3-new,openshift-user-workload-monitoring/user-workload,tgis-bam,35532.0
2024-06-11 12:41:05.069999933,tgi_batch_inference_tokproc_duration_count,http,10.129.5.96:3000,tgis-bam,single_only,next_token,fmaas-monitoring,llama3-new,openshift-user-workload-monitoring/user-workload,tgis-bam,35544.0
2024-06-11 12:41:10.069999933,tgi_batch_inference_tokproc_duration_count,http,10.129.5.96:3000,tgis-bam,single_only,next_token,fmaas-monitoring,llama3-new,openshift-user-workload-monitoring/user-workload,tgis-bam,35553.0
2024-06-11 12:41:15.069999933,tgi_batch_inference_tokproc_duration_count,http,10.129.5.96:3000,tgis-bam,single_only,next_token,fmaas-monitoring,llama3-new,openshift-user-workload-monitoring/user-workload,tgis-bam,35560.0
2024-06-11 12:41:20.069999933,tgi_batch_inference_tokproc_duration_count,http,10.129.5.96:3000,tgis-bam,single_only,next_token,fmaas-monitoring,llama3-new,openshift-user-workload-monitoring/user-workload,tgis-bam,35566.0
2024-06-11 12:41:25.069999933,tgi_batch_inference_tokproc_duration_count,http,10.129.5.96:3000,tgis-bam,single_only,next_token,fmaas-monitoring,llama3-new,openshift-user-workload-monitoring/user-workload,tgis-bam,35578.0
2024-06-11 12:41:30.069999933,tgi_batch_inference_tokproc_duration_count,http,10.129.5.96:3000,tgis-bam,single_only,next_token,fmaas-monitoring,llama3-new,openshift-user-workload-monitoring/user-workload,tgis-bam,35592.0
2024-06-11 12:41:35.069999933,tgi_batch_inference_tokproc_duration_count,http,10.129.5.96:3000,tgis-bam,single_only,next_token,fmaas-monitoring,llama3-new,openshift-user-workload-monitoring/user-workload,tgis-bam,35605.0
2024-06-11 12:41:40.069999933,tgi_batch_inference_tokproc_duration_count,http,10.129.5.96:3000,tgis-bam,single_only,next_token,fmaas-monitoring,llama3-new,openshift-user-workload-monitoring/user-workload,tgis-bam,35614.0
2024-06-11 12:41:45.069999933,tgi_batch_inference_tokproc_duration_count,http,10.129.5.96:3000,tgis-bam,single_only,next_token,fmaas-monitoring,llama3-new,openshift-user-workload-monitoring/user-workload,tgis-bam,35619.0
2024-06-11 12:41:50.069999933,tgi_batch_inference_tokproc_duration_count,http,10.129.5.96:3000,tgis-bam,single_only,next_token,fmaas-monitoring,llama3-new,openshift-user-workload-monitoring/user-workload,tgis-bam,35627.0
2024-06-11 12:41:55.069999933,tgi_batch_inference_tokproc_duration_count,http,10.129.5.96:3000,tgis-bam,single_only,next_token,fmaas-monitoring,llama3-new,openshift-user-workload-monitoring/user-workload,tgis-bam,35638.0
2024-06-11 12:42:00.069999933,tgi_batch_inference_tokproc_duration_count,http,10.129.5.96:3000,tgis-bam,single_only,next_token,fmaas-monitoring,llama3-new,openshift-user-workload-monitoring/user-workload,tgis-bam,35652.0
2024-06-11 12:42:05.069999933,tgi_batch_inference_tokproc_duration_count,http,10.129.5.96:3000,tgis-bam,single_only,next_token,fmaas-monitoring,llama3-new,openshift-user-workload-monitoring/user-workload,tgis-bam,35665.0
2024-06-11 12:42:10.069999933,tgi_batch_inference_tokproc_duration_count,http,10.129.5.96:3000,tgis-bam,single_only,next_token,fmaas-monitoring,llama3-new,openshift-user-workload-monitoring/user-workload,tgis-bam,35674.0
2024-06-11 12:42:15.069999933,tgi_batch_inference_tokproc_duration_count,http,10.129.5.96:3000,tgis-bam,single_only,next_token,fmaas-monitoring,llama3-new,openshift-user-workload-monitoring/user-workload,tgis-bam,35678.0
2024-06-11 12:42:20.069999933,tgi_batch_inference_tokproc_duration_count,http,10.129.5.96:3000,tgis-bam,single_only,next_token,fmaas-monitoring,llama3-new,openshift-user-workload-monitoring/user-workload,tgis-bam,35687.0
2024-06-11 12:42:25.069999933,tgi_batch_inference_tokproc_duration_count,http,10.129.5.96:3000,tgis-bam,single_only,next_token,fmaas-monitoring,llama3-new,openshift-user-workload-monitoring/user-workload,tgis-bam,35697.0
2024-06-11 12:42:30.069999933,tgi_batch_inference_tokproc_duration_count,http,10.129.5.96:3000,tgis-bam,single_only,next_token,fmaas-monitoring,llama3-new,openshift-user-workload-monitoring/user-workload,tgis-bam,35712.0
2024-06-11 12:42:35.069999933,tgi_batch_inference_tokproc_duration_count,http,10.129.5.96:3000,tgis-bam,single_only,next_token,fmaas-monitoring,llama3-new,openshift-user-workload-monitoring/user-workload,tgis-bam,35728.0
2024-06-11 12:42:40.069999933,tgi_batch_inference_tokproc_duration_count,http,10.129.5.96:3000,tgis-bam,single_only,next_token,fmaas-monitoring,llama3-new,openshift-user-workload-monitoring/user-workload,tgis-bam,35738.0
2024-06-11 12:42:45.069999933,tgi_batch_inference_tokproc_duration_count,http,10.129.5.96:3000,tgis-bam,single_only,next_token,fmaas-monitoring,llama3-new,openshift-user-workload-monitoring/user-workload,tgis-bam,35748.0
2024-06-11 12:42:50.069999933,tgi_batch_inference_tokproc_duration_count,http,10.129.5.96:3000,tgis-bam,single_only,next_token,fmaas-monitoring,llama3-new,openshift-user-workload-monitoring/user-workload,tgis-bam,35758.0
2024-06-11 12:42:55.069999933,tgi_batch_inference_tokproc_duration_count,http,10.129.5.96:3000,tgis-bam,single_only,next_token,fmaas-monitoring,llama3-new,openshift-user-workload-monitoring/user-workload,tgis-bam,35772.0
2024-06-11 12:43:00.069999933,tgi_batch_inference_tokproc_duration_count,http,10.129.5.96:3000,tgis-bam,single_only,next_token,fmaas-monitoring,llama3-new,openshift-user-workload-monitoring/user-workload,tgis-bam,35786.0
2024-06-11 12:43:05.069999933,tgi_batch_inference_tokproc_duration_count,http,10.129.5.96:3000,tgis-bam,single_only,next_token,fmaas-monitoring,llama3-new,openshift-user-workload-monitoring/user-workload,tgis-bam,35795.0
2024-06-11 12:43:10.069999933,tgi_batch_inference_tokproc_duration_count,http,10.129.5.96:3000,tgis-bam,single_only,next_token,fmaas-monitoring,llama3-new,openshift-user-workload-monitoring/user-workload,tgis-bam,35804.0
2024-06-11 12:43:15.069999933,tgi_batch_inference_tokproc_duration_count,http,10.129.5.96:3000,tgis-bam,single_only,next_token,fmaas-monitoring,llama3-new,openshift-user-workload-monitoring/user-workload,tgis-bam,35809.0
2024-06-11 12:43:20.069999933,tgi_batch_inference_tokproc_duration_count,http,10.129.5.96:3000,tgis-bam,single_only,next_token,fmaas-monitoring,llama3-new,openshift-user-workload-monitoring/user-workload,tgis-bam,35822.0
2024-06-11 12:43:25.069999933,tgi_batch_inference_tokproc_duration_count,http,10.129.5.96:3000,tgis-bam,single_only,next_token,fmaas-monitoring,llama3-new,openshift-user-workload-monitoring/user-workload,tgis-bam,35836.0
2024-06-11 12:43:30.069999933,tgi_batch_inference_tokproc_duration_count,http,10.129.5.96:3000,tgis-bam,single_only,next_token,fmaas-monitoring,llama3-new,openshift-user-workload-monitoring/user-workload,tgis-bam,35849.0
2024-06-11 12:43:35.072000027,tgi_batch_inference_tokproc_duration_count,http,10.129.5.96:3000,tgis-bam,single_only,next_token,fmaas-monitoring,llama3-new,openshift-user-workload-monitoring/user-workload,tgis-bam,35854.0
2024-06-11 12:43:40.069999933,tgi_batch_inference_tokproc_duration_count,http,10.129.5.96:3000,tgis-bam,single_only,next_token,fmaas-monitoring,llama3-new,openshift-user-workload-monitoring/user-workload,tgis-bam,35864.0
2024-06-11 12:43:45.069999933,tgi_batch_inference_tokproc_duration_count,http,10.129.5.96:3000,tgis-bam,single_only,next_token,fmaas-monitoring,llama3-new,openshift-user-workload-monitoring/user-workload,tgis-bam,35872.0
2024-06-11 12:43:50.069999933,tgi_batch_inference_tokproc_duration_count,http,10.129.5.96:3000,tgis-bam,single_only,next_token,fmaas-monitoring,llama3-new,openshift-user-workload-monitoring/user-workload,tgis-bam,35880.0
2024-06-11 12:43:55.069999933,tgi_batch_inference_tokproc_duration_count,http,10.129.5.96:3000,tgis-bam,single_only,next_token,fmaas-monitoring,llama3-new,openshift-user-workload-monitoring/user-workload,tgis-bam,35894.0
2024-06-11 12:34:00.069999933,tgi_batch_inference_tokproc_duration_count,http,10.129.5.96:3000,tgis-bam,single_only,prefill,fmaas-monitoring,llama3-new,openshift-user-workload-monitoring/user-workload,tgis-bam,11343.0
2024-06-11 12:34:05.069999933,tgi_batch_inference_tokproc_duration_count,http,10.129.5.96:3000,tgis-bam,single_only,prefill,fmaas-monitoring,llama3-new,openshift-user-workload-monitoring/user-workload,tgis-bam,11346.0
2024-06-11 12:34:10.069999933,tgi_batch_inference_tokproc_duration_count,http,10.129.5.96:3000,tgis-bam,single_only,prefill,fmaas-monitoring,llama3-new,openshift-user-workload-monitoring/user-workload,tgis-bam,11349.0
2024-06-11 12:34:15.069999933,tgi_batch_inference_tokproc_duration_count,http,10.129.5.96:3000,tgis-bam,single_only,prefill,fmaas-monitoring,llama3-new,openshift-user-workload-monitoring/user-workload,tgis-bam,11351.0
2024-06-11 12:34:20.069999933,tgi_batch_inference_tokproc_duration_count,http,10.129.5.96:3000,tgis-bam,single_only,prefill,fmaas-monitoring,llama3-new,openshift-user-workload-monitoring/user-workload,tgis-bam,11351.0
2024-06-11 12:34:25.069999933,tgi_batch_inference_tokproc_duration_count,http,10.129.5.96:3000,tgis-bam,single_only,prefill,fmaas-monitoring,llama3-new,openshift-user-workload-monitoring/user-workload,tgis-bam,11352.0
2024-06-11 12:34:30.073999882,tgi_batch_inference_tokproc_duration_count,http,10.129.5.96:3000,tgis-bam,single_only,prefill,fmaas-monitoring,llama3-new,openshift-user-workload-monitoring/user-workload,tgis-bam,11360.0
2024-06-11 12:34:35.069999933,tgi_batch_inference_tokproc_duration_count,http,10.129.5.96:3000,tgis-bam,single_only,prefill,fmaas-monitoring,llama3-new,openshift-user-workload-monitoring/user-workload,tgis-bam,11361.0
2024-06-11 12:34:40.069999933,tgi_batch_inference_tokproc_duration_count,http,10.129.5.96:3000,tgis-bam,single_only,prefill,fmaas-monitoring,llama3-new,openshift-user-workload-monitoring/user-workload,tgis-bam,11364.0
2024-06-11 12:34:45.069999933,tgi_batch_inference_tokproc_duration_count,http,10.129.5.96:3000,tgis-bam,single_only,prefill,fmaas-monitoring,llama3-new,openshift-user-workload-monitoring/user-workload,tgis-bam,11367.0
2024-06-11 12:34:50.075000048,tgi_batch_inference_tokproc_duration_count,http,10.129.5.96:3000,tgis-bam,single_only,prefill,fmaas-monitoring,llama3-new,openshift-user-workload-monitoring/user-workload,tgis-bam,11367.0
2024-06-11 12:34:55.069999933,tgi_batch_inference_tokproc_duration_count,http,10.129.5.96:3000,tgis-bam,single_only,prefill,fmaas-monitoring,llama3-new,openshift-user-workload-monitoring/user-workload,tgis-bam,11368.0
2024-06-11 12:35:00.069999933,tgi_batch_inference_tokproc_duration_count,http,10.129.5.96:3000,tgis-bam,single_only,prefill,fmaas-monitoring,llama3-new,openshift-user-workload-monitoring/user-workload,tgis-bam,11375.0
2024-06-11 12:35:05.069999933,tgi_batch_inference_tokproc_duration_count,http,10.129.5.96:3000,tgis-bam,single_only,prefill,fmaas-monitoring,llama3-new,openshift-user-workload-monitoring/user-workload,tgis-bam,11379.0
2024-06-11 12:35:10.069999933,tgi_batch_inference_tokproc_duration_count,http,10.129.5.96:3000,tgis-bam,single_only,prefill,fmaas-monitoring,llama3-new,openshift-user-workload-monitoring/user-workload,tgis-bam,11384.0
2024-06-11 12:35:15.069999933,tgi_batch_inference_tokproc_duration_count,http,10.129.5.96:3000,tgis-bam,single_only,prefill,fmaas-monitoring,llama3-new,openshift-user-workload-monitoring/user-workload,tgis-bam,11389.0
2024-06-11 12:35:20.069999933,tgi_batch_inference_tokproc_duration_count,http,10.129.5.96:3000,tgis-bam,single_only,prefill,fmaas-monitoring,llama3-new,openshift-user-workload-monitoring/user-workload,tgis-bam,11389.0
2024-06-11 12:35:25.069999933,tgi_batch_inference_tokproc_duration_count,http,10.129.5.96:3000,tgis-bam,single_only,prefill,fmaas-monitoring,llama3-new,openshift-user-workload-monitoring/user-workload,tgis-bam,11390.0
2024-06-11 12:35:30.069999933,tgi_batch_inference_tokproc_duration_count,http,10.129.5.96:3000,tgis-bam,single_only,prefill,fmaas-monitoring,llama3-new,openshift-user-workload-monitoring/user-workload,tgis-bam,11395.0
2024-06-11 12:35:35.069999933,tgi_batch_inference_tokproc_duration_count,http,10.129.5.96:3000,tgis-bam,single_only,prefill,fmaas-monitoring,llama3-new,openshift-user-workload-monitoring/user-workload,tgis-bam,11397.0
2024-06-11 12:35:40.069999933,tgi_batch_inference_tokproc_duration_count,http,10.129.5.96:3000,tgis-bam,single_only,prefill,fmaas-monitoring,llama3-new,openshift-user-workload-monitoring/user-workload,tgis-bam,11402.0
2024-06-11 12:35:45.069999933,tgi_batch_inference_tokproc_duration_count,http,10.129.5.96:3000,tgis-bam,single_only,prefill,fmaas-monitoring,llama3-new,openshift-user-workload-monitoring/user-workload,tgis-bam,11404.0
2024-06-11 12:35:50.069999933,tgi_batch_inference_tokproc_duration_count,http,10.129.5.96:3000,tgis-bam,single_only,prefill,fmaas-monitoring,llama3-new,openshift-user-workload-monitoring/user-workload,tgis-bam,11405.0
2024-06-11 12:35:55.069999933,tgi_batch_inference_tokproc_duration_count,http,10.129.5.96:3000,tgis-bam,single_only,prefill,fmaas-monitoring,llama3-new,openshift-user-workload-monitoring/user-workload,tgis-bam,11405.0
2024-06-11 12:36:00.069999933,tgi_batch_inference_tokproc_duration_count,http,10.129.5.96:3000,tgis-bam,single_only,prefill,fmaas-monitoring,llama3-new,openshift-user-workload-monitoring/user-workload,tgis-bam,11411.0
2024-06-11 12:36:05.069999933,tgi_batch_inference_tokproc_duration_count,http,10.129.5.96:3000,tgis-bam,single_only,prefill,fmaas-monitoring,llama3-new,openshift-user-workload-monitoring/user-workload,tgis-bam,11416.0
2024-06-11 12:36:10.069999933,tgi_batch_inference_tokproc_duration_count,http,10.129.5.96:3000,tgis-bam,single_only,prefill,fmaas-monitoring,llama3-new,openshift-user-workload-monitoring/user-workload,tgis-bam,11421.0
2024-06-11 12:36:15.069999933,tgi_batch_inference_tokproc_duration_count,http,10.129.5.96:3000,tgis-bam,single_only,prefill,fmaas-monitoring,llama3-new,openshift-user-workload-monitoring/user-workload,tgis-bam,11425.0
2024-06-11 12:36:20.069999933,tgi_batch_inference_tokproc_duration_count,http,10.129.5.96:3000,tgis-bam,single_only,prefill,fmaas-monitoring,llama3-new,openshift-user-workload-monitoring/user-workload,tgis-bam,11425.0
2024-06-11 12:36:25.069999933,tgi_batch_inference_tokproc_duration_count,http,10.129.5.96:3000,tgis-bam,single_only,prefill,fmaas-monitoring,llama3-new,openshift-user-workload-monitoring/user-workload,tgis-bam,11430.0
2024-06-11 12:36:30.069999933,tgi_batch_inference_tokproc_duration_count,http,10.129.5.96:3000,tgis-bam,single_only,prefill,fmaas-monitoring,llama3-new,openshift-user-workload-monitoring/user-workload,tgis-bam,11434.0
2024-06-11 12:36:35.069999933,tgi_batch_inference_tokproc_duration_count,http,10.129.5.96:3000,tgis-bam,single_only,prefill,fmaas-monitoring,llama3-new,openshift-user-workload-monitoring/user-workload,tgis-bam,11441.0
2024-06-11 12:36:40.069999933,tgi_batch_inference_tokproc_duration_count,http,10.129.5.96:3000,tgis-bam,single_only,prefill,fmaas-monitoring,llama3-new,openshift-user-workload-monitoring/user-workload,tgis-bam,11443.0
2024-06-11 12:36:45.069999933,tgi_batch_inference_tokproc_duration_count,http,10.129.5.96:3000,tgis-bam,single_only,prefill,fmaas-monitoring,llama3-new,openshift-user-workload-monitoring/user-workload,tgis-bam,11446.0
2024-06-11 12:36:50.069999933,tgi_batch_inference_tokproc_duration_count,http,10.129.5.96:3000,tgis-bam,single_only,prefill,fmaas-monitoring,llama3-new,openshift-user-workload-monitoring/user-workload,tgis-bam,11446.0
2024-06-11 12:36:55.069999933,tgi_batch_inference_tokproc_duration_count,http,10.129.5.96:3000,tgis-bam,single_only,prefill,fmaas-monitoring,llama3-new,openshift-user-workload-monitoring/user-workload,tgis-bam,11451.0
2024-06-11 12:37:00.069999933,tgi_batch_inference_tokproc_duration_count,http,10.129.5.96:3000,tgis-bam,single_only,prefill,fmaas-monitoring,llama3-new,openshift-user-workload-monitoring/user-workload,tgis-bam,11455.0
2024-06-11 12:37:05.069999933,tgi_batch_inference_tokproc_duration_count,http,10.129.5.96:3000,tgis-bam,single_only,prefill,fmaas-monitoring,llama3-new,openshift-user-workload-monitoring/user-workload,tgis-bam,11462.0
2024-06-11 12:37:10.069999933,tgi_batch_inference_tokproc_duration_count,http,10.129.5.96:3000,tgis-bam,single_only,prefill,fmaas-monitoring,llama3-new,openshift-user-workload-monitoring/user-workload,tgis-bam,11465.0
2024-06-11 12:37:15.069999933,tgi_batch_inference_tokproc_duration_count,http,10.129.5.96:3000,tgis-bam,single_only,prefill,fmaas-monitoring,llama3-new,openshift-user-workload-monitoring/user-workload,tgis-bam,11467.0
2024-06-11 12:37:20.069999933,tgi_batch_inference_tokproc_duration_count,http,10.129.5.96:3000,tgis-bam,single_only,prefill,fmaas-monitoring,llama3-new,openshift-user-workload-monitoring/user-workload,tgis-bam,11469.0
2024-06-11 12:37:25.069999933,tgi_batch_inference_tokproc_duration_count,http,10.129.5.96:3000,tgis-bam,single_only,prefill,fmaas-monitoring,llama3-new,openshift-user-workload-monitoring/user-workload,tgis-bam,11473.0
2024-06-11 12:37:30.069999933,tgi_batch_inference_tokproc_duration_count,http,10.129.5.96:3000,tgis-bam,single_only,prefill,fmaas-monitoring,llama3-new,openshift-user-workload-monitoring/user-workload,tgis-bam,11476.0
2024-06-11 12:37:35.069999933,tgi_batch_inference_tokproc_duration_count,http,10.129.5.96:3000,tgis-bam,single_only,prefill,fmaas-monitoring,llama3-new,openshift-user-workload-monitoring/user-workload,tgis-bam,11483.0
2024-06-11 12:37:40.069999933,tgi_batch_inference_tokproc_duration_count,http,10.129.5.96:3000,tgis-bam,single_only,prefill,fmaas-monitoring,llama3-new,openshift-user-workload-monitoring/user-workload,tgis-bam,11484.0
2024-06-11 12:37:45.069999933,tgi_batch_inference_tokproc_duration_count,http,10.129.5.96:3000,tgis-bam,single_only,prefill,fmaas-monitoring,llama3-new,openshift-user-workload-monitoring/user-workload,tgis-bam,11486.0
2024-06-11 12:37:50.069999933,tgi_batch_inference_tokproc_duration_count,http,10.129.5.96:3000,tgis-bam,single_only,prefill,fmaas-monitoring,llama3-new,openshift-user-workload-monitoring/user-workload,tgis-bam,11488.0
2024-06-11 12:37:55.069999933,tgi_batch_inference_tokproc_duration_count,http,10.129.5.96:3000,tgis-bam,single_only,prefill,fmaas-monitoring,llama3-new,openshift-user-workload-monitoring/user-workload,tgis-bam,11491.0
2024-06-11 12:38:00.079999924,tgi_batch_inference_tokproc_duration_count,http,10.129.5.96:3000,tgis-bam,single_only,prefill,fmaas-monitoring,llama3-new,openshift-user-workload-monitoring/user-workload,tgis-bam,11499.0
2024-06-11 12:38:05.069999933,tgi_batch_inference_tokproc_duration_count,http,10.129.5.96:3000,tgis-bam,single_only,prefill,fmaas-monitoring,llama3-new,openshift-user-workload-monitoring/user-workload,tgis-bam,11499.0
2024-06-11 12:38:10.069999933,tgi_batch_inference_tokproc_duration_count,http,10.129.5.96:3000,tgis-bam,single_only,prefill,fmaas-monitoring,llama3-new,openshift-user-workload-monitoring/user-workload,tgis-bam,11501.0
2024-06-11 12:38:15.069999933,tgi_batch_inference_tokproc_duration_count,http,10.129.5.96:3000,tgis-bam,single_only,prefill,fmaas-monitoring,llama3-new,openshift-user-workload-monitoring/user-workload,tgis-bam,11506.0
2024-06-11 12:38:20.069999933,tgi_batch_inference_tokproc_duration_count,http,10.129.5.96:3000,tgis-bam,single_only,prefill,fmaas-monitoring,llama3-new,openshift-user-workload-monitoring/user-workload,tgis-bam,11510.0
2024-06-11 12:38:25.069999933,tgi_batch_inference_tokproc_duration_count,http,10.129.5.96:3000,tgis-bam,single_only,prefill,fmaas-monitoring,llama3-new,openshift-user-workload-monitoring/user-workload,tgis-bam,11513.0
2024-06-11 12:38:30.069999933,tgi_batch_inference_tokproc_duration_count,http,10.129.5.96:3000,tgis-bam,single_only,prefill,fmaas-monitoring,llama3-new,openshift-user-workload-monitoring/user-workload,tgis-bam,11518.0
2024-06-11 12:38:35.069999933,tgi_batch_inference_tokproc_duration_count,http,10.129.5.96:3000,tgis-bam,single_only,prefill,fmaas-monitoring,llama3-new,openshift-user-workload-monitoring/user-workload,tgis-bam,11519.0
2024-06-11 12:38:40.069999933,tgi_batch_inference_tokproc_duration_count,http,10.129.5.96:3000,tgis-bam,single_only,prefill,fmaas-monitoring,llama3-new,openshift-user-workload-monitoring/user-workload,tgis-bam,11523.0
2024-06-11 12:38:45.069999933,tgi_batch_inference_tokproc_duration_count,http,10.129.5.96:3000,tgis-bam,single_only,prefill,fmaas-monitoring,llama3-new,openshift-user-workload-monitoring/user-workload,tgis-bam,11525.0
2024-06-11 12:38:50.069999933,tgi_batch_inference_tokproc_duration_count,http,10.129.5.96:3000,tgis-bam,single_only,prefill,fmaas-monitoring,llama3-new,openshift-user-workload-monitoring/user-workload,tgis-bam,11530.0
2024-06-11 12:38:55.069999933,tgi_batch_inference_tokproc_duration_count,http,10.129.5.96:3000,tgis-bam,single_only,prefill,fmaas-monitoring,llama3-new,openshift-user-workload-monitoring/user-workload,tgis-bam,11535.0
2024-06-11 12:39:00.069999933,tgi_batch_inference_tokproc_duration_count,http,10.129.5.96:3000,tgis-bam,single_only,prefill,fmaas-monitoring,llama3-new,openshift-user-workload-monitoring/user-workload,tgis-bam,11538.0
2024-06-11 12:39:05.069999933,tgi_batch_inference_tokproc_duration_count,http,10.129.5.96:3000,tgis-bam,single_only,prefill,fmaas-monitoring,llama3-new,openshift-user-workload-monitoring/user-workload,tgis-bam,11540.0
2024-06-11 12:39:10.069999933,tgi_batch_inference_tokproc_duration_count,http,10.129.5.96:3000,tgis-bam,single_only,prefill,fmaas-monitoring,llama3-new,openshift-user-workload-monitoring/user-workload,tgis-bam,11541.0
2024-06-11 12:39:15.069999933,tgi_batch_inference_tokproc_duration_count,http,10.129.5.96:3000,tgis-bam,single_only,prefill,fmaas-monitoring,llama3-new,openshift-user-workload-monitoring/user-workload,tgis-bam,11543.0
2024-06-11 12:39:20.069999933,tgi_batch_inference_tokproc_duration_count,http,10.129.5.96:3000,tgis-bam,single_only,prefill,fmaas-monitoring,llama3-new,openshift-user-workload-monitoring/user-workload,tgis-bam,11546.0
2024-06-11 12:39:25.069999933,tgi_batch_inference_tokproc_duration_count,http,10.129.5.96:3000,tgis-bam,single_only,prefill,fmaas-monitoring,llama3-new,openshift-user-workload-monitoring/user-workload,tgis-bam,11550.0
2024-06-11 12:39:30.069999933,tgi_batch_inference_tokproc_duration_count,http,10.129.5.96:3000,tgis-bam,single_only,prefill,fmaas-monitoring,llama3-new,openshift-user-workload-monitoring/user-workload,tgis-bam,11555.0
2024-06-11 12:39:35.069999933,tgi_batch_inference_tokproc_duration_count,http,10.129.5.96:3000,tgis-bam,single_only,prefill,fmaas-monitoring,llama3-new,openshift-user-workload-monitoring/user-workload,tgis-bam,11557.0
2024-06-11 12:39:40.069999933,tgi_batch_inference_tokproc_duration_count,http,10.129.5.96:3000,tgis-bam,single_only,prefill,fmaas-monitoring,llama3-new,openshift-user-workload-monitoring/user-workload,tgis-bam,11562.0
2024-06-11 12:39:45.069999933,tgi_batch_inference_tokproc_duration_count,http,10.129.5.96:3000,tgis-bam,single_only,prefill,fmaas-monitoring,llama3-new,openshift-user-workload-monitoring/user-workload,tgis-bam,11564.0
2024-06-11 12:39:50.069999933,tgi_batch_inference_tokproc_duration_count,http,10.129.5.96:3000,tgis-bam,single_only,prefill,fmaas-monitoring,llama3-new,openshift-user-workload-monitoring/user-workload,tgis-bam,11569.0
2024-06-11 12:39:55.069999933,tgi_batch_inference_tokproc_duration_count,http,10.129.5.96:3000,tgis-bam,single_only,prefill,fmaas-monitoring,llama3-new,openshift-user-workload-monitoring/user-workload,tgis-bam,11573.0
2024-06-11 12:40:00.069999933,tgi_batch_inference_tokproc_duration_count,http,10.129.5.96:3000,tgis-bam,single_only,prefill,fmaas-monitoring,llama3-new,openshift-user-workload-monitoring/user-workload,tgis-bam,11577.0
2024-06-11 12:40:05.069999933,tgi_batch_inference_tokproc_duration_count,http,10.129.5.96:3000,tgis-bam,single_only,prefill,fmaas-monitoring,llama3-new,openshift-user-workload-monitoring/user-workload,tgis-bam,11578.0
2024-06-11 12:40:10.072999954,tgi_batch_inference_tokproc_duration_count,http,10.129.5.96:3000,tgis-bam,single_only,prefill,fmaas-monitoring,llama3-new,openshift-user-workload-monitoring/user-workload,tgis-bam,11580.0
2024-06-11 12:40:15.069999933,tgi_batch_inference_tokproc_duration_count,http,10.129.5.96:3000,tgis-bam,single_only,prefill,fmaas-monitoring,llama3-new,openshift-user-workload-monitoring/user-workload,tgis-bam,11581.0
2024-06-11 12:40:20.069999933,tgi_batch_inference_tokproc_duration_count,http,10.129.5.96:3000,tgis-bam,single_only,prefill,fmaas-monitoring,llama3-new,openshift-user-workload-monitoring/user-workload,tgis-bam,11586.0
2024-06-11 12:40:25.069999933,tgi_batch_inference_tokproc_duration_count,http,10.129.5.96:3000,tgis-bam,single_only,prefill,fmaas-monitoring,llama3-new,openshift-user-workload-monitoring/user-workload,tgis-bam,11590.0
2024-06-11 12:40:30.069999933,tgi_batch_inference_tokproc_duration_count,http,10.129.5.96:3000,tgis-bam,single_only,prefill,fmaas-monitoring,llama3-new,openshift-user-workload-monitoring/user-workload,tgis-bam,11594.0
2024-06-11 12:40:35.069999933,tgi_batch_inference_tokproc_duration_count,http,10.129.5.96:3000,tgis-bam,single_only,prefill,fmaas-monitoring,llama3-new,openshift-user-workload-monitoring/user-workload,tgis-bam,11595.0
2024-06-11 12:40:40.069999933,tgi_batch_inference_tokproc_duration_count,http,10.129.5.96:3000,tgis-bam,single_only,prefill,fmaas-monitoring,llama3-new,openshift-user-workload-monitoring/user-workload,tgis-bam,11597.0
2024-06-11 12:40:45.069999933,tgi_batch_inference_tokproc_duration_count,http,10.129.5.96:3000,tgis-bam,single_only,prefill,fmaas-monitoring,llama3-new,openshift-user-workload-monitoring/user-workload,tgis-bam,11599.0
2024-06-11 12:40:50.069999933,tgi_batch_inference_tokproc_duration_count,http,10.129.5.96:3000,tgis-bam,single_only,prefill,fmaas-monitoring,llama3-new,openshift-user-workload-monitoring/user-workload,tgis-bam,11604.0
2024-06-11 12:40:55.069999933,tgi_batch_inference_tokproc_duration_count,http,10.129.5.96:3000,tgis-bam,single_only,prefill,fmaas-monitoring,llama3-new,openshift-user-workload-monitoring/user-workload,tgis-bam,11608.0
2024-06-11 12:41:00.069999933,tgi_batch_inference_tokproc_duration_count,http,10.129.5.96:3000,tgis-bam,single_only,prefill,fmaas-monitoring,llama3-new,openshift-user-workload-monitoring/user-workload,tgis-bam,11609.0
2024-06-11 12:41:05.069999933,tgi_batch_inference_tokproc_duration_count,http,10.129.5.96:3000,tgis-bam,single_only,prefill,fmaas-monitoring,llama3-new,openshift-user-workload-monitoring/user-workload,tgis-bam,11611.0
2024-06-11 12:41:10.069999933,tgi_batch_inference_tokproc_duration_count,http,10.129.5.96:3000,tgis-bam,single_only,prefill,fmaas-monitoring,llama3-new,openshift-user-workload-monitoring/user-workload,tgis-bam,11613.0
2024-06-11 12:41:15.069999933,tgi_batch_inference_tokproc_duration_count,http,10.129.5.96:3000,tgis-bam,single_only,prefill,fmaas-monitoring,llama3-new,openshift-user-workload-monitoring/user-workload,tgis-bam,11616.0
2024-06-11 12:41:20.069999933,tgi_batch_inference_tokproc_duration_count,http,10.129.5.96:3000,tgis-bam,single_only,prefill,fmaas-monitoring,llama3-new,openshift-user-workload-monitoring/user-workload,tgis-bam,11620.0
2024-06-11 12:41:25.069999933,tgi_batch_inference_tokproc_duration_count,http,10.129.5.96:3000,tgis-bam,single_only,prefill,fmaas-monitoring,llama3-new,openshift-user-workload-monitoring/user-workload,tgis-bam,11624.0
2024-06-11 12:41:30.069999933,tgi_batch_inference_tokproc_duration_count,http,10.129.5.96:3000,tgis-bam,single_only,prefill,fmaas-monitoring,llama3-new,openshift-user-workload-monitoring/user-workload,tgis-bam,11624.0
2024-06-11 12:41:35.069999933,tgi_batch_inference_tokproc_duration_count,http,10.129.5.96:3000,tgis-bam,single_only,prefill,fmaas-monitoring,llama3-new,openshift-user-workload-monitoring/user-workload,tgis-bam,11627.0
2024-06-11 12:41:40.069999933,tgi_batch_inference_tokproc_duration_count,http,10.129.5.96:3000,tgis-bam,single_only,prefill,fmaas-monitoring,llama3-new,openshift-user-workload-monitoring/user-workload,tgis-bam,11630.0
2024-06-11 12:41:45.069999933,tgi_batch_inference_tokproc_duration_count,http,10.129.5.96:3000,tgis-bam,single_only,prefill,fmaas-monitoring,llama3-new,openshift-user-workload-monitoring/user-workload,tgis-bam,11635.0
2024-06-11 12:41:50.069999933,tgi_batch_inference_tokproc_duration_count,http,10.129.5.96:3000,tgis-bam,single_only,prefill,fmaas-monitoring,llama3-new,openshift-user-workload-monitoring/user-workload,tgis-bam,11638.0
2024-06-11 12:41:55.069999933,tgi_batch_inference_tokproc_duration_count,http,10.129.5.96:3000,tgis-bam,single_only,prefill,fmaas-monitoring,llama3-new,openshift-user-workload-monitoring/user-workload,tgis-bam,11642.0
2024-06-11 12:42:00.069999933,tgi_batch_inference_tokproc_duration_count,http,10.129.5.96:3000,tgis-bam,single_only,prefill,fmaas-monitoring,llama3-new,openshift-user-workload-monitoring/user-workload,tgis-bam,11642.0
2024-06-11 12:42:05.069999933,tgi_batch_inference_tokproc_duration_count,http,10.129.5.96:3000,tgis-bam,single_only,prefill,fmaas-monitoring,llama3-new,openshift-user-workload-monitoring/user-workload,tgis-bam,11645.0
2024-06-11 12:42:10.069999933,tgi_batch_inference_tokproc_duration_count,http,10.129.5.96:3000,tgis-bam,single_only,prefill,fmaas-monitoring,llama3-new,openshift-user-workload-monitoring/user-workload,tgis-bam,11649.0
2024-06-11 12:42:15.069999933,tgi_batch_inference_tokproc_duration_count,http,10.129.5.96:3000,tgis-bam,single_only,prefill,fmaas-monitoring,llama3-new,openshift-user-workload-monitoring/user-workload,tgis-bam,11654.0
2024-06-11 12:42:20.069999933,tgi_batch_inference_tokproc_duration_count,http,10.129.5.96:3000,tgis-bam,single_only,prefill,fmaas-monitoring,llama3-new,openshift-user-workload-monitoring/user-workload,tgis-bam,11657.0
2024-06-11 12:42:25.069999933,tgi_batch_inference_tokproc_duration_count,http,10.129.5.96:3000,tgis-bam,single_only,prefill,fmaas-monitoring,llama3-new,openshift-user-workload-monitoring/user-workload,tgis-bam,11662.0
2024-06-11 12:42:30.069999933,tgi_batch_inference_tokproc_duration_count,http,10.129.5.96:3000,tgis-bam,single_only,prefill,fmaas-monitoring,llama3-new,openshift-user-workload-monitoring/user-workload,tgis-bam,11662.0
2024-06-11 12:42:35.069999933,tgi_batch_inference_tokproc_duration_count,http,10.129.5.96:3000,tgis-bam,single_only,prefill,fmaas-monitoring,llama3-new,openshift-user-workload-monitoring/user-workload,tgis-bam,11662.0
2024-06-11 12:42:40.069999933,tgi_batch_inference_tokproc_duration_count,http,10.129.5.96:3000,tgis-bam,single_only,prefill,fmaas-monitoring,llama3-new,openshift-user-workload-monitoring/user-workload,tgis-bam,11664.0
2024-06-11 12:42:45.069999933,tgi_batch_inference_tokproc_duration_count,http,10.129.5.96:3000,tgis-bam,single_only,prefill,fmaas-monitoring,llama3-new,openshift-user-workload-monitoring/user-workload,tgis-bam,11669.0
2024-06-11 12:42:50.069999933,tgi_batch_inference_tokproc_duration_count,http,10.129.5.96:3000,tgis-bam,single_only,prefill,fmaas-monitoring,llama3-new,openshift-user-workload-monitoring/user-workload,tgis-bam,11673.0
2024-06-11 12:42:55.069999933,tgi_batch_inference_tokproc_duration_count,http,10.129.5.96:3000,tgis-bam,single_only,prefill,fmaas-monitoring,llama3-new,openshift-user-workload-monitoring/user-workload,tgis-bam,11673.0
2024-06-11 12:43:00.069999933,tgi_batch_inference_tokproc_duration_count,http,10.129.5.96:3000,tgis-bam,single_only,prefill,fmaas-monitoring,llama3-new,openshift-user-workload-monitoring/user-workload,tgis-bam,11673.0
2024-06-11 12:43:05.069999933,tgi_batch_inference_tokproc_duration_count,http,10.129.5.96:3000,tgis-bam,single_only,prefill,fmaas-monitoring,llama3-new,openshift-user-workload-monitoring/user-workload,tgis-bam,11677.0
2024-06-11 12:43:10.069999933,tgi_batch_inference_tokproc_duration_count,http,10.129.5.96:3000,tgis-bam,single_only,prefill,fmaas-monitoring,llama3-new,openshift-user-workload-monitoring/user-workload,tgis-bam,11681.0
2024-06-11 12:43:15.069999933,tgi_batch_inference_tokproc_duration_count,http,10.129.5.96:3000,tgis-bam,single_only,prefill,fmaas-monitoring,llama3-new,openshift-user-workload-monitoring/user-workload,tgis-bam,11685.0
2024-06-11 12:43:20.069999933,tgi_batch_inference_tokproc_duration_count,http,10.129.5.96:3000,tgis-bam,single_only,prefill,fmaas-monitoring,llama3-new,openshift-user-workload-monitoring/user-workload,tgis-bam,11689.0
2024-06-11 12:43:25.069999933,tgi_batch_inference_tokproc_duration_count,http,10.129.5.96:3000,tgis-bam,single_only,prefill,fmaas-monitoring,llama3-new,openshift-user-workload-monitoring/user-workload,tgis-bam,11689.0
2024-06-11 12:43:30.069999933,tgi_batch_inference_tokproc_duration_count,http,10.129.5.96:3000,tgis-bam,single_only,prefill,fmaas-monitoring,llama3-new,openshift-user-workload-monitoring/user-workload,tgis-bam,11690.0
2024-06-11 12:43:35.072000027,tgi_batch_inference_tokproc_duration_count,http,10.129.5.96:3000,tgis-bam,single_only,prefill,fmaas-monitoring,llama3-new,openshift-user-workload-monitoring/user-workload,tgis-bam,11693.0
2024-06-11 12:43:40.069999933,tgi_batch_inference_tokproc_duration_count,http,10.129.5.96:3000,tgis-bam,single_only,prefill,fmaas-monitoring,llama3-new,openshift-user-workload-monitoring/user-workload,tgis-bam,11698.0
2024-06-11 12:43:45.069999933,tgi_batch_inference_tokproc_duration_count,http,10.129.5.96:3000,tgis-bam,single_only,prefill,fmaas-monitoring,llama3-new,openshift-user-workload-monitoring/user-workload,tgis-bam,11701.0
2024-06-11 12:43:50.069999933,tgi_batch_inference_tokproc_duration_count,http,10.129.5.96:3000,tgis-bam,single_only,prefill,fmaas-monitoring,llama3-new,openshift-user-workload-monitoring/user-workload,tgis-bam,11704.0
2024-06-11 12:43:55.069999933,tgi_batch_inference_tokproc_duration_count,http,10.129.5.96:3000,tgis-bam,single_only,prefill,fmaas-monitoring,llama3-new,openshift-user-workload-monitoring/user-workload,tgis-bam,11704.0
2024-06-11 12:44:00.069999933,tgi_batch_inference_tokproc_duration_count,http,10.129.5.96:3000,tgis-bam,single_only,next_token,fmaas-monitoring,llama3-new,openshift-user-workload-monitoring/user-workload,tgis-bam,35907.0
2024-06-11 12:44:05.069999933,tgi_batch_inference_tokproc_duration_count,http,10.129.5.96:3000,tgis-bam,single_only,next_token,fmaas-monitoring,llama3-new,openshift-user-workload-monitoring/user-workload,tgis-bam,35912.0
2024-06-11 12:44:10.069999933,tgi_batch_inference_tokproc_duration_count,http,10.129.5.96:3000,tgis-bam,single_only,next_token,fmaas-monitoring,llama3-new,openshift-user-workload-monitoring/user-workload,tgis-bam,35919.0
2024-06-11 12:44:15.069999933,tgi_batch_inference_tokproc_duration_count,http,10.129.5.96:3000,tgis-bam,single_only,next_token,fmaas-monitoring,llama3-new,openshift-user-workload-monitoring/user-workload,tgis-bam,35925.0
2024-06-11 12:44:20.069999933,tgi_batch_inference_tokproc_duration_count,http,10.129.5.96:3000,tgis-bam,single_only,next_token,fmaas-monitoring,llama3-new,openshift-user-workload-monitoring/user-workload,tgis-bam,35932.0
2024-06-11 12:44:25.069999933,tgi_batch_inference_tokproc_duration_count,http,10.129.5.96:3000,tgis-bam,single_only,next_token,fmaas-monitoring,llama3-new,openshift-user-workload-monitoring/user-workload,tgis-bam,35941.0
2024-06-11 12:44:30.069999933,tgi_batch_inference_tokproc_duration_count,http,10.129.5.96:3000,tgis-bam,single_only,next_token,fmaas-monitoring,llama3-new,openshift-user-workload-monitoring/user-workload,tgis-bam,35956.0
2024-06-11 12:44:35.069999933,tgi_batch_inference_tokproc_duration_count,http,10.129.5.96:3000,tgis-bam,single_only,next_token,fmaas-monitoring,llama3-new,openshift-user-workload-monitoring/user-workload,tgis-bam,35967.0
2024-06-11 12:44:40.069999933,tgi_batch_inference_tokproc_duration_count,http,10.129.5.96:3000,tgis-bam,single_only,next_token,fmaas-monitoring,llama3-new,openshift-user-workload-monitoring/user-workload,tgis-bam,35975.0
2024-06-11 12:44:45.078000069,tgi_batch_inference_tokproc_duration_count,http,10.129.5.96:3000,tgis-bam,single_only,next_token,fmaas-monitoring,llama3-new,openshift-user-workload-monitoring/user-workload,tgis-bam,35984.0
2024-06-11 12:44:50.069999933,tgi_batch_inference_tokproc_duration_count,http,10.129.5.96:3000,tgis-bam,single_only,next_token,fmaas-monitoring,llama3-new,openshift-user-workload-monitoring/user-workload,tgis-bam,35993.0
2024-06-11 12:44:55.069999933,tgi_batch_inference_tokproc_duration_count,http,10.129.5.96:3000,tgis-bam,single_only,next_token,fmaas-monitoring,llama3-new,openshift-user-workload-monitoring/user-workload,tgis-bam,36006.0
2024-06-11 12:45:00.069999933,tgi_batch_inference_tokproc_duration_count,http,10.129.5.96:3000,tgis-bam,single_only,next_token,fmaas-monitoring,llama3-new,openshift-user-workload-monitoring/user-workload,tgis-bam,36021.0
2024-06-11 12:45:05.069999933,tgi_batch_inference_tokproc_duration_count,http,10.129.5.96:3000,tgis-bam,single_only,next_token,fmaas-monitoring,llama3-new,openshift-user-workload-monitoring/user-workload,tgis-bam,36030.0
2024-06-11 12:45:10.069999933,tgi_batch_inference_tokproc_duration_count,http,10.129.5.96:3000,tgis-bam,single_only,next_token,fmaas-monitoring,llama3-new,openshift-user-workload-monitoring/user-workload,tgis-bam,36036.0
2024-06-11 12:45:15.069999933,tgi_batch_inference_tokproc_duration_count,http,10.129.5.96:3000,tgis-bam,single_only,next_token,fmaas-monitoring,llama3-new,openshift-user-workload-monitoring/user-workload,tgis-bam,36043.0
2024-06-11 12:45:20.069999933,tgi_batch_inference_tokproc_duration_count,http,10.129.5.96:3000,tgis-bam,single_only,next_token,fmaas-monitoring,llama3-new,openshift-user-workload-monitoring/user-workload,tgis-bam,36053.0
2024-06-11 12:45:25.069999933,tgi_batch_inference_tokproc_duration_count,http,10.129.5.96:3000,tgis-bam,single_only,next_token,fmaas-monitoring,llama3-new,openshift-user-workload-monitoring/user-workload,tgis-bam,36067.0
2024-06-11 12:45:30.069999933,tgi_batch_inference_tokproc_duration_count,http,10.129.5.96:3000,tgis-bam,single_only,next_token,fmaas-monitoring,llama3-new,openshift-user-workload-monitoring/user-workload,tgis-bam,36081.0
2024-06-11 12:45:35.069999933,tgi_batch_inference_tokproc_duration_count,http,10.129.5.96:3000,tgis-bam,single_only,next_token,fmaas-monitoring,llama3-new,openshift-user-workload-monitoring/user-workload,tgis-bam,36090.0
2024-06-11 12:45:40.069999933,tgi_batch_inference_tokproc_duration_count,http,10.129.5.96:3000,tgis-bam,single_only,next_token,fmaas-monitoring,llama3-new,openshift-user-workload-monitoring/user-workload,tgis-bam,36098.0
2024-06-11 12:45:45.069999933,tgi_batch_inference_tokproc_duration_count,http,10.129.5.96:3000,tgis-bam,single_only,next_token,fmaas-monitoring,llama3-new,openshift-user-workload-monitoring/user-workload,tgis-bam,36105.0
2024-06-11 12:45:50.072999954,tgi_batch_inference_tokproc_duration_count,http,10.129.5.96:3000,tgis-bam,single_only,next_token,fmaas-monitoring,llama3-new,openshift-user-workload-monitoring/user-workload,tgis-bam,36117.0
2024-06-11 12:45:55.069999933,tgi_batch_inference_tokproc_duration_count,http,10.129.5.96:3000,tgis-bam,single_only,next_token,fmaas-monitoring,llama3-new,openshift-user-workload-monitoring/user-workload,tgis-bam,36131.0
2024-06-11 12:46:00.069999933,tgi_batch_inference_tokproc_duration_count,http,10.129.5.96:3000,tgis-bam,single_only,next_token,fmaas-monitoring,llama3-new,openshift-user-workload-monitoring/user-workload,tgis-bam,36144.0
2024-06-11 12:46:05.069999933,tgi_batch_inference_tokproc_duration_count,http,10.129.5.96:3000,tgis-bam,single_only,next_token,fmaas-monitoring,llama3-new,openshift-user-workload-monitoring/user-workload,tgis-bam,36150.0
2024-06-11 12:46:10.069999933,tgi_batch_inference_tokproc_duration_count,http,10.129.5.96:3000,tgis-bam,single_only,next_token,fmaas-monitoring,llama3-new,openshift-user-workload-monitoring/user-workload,tgis-bam,36157.0
2024-06-11 12:46:15.069999933,tgi_batch_inference_tokproc_duration_count,http,10.129.5.96:3000,tgis-bam,single_only,next_token,fmaas-monitoring,llama3-new,openshift-user-workload-monitoring/user-workload,tgis-bam,36163.0
2024-06-11 12:46:20.069999933,tgi_batch_inference_tokproc_duration_count,http,10.129.5.96:3000,tgis-bam,single_only,next_token,fmaas-monitoring,llama3-new,openshift-user-workload-monitoring/user-workload,tgis-bam,36169.0
2024-06-11 12:46:25.069999933,tgi_batch_inference_tokproc_duration_count,http,10.129.5.96:3000,tgis-bam,single_only,next_token,fmaas-monitoring,llama3-new,openshift-user-workload-monitoring/user-workload,tgis-bam,36184.0
2024-06-11 12:46:30.069999933,tgi_batch_inference_tokproc_duration_count,http,10.129.5.96:3000,tgis-bam,single_only,next_token,fmaas-monitoring,llama3-new,openshift-user-workload-monitoring/user-workload,tgis-bam,36198.0
2024-06-11 12:46:35.069999933,tgi_batch_inference_tokproc_duration_count,http,10.129.5.96:3000,tgis-bam,single_only,next_token,fmaas-monitoring,llama3-new,openshift-user-workload-monitoring/user-workload,tgis-bam,36207.0
2024-06-11 12:46:40.069999933,tgi_batch_inference_tokproc_duration_count,http,10.129.5.96:3000,tgis-bam,single_only,next_token,fmaas-monitoring,llama3-new,openshift-user-workload-monitoring/user-workload,tgis-bam,36213.0
2024-06-11 12:46:45.069999933,tgi_batch_inference_tokproc_duration_count,http,10.129.5.96:3000,tgis-bam,single_only,next_token,fmaas-monitoring,llama3-new,openshift-user-workload-monitoring/user-workload,tgis-bam,36220.0
2024-06-11 12:46:50.069999933,tgi_batch_inference_tokproc_duration_count,http,10.129.5.96:3000,tgis-bam,single_only,next_token,fmaas-monitoring,llama3-new,openshift-user-workload-monitoring/user-workload,tgis-bam,36230.0
2024-06-11 12:46:55.069999933,tgi_batch_inference_tokproc_duration_count,http,10.129.5.96:3000,tgis-bam,single_only,next_token,fmaas-monitoring,llama3-new,openshift-user-workload-monitoring/user-workload,tgis-bam,36245.0
2024-06-11 12:47:00.069999933,tgi_batch_inference_tokproc_duration_count,http,10.129.5.96:3000,tgis-bam,single_only,next_token,fmaas-monitoring,llama3-new,openshift-user-workload-monitoring/user-workload,tgis-bam,36258.0
2024-06-11 12:47:05.069999933,tgi_batch_inference_tokproc_duration_count,http,10.129.5.96:3000,tgis-bam,single_only,next_token,fmaas-monitoring,llama3-new,openshift-user-workload-monitoring/user-workload,tgis-bam,36268.0
2024-06-11 12:47:10.069999933,tgi_batch_inference_tokproc_duration_count,http,10.129.5.96:3000,tgis-bam,single_only,next_token,fmaas-monitoring,llama3-new,openshift-user-workload-monitoring/user-workload,tgis-bam,36279.0
2024-06-11 12:47:15.082000017,tgi_batch_inference_tokproc_duration_count,http,10.129.5.96:3000,tgis-bam,single_only,next_token,fmaas-monitoring,llama3-new,openshift-user-workload-monitoring/user-workload,tgis-bam,36283.0
2024-06-11 12:47:20.069999933,tgi_batch_inference_tokproc_duration_count,http,10.129.5.96:3000,tgis-bam,single_only,next_token,fmaas-monitoring,llama3-new,openshift-user-workload-monitoring/user-workload,tgis-bam,36295.0
2024-06-11 12:47:25.069999933,tgi_batch_inference_tokproc_duration_count,http,10.129.5.96:3000,tgis-bam,single_only,next_token,fmaas-monitoring,llama3-new,openshift-user-workload-monitoring/user-workload,tgis-bam,36309.0
2024-06-11 12:47:30.069999933,tgi_batch_inference_tokproc_duration_count,http,10.129.5.96:3000,tgis-bam,single_only,next_token,fmaas-monitoring,llama3-new,openshift-user-workload-monitoring/user-workload,tgis-bam,36322.0
2024-06-11 12:47:35.069999933,tgi_batch_inference_tokproc_duration_count,http,10.129.5.96:3000,tgis-bam,single_only,next_token,fmaas-monitoring,llama3-new,openshift-user-workload-monitoring/user-workload,tgis-bam,36330.0
2024-06-11 12:47:40.069999933,tgi_batch_inference_tokproc_duration_count,http,10.129.5.96:3000,tgis-bam,single_only,next_token,fmaas-monitoring,llama3-new,openshift-user-workload-monitoring/user-workload,tgis-bam,36338.0
2024-06-11 12:47:45.069999933,tgi_batch_inference_tokproc_duration_count,http,10.129.5.96:3000,tgis-bam,single_only,next_token,fmaas-monitoring,llama3-new,openshift-user-workload-monitoring/user-workload,tgis-bam,36345.0
2024-06-11 12:47:50.069999933,tgi_batch_inference_tokproc_duration_count,http,10.129.5.96:3000,tgis-bam,single_only,next_token,fmaas-monitoring,llama3-new,openshift-user-workload-monitoring/user-workload,tgis-bam,36352.0
2024-06-11 12:47:55.069999933,tgi_batch_inference_tokproc_duration_count,http,10.129.5.96:3000,tgis-bam,single_only,next_token,fmaas-monitoring,llama3-new,openshift-user-workload-monitoring/user-workload,tgis-bam,36364.0
2024-06-11 12:48:00.069999933,tgi_batch_inference_tokproc_duration_count,http,10.129.5.96:3000,tgis-bam,single_only,next_token,fmaas-monitoring,llama3-new,openshift-user-workload-monitoring/user-workload,tgis-bam,36376.0
2024-06-11 12:48:05.069999933,tgi_batch_inference_tokproc_duration_count,http,10.129.5.96:3000,tgis-bam,single_only,next_token,fmaas-monitoring,llama3-new,openshift-user-workload-monitoring/user-workload,tgis-bam,36386.0
2024-06-11 12:48:10.081000090,tgi_batch_inference_tokproc_duration_count,http,10.129.5.96:3000,tgis-bam,single_only,next_token,fmaas-monitoring,llama3-new,openshift-user-workload-monitoring/user-workload,tgis-bam,36396.0
2024-06-11 12:48:15.069999933,tgi_batch_inference_tokproc_duration_count,http,10.129.5.96:3000,tgis-bam,single_only,next_token,fmaas-monitoring,llama3-new,openshift-user-workload-monitoring/user-workload,tgis-bam,36404.0
2024-06-11 12:48:20.069999933,tgi_batch_inference_tokproc_duration_count,http,10.129.5.96:3000,tgis-bam,single_only,next_token,fmaas-monitoring,llama3-new,openshift-user-workload-monitoring/user-workload,tgis-bam,36409.0
2024-06-11 12:48:25.072000027,tgi_batch_inference_tokproc_duration_count,http,10.129.5.96:3000,tgis-bam,single_only,next_token,fmaas-monitoring,llama3-new,openshift-user-workload-monitoring/user-workload,tgis-bam,36416.0
2024-06-11 12:48:30.069999933,tgi_batch_inference_tokproc_duration_count,http,10.129.5.96:3000,tgis-bam,single_only,next_token,fmaas-monitoring,llama3-new,openshift-user-workload-monitoring/user-workload,tgis-bam,36430.0
2024-06-11 12:48:35.069999933,tgi_batch_inference_tokproc_duration_count,http,10.129.5.96:3000,tgis-bam,single_only,next_token,fmaas-monitoring,llama3-new,openshift-user-workload-monitoring/user-workload,tgis-bam,36440.0
2024-06-11 12:48:40.069999933,tgi_batch_inference_tokproc_duration_count,http,10.129.5.96:3000,tgis-bam,single_only,next_token,fmaas-monitoring,llama3-new,openshift-user-workload-monitoring/user-workload,tgis-bam,36449.0
2024-06-11 12:48:45.069999933,tgi_batch_inference_tokproc_duration_count,http,10.129.5.96:3000,tgis-bam,single_only,next_token,fmaas-monitoring,llama3-new,openshift-user-workload-monitoring/user-workload,tgis-bam,36458.0
2024-06-11 12:48:50.069999933,tgi_batch_inference_tokproc_duration_count,http,10.129.5.96:3000,tgis-bam,single_only,next_token,fmaas-monitoring,llama3-new,openshift-user-workload-monitoring/user-workload,tgis-bam,36465.0
2024-06-11 12:48:55.069999933,tgi_batch_inference_tokproc_duration_count,http,10.129.5.96:3000,tgis-bam,single_only,next_token,fmaas-monitoring,llama3-new,openshift-user-workload-monitoring/user-workload,tgis-bam,36474.0
2024-06-11 12:49:00.069999933,tgi_batch_inference_tokproc_duration_count,http,10.129.5.96:3000,tgis-bam,single_only,next_token,fmaas-monitoring,llama3-new,openshift-user-workload-monitoring/user-workload,tgis-bam,36487.0
2024-06-11 12:49:05.069999933,tgi_batch_inference_tokproc_duration_count,http,10.129.5.96:3000,tgis-bam,single_only,next_token,fmaas-monitoring,llama3-new,openshift-user-workload-monitoring/user-workload,tgis-bam,36500.0
2024-06-11 12:49:10.069999933,tgi_batch_inference_tokproc_duration_count,http,10.129.5.96:3000,tgis-bam,single_only,next_token,fmaas-monitoring,llama3-new,openshift-user-workload-monitoring/user-workload,tgis-bam,36513.0
2024-06-11 12:49:15.069999933,tgi_batch_inference_tokproc_duration_count,http,10.129.5.96:3000,tgis-bam,single_only,next_token,fmaas-monitoring,llama3-new,openshift-user-workload-monitoring/user-workload,tgis-bam,36524.0
2024-06-11 12:49:20.069999933,tgi_batch_inference_tokproc_duration_count,http,10.129.5.96:3000,tgis-bam,single_only,next_token,fmaas-monitoring,llama3-new,openshift-user-workload-monitoring/user-workload,tgis-bam,36531.0
2024-06-11 12:49:25.069999933,tgi_batch_inference_tokproc_duration_count,http,10.129.5.96:3000,tgis-bam,single_only,next_token,fmaas-monitoring,llama3-new,openshift-user-workload-monitoring/user-workload,tgis-bam,36537.0
2024-06-11 12:49:30.069999933,tgi_batch_inference_tokproc_duration_count,http,10.129.5.96:3000,tgis-bam,single_only,next_token,fmaas-monitoring,llama3-new,openshift-user-workload-monitoring/user-workload,tgis-bam,36551.0
2024-06-11 12:49:35.069999933,tgi_batch_inference_tokproc_duration_count,http,10.129.5.96:3000,tgis-bam,single_only,next_token,fmaas-monitoring,llama3-new,openshift-user-workload-monitoring/user-workload,tgis-bam,36562.0
2024-06-11 12:49:40.069999933,tgi_batch_inference_tokproc_duration_count,http,10.129.5.96:3000,tgis-bam,single_only,next_token,fmaas-monitoring,llama3-new,openshift-user-workload-monitoring/user-workload,tgis-bam,36575.0
2024-06-11 12:49:45.069999933,tgi_batch_inference_tokproc_duration_count,http,10.129.5.96:3000,tgis-bam,single_only,next_token,fmaas-monitoring,llama3-new,openshift-user-workload-monitoring/user-workload,tgis-bam,36583.0
2024-06-11 12:49:50.069999933,tgi_batch_inference_tokproc_duration_count,http,10.129.5.96:3000,tgis-bam,single_only,next_token,fmaas-monitoring,llama3-new,openshift-user-workload-monitoring/user-workload,tgis-bam,36591.0
2024-06-11 12:49:55.069999933,tgi_batch_inference_tokproc_duration_count,http,10.129.5.96:3000,tgis-bam,single_only,next_token,fmaas-monitoring,llama3-new,openshift-user-workload-monitoring/user-workload,tgis-bam,36600.0
2024-06-11 12:50:00.069999933,tgi_batch_inference_tokproc_duration_count,http,10.129.5.96:3000,tgis-bam,single_only,next_token,fmaas-monitoring,llama3-new,openshift-user-workload-monitoring/user-workload,tgis-bam,36614.0
2024-06-11 12:50:05.069999933,tgi_batch_inference_tokproc_duration_count,http,10.129.5.96:3000,tgis-bam,single_only,next_token,fmaas-monitoring,llama3-new,openshift-user-workload-monitoring/user-workload,tgis-bam,36626.0
2024-06-11 12:50:10.069999933,tgi_batch_inference_tokproc_duration_count,http,10.129.5.96:3000,tgis-bam,single_only,next_token,fmaas-monitoring,llama3-new,openshift-user-workload-monitoring/user-workload,tgis-bam,36639.0
2024-06-11 12:50:15.069999933,tgi_batch_inference_tokproc_duration_count,http,10.129.5.96:3000,tgis-bam,single_only,next_token,fmaas-monitoring,llama3-new,openshift-user-workload-monitoring/user-workload,tgis-bam,36646.0
2024-06-11 12:50:20.069999933,tgi_batch_inference_tokproc_duration_count,http,10.129.5.96:3000,tgis-bam,single_only,next_token,fmaas-monitoring,llama3-new,openshift-user-workload-monitoring/user-workload,tgis-bam,36652.0
2024-06-11 12:50:25.069999933,tgi_batch_inference_tokproc_duration_count,http,10.129.5.96:3000,tgis-bam,single_only,next_token,fmaas-monitoring,llama3-new,openshift-user-workload-monitoring/user-workload,tgis-bam,36661.0
2024-06-11 12:50:30.069999933,tgi_batch_inference_tokproc_duration_count,http,10.129.5.96:3000,tgis-bam,single_only,next_token,fmaas-monitoring,llama3-new,openshift-user-workload-monitoring/user-workload,tgis-bam,36674.0
2024-06-11 12:50:35.069999933,tgi_batch_inference_tokproc_duration_count,http,10.129.5.96:3000,tgis-bam,single_only,next_token,fmaas-monitoring,llama3-new,openshift-user-workload-monitoring/user-workload,tgis-bam,36685.0
2024-06-11 12:50:40.069999933,tgi_batch_inference_tokproc_duration_count,http,10.129.5.96:3000,tgis-bam,single_only,next_token,fmaas-monitoring,llama3-new,openshift-user-workload-monitoring/user-workload,tgis-bam,36697.0
2024-06-11 12:50:45.069999933,tgi_batch_inference_tokproc_duration_count,http,10.129.5.96:3000,tgis-bam,single_only,next_token,fmaas-monitoring,llama3-new,openshift-user-workload-monitoring/user-workload,tgis-bam,36705.0
2024-06-11 12:50:50.069999933,tgi_batch_inference_tokproc_duration_count,http,10.129.5.96:3000,tgis-bam,single_only,next_token,fmaas-monitoring,llama3-new,openshift-user-workload-monitoring/user-workload,tgis-bam,36712.0
2024-06-11 12:50:55.069999933,tgi_batch_inference_tokproc_duration_count,http,10.129.5.96:3000,tgis-bam,single_only,next_token,fmaas-monitoring,llama3-new,openshift-user-workload-monitoring/user-workload,tgis-bam,36723.0
2024-06-11 12:51:00.069999933,tgi_batch_inference_tokproc_duration_count,http,10.129.5.96:3000,tgis-bam,single_only,next_token,fmaas-monitoring,llama3-new,openshift-user-workload-monitoring/user-workload,tgis-bam,36740.0
2024-06-11 12:51:05.069999933,tgi_batch_inference_tokproc_duration_count,http,10.129.5.96:3000,tgis-bam,single_only,next_token,fmaas-monitoring,llama3-new,openshift-user-workload-monitoring/user-workload,tgis-bam,36754.0
2024-06-11 12:51:10.069999933,tgi_batch_inference_tokproc_duration_count,http,10.129.5.96:3000,tgis-bam,single_only,next_token,fmaas-monitoring,llama3-new,openshift-user-workload-monitoring/user-workload,tgis-bam,36767.0
2024-06-11 12:51:15.069999933,tgi_batch_inference_tokproc_duration_count,http,10.129.5.96:3000,tgis-bam,single_only,next_token,fmaas-monitoring,llama3-new,openshift-user-workload-monitoring/user-workload,tgis-bam,36774.0
2024-06-11 12:51:20.069999933,tgi_batch_inference_tokproc_duration_count,http,10.129.5.96:3000,tgis-bam,single_only,next_token,fmaas-monitoring,llama3-new,openshift-user-workload-monitoring/user-workload,tgis-bam,36783.0
2024-06-11 12:51:25.069999933,tgi_batch_inference_tokproc_duration_count,http,10.129.5.96:3000,tgis-bam,single_only,next_token,fmaas-monitoring,llama3-new,openshift-user-workload-monitoring/user-workload,tgis-bam,36797.0
2024-06-11 12:51:30.069999933,tgi_batch_inference_tokproc_duration_count,http,10.129.5.96:3000,tgis-bam,single_only,next_token,fmaas-monitoring,llama3-new,openshift-user-workload-monitoring/user-workload,tgis-bam,36809.0
2024-06-11 12:51:35.069999933,tgi_batch_inference_tokproc_duration_count,http,10.129.5.96:3000,tgis-bam,single_only,next_token,fmaas-monitoring,llama3-new,openshift-user-workload-monitoring/user-workload,tgis-bam,36822.0
2024-06-11 12:51:40.069999933,tgi_batch_inference_tokproc_duration_count,http,10.129.5.96:3000,tgis-bam,single_only,next_token,fmaas-monitoring,llama3-new,openshift-user-workload-monitoring/user-workload,tgis-bam,36830.0
2024-06-11 12:51:45.069999933,tgi_batch_inference_tokproc_duration_count,http,10.129.5.96:3000,tgis-bam,single_only,next_token,fmaas-monitoring,llama3-new,openshift-user-workload-monitoring/user-workload,tgis-bam,36840.0
2024-06-11 12:51:50.069999933,tgi_batch_inference_tokproc_duration_count,http,10.129.5.96:3000,tgis-bam,single_only,next_token,fmaas-monitoring,llama3-new,openshift-user-workload-monitoring/user-workload,tgis-bam,36854.0
2024-06-11 12:51:55.069999933,tgi_batch_inference_tokproc_duration_count,http,10.129.5.96:3000,tgis-bam,single_only,next_token,fmaas-monitoring,llama3-new,openshift-user-workload-monitoring/user-workload,tgis-bam,36867.0
2024-06-11 12:52:00.069999933,tgi_batch_inference_tokproc_duration_count,http,10.129.5.96:3000,tgis-bam,single_only,next_token,fmaas-monitoring,llama3-new,openshift-user-workload-monitoring/user-workload,tgis-bam,36875.0
2024-06-11 12:52:05.073999882,tgi_batch_inference_tokproc_duration_count,http,10.129.5.96:3000,tgis-bam,single_only,next_token,fmaas-monitoring,llama3-new,openshift-user-workload-monitoring/user-workload,tgis-bam,36886.0
2024-06-11 12:52:10.069999933,tgi_batch_inference_tokproc_duration_count,http,10.129.5.96:3000,tgis-bam,single_only,next_token,fmaas-monitoring,llama3-new,openshift-user-workload-monitoring/user-workload,tgis-bam,36891.0
2024-06-11 12:52:15.069999933,tgi_batch_inference_tokproc_duration_count,http,10.129.5.96:3000,tgis-bam,single_only,next_token,fmaas-monitoring,llama3-new,openshift-user-workload-monitoring/user-workload,tgis-bam,36896.0
2024-06-11 12:52:20.069999933,tgi_batch_inference_tokproc_duration_count,http,10.129.5.96:3000,tgis-bam,single_only,next_token,fmaas-monitoring,llama3-new,openshift-user-workload-monitoring/user-workload,tgis-bam,36910.0
2024-06-11 12:52:25.069999933,tgi_batch_inference_tokproc_duration_count,http,10.129.5.96:3000,tgis-bam,single_only,next_token,fmaas-monitoring,llama3-new,openshift-user-workload-monitoring/user-workload,tgis-bam,36924.0
2024-06-11 12:52:30.069999933,tgi_batch_inference_tokproc_duration_count,http,10.129.5.96:3000,tgis-bam,single_only,next_token,fmaas-monitoring,llama3-new,openshift-user-workload-monitoring/user-workload,tgis-bam,36934.0
2024-06-11 12:52:35.069999933,tgi_batch_inference_tokproc_duration_count,http,10.129.5.96:3000,tgis-bam,single_only,next_token,fmaas-monitoring,llama3-new,openshift-user-workload-monitoring/user-workload,tgis-bam,36945.0
2024-06-11 12:52:40.069999933,tgi_batch_inference_tokproc_duration_count,http,10.129.5.96:3000,tgis-bam,single_only,next_token,fmaas-monitoring,llama3-new,openshift-user-workload-monitoring/user-workload,tgis-bam,36952.0
2024-06-11 12:52:45.069999933,tgi_batch_inference_tokproc_duration_count,http,10.129.5.96:3000,tgis-bam,single_only,next_token,fmaas-monitoring,llama3-new,openshift-user-workload-monitoring/user-workload,tgis-bam,36959.0
2024-06-11 12:52:50.069999933,tgi_batch_inference_tokproc_duration_count,http,10.129.5.96:3000,tgis-bam,single_only,next_token,fmaas-monitoring,llama3-new,openshift-user-workload-monitoring/user-workload,tgis-bam,36975.0
2024-06-11 12:52:55.069999933,tgi_batch_inference_tokproc_duration_count,http,10.129.5.96:3000,tgis-bam,single_only,next_token,fmaas-monitoring,llama3-new,openshift-user-workload-monitoring/user-workload,tgis-bam,36988.0
2024-06-11 12:53:00.069999933,tgi_batch_inference_tokproc_duration_count,http,10.129.5.96:3000,tgis-bam,single_only,next_token,fmaas-monitoring,llama3-new,openshift-user-workload-monitoring/user-workload,tgis-bam,36999.0
2024-06-11 12:53:05.069999933,tgi_batch_inference_tokproc_duration_count,http,10.129.5.96:3000,tgis-bam,single_only,next_token,fmaas-monitoring,llama3-new,openshift-user-workload-monitoring/user-workload,tgis-bam,37009.0
2024-06-11 12:53:10.069999933,tgi_batch_inference_tokproc_duration_count,http,10.129.5.96:3000,tgis-bam,single_only,next_token,fmaas-monitoring,llama3-new,openshift-user-workload-monitoring/user-workload,tgis-bam,37017.0
2024-06-11 12:53:15.069999933,tgi_batch_inference_tokproc_duration_count,http,10.129.5.96:3000,tgis-bam,single_only,next_token,fmaas-monitoring,llama3-new,openshift-user-workload-monitoring/user-workload,tgis-bam,37031.0
2024-06-11 12:53:20.069999933,tgi_batch_inference_tokproc_duration_count,http,10.129.5.96:3000,tgis-bam,single_only,next_token,fmaas-monitoring,llama3-new,openshift-user-workload-monitoring/user-workload,tgis-bam,37045.0
2024-06-11 12:53:25.069999933,tgi_batch_inference_tokproc_duration_count,http,10.129.5.96:3000,tgis-bam,single_only,next_token,fmaas-monitoring,llama3-new,openshift-user-workload-monitoring/user-workload,tgis-bam,37058.0
2024-06-11 12:53:30.069999933,tgi_batch_inference_tokproc_duration_count,http,10.129.5.96:3000,tgis-bam,single_only,next_token,fmaas-monitoring,llama3-new,openshift-user-workload-monitoring/user-workload,tgis-bam,37063.0
2024-06-11 12:53:35.069999933,tgi_batch_inference_tokproc_duration_count,http,10.129.5.96:3000,tgis-bam,single_only,next_token,fmaas-monitoring,llama3-new,openshift-user-workload-monitoring/user-workload,tgis-bam,37073.0
2024-06-11 12:53:40.069999933,tgi_batch_inference_tokproc_duration_count,http,10.129.5.96:3000,tgis-bam,single_only,next_token,fmaas-monitoring,llama3-new,openshift-user-workload-monitoring/user-workload,tgis-bam,37084.0
2024-06-11 12:53:45.069999933,tgi_batch_inference_tokproc_duration_count,http,10.129.5.96:3000,tgis-bam,single_only,next_token,fmaas-monitoring,llama3-new,openshift-user-workload-monitoring/user-workload,tgis-bam,37098.0
2024-06-11 12:53:50.069999933,tgi_batch_inference_tokproc_duration_count,http,10.129.5.96:3000,tgis-bam,single_only,next_token,fmaas-monitoring,llama3-new,openshift-user-workload-monitoring/user-workload,tgis-bam,37111.0
2024-06-11 12:53:55.069999933,tgi_batch_inference_tokproc_duration_count,http,10.129.5.96:3000,tgis-bam,single_only,next_token,fmaas-monitoring,llama3-new,openshift-user-workload-monitoring/user-workload,tgis-bam,37123.0
2024-06-11 12:44:00.069999933,tgi_batch_inference_tokproc_duration_count,http,10.129.5.96:3000,tgis-bam,single_only,prefill,fmaas-monitoring,llama3-new,openshift-user-workload-monitoring/user-workload,tgis-bam,11706.0
2024-06-11 12:44:05.069999933,tgi_batch_inference_tokproc_duration_count,http,10.129.5.96:3000,tgis-bam,single_only,prefill,fmaas-monitoring,llama3-new,openshift-user-workload-monitoring/user-workload,tgis-bam,11710.0
2024-06-11 12:44:10.069999933,tgi_batch_inference_tokproc_duration_count,http,10.129.5.96:3000,tgis-bam,single_only,prefill,fmaas-monitoring,llama3-new,openshift-user-workload-monitoring/user-workload,tgis-bam,11712.0
2024-06-11 12:44:15.069999933,tgi_batch_inference_tokproc_duration_count,http,10.129.5.96:3000,tgis-bam,single_only,prefill,fmaas-monitoring,llama3-new,openshift-user-workload-monitoring/user-workload,tgis-bam,11717.0
2024-06-11 12:44:20.069999933,tgi_batch_inference_tokproc_duration_count,http,10.129.5.96:3000,tgis-bam,single_only,prefill,fmaas-monitoring,llama3-new,openshift-user-workload-monitoring/user-workload,tgis-bam,11722.0
2024-06-11 12:44:25.069999933,tgi_batch_inference_tokproc_duration_count,http,10.129.5.96:3000,tgis-bam,single_only,prefill,fmaas-monitoring,llama3-new,openshift-user-workload-monitoring/user-workload,tgis-bam,11726.0
2024-06-11 12:44:30.069999933,tgi_batch_inference_tokproc_duration_count,http,10.129.5.96:3000,tgis-bam,single_only,prefill,fmaas-monitoring,llama3-new,openshift-user-workload-monitoring/user-workload,tgis-bam,11726.0
2024-06-11 12:44:35.069999933,tgi_batch_inference_tokproc_duration_count,http,10.129.5.96:3000,tgis-bam,single_only,prefill,fmaas-monitoring,llama3-new,openshift-user-workload-monitoring/user-workload,tgis-bam,11728.0
2024-06-11 12:44:40.069999933,tgi_batch_inference_tokproc_duration_count,http,10.129.5.96:3000,tgis-bam,single_only,prefill,fmaas-monitoring,llama3-new,openshift-user-workload-monitoring/user-workload,tgis-bam,11731.0
2024-06-11 12:44:45.078000069,tgi_batch_inference_tokproc_duration_count,http,10.129.5.96:3000,tgis-bam,single_only,prefill,fmaas-monitoring,llama3-new,openshift-user-workload-monitoring/user-workload,tgis-bam,11735.0
2024-06-11 12:44:50.069999933,tgi_batch_inference_tokproc_duration_count,http,10.129.5.96:3000,tgis-bam,single_only,prefill,fmaas-monitoring,llama3-new,openshift-user-workload-monitoring/user-workload,tgis-bam,11742.0
2024-06-11 12:44:55.069999933,tgi_batch_inference_tokproc_duration_count,http,10.129.5.96:3000,tgis-bam,single_only,prefill,fmaas-monitoring,llama3-new,openshift-user-workload-monitoring/user-workload,tgis-bam,11743.0
2024-06-11 12:45:00.069999933,tgi_batch_inference_tokproc_duration_count,http,10.129.5.96:3000,tgis-bam,single_only,prefill,fmaas-monitoring,llama3-new,openshift-user-workload-monitoring/user-workload,tgis-bam,11743.0
2024-06-11 12:45:05.069999933,tgi_batch_inference_tokproc_duration_count,http,10.129.5.96:3000,tgis-bam,single_only,prefill,fmaas-monitoring,llama3-new,openshift-user-workload-monitoring/user-workload,tgis-bam,11748.0
2024-06-11 12:45:10.069999933,tgi_batch_inference_tokproc_duration_count,http,10.129.5.96:3000,tgis-bam,single_only,prefill,fmaas-monitoring,llama3-new,openshift-user-workload-monitoring/user-workload,tgis-bam,11749.0
2024-06-11 12:45:15.069999933,tgi_batch_inference_tokproc_duration_count,http,10.129.5.96:3000,tgis-bam,single_only,prefill,fmaas-monitoring,llama3-new,openshift-user-workload-monitoring/user-workload,tgis-bam,11755.0
2024-06-11 12:45:20.069999933,tgi_batch_inference_tokproc_duration_count,http,10.129.5.96:3000,tgis-bam,single_only,prefill,fmaas-monitoring,llama3-new,openshift-user-workload-monitoring/user-workload,tgis-bam,11762.0
2024-06-11 12:45:25.069999933,tgi_batch_inference_tokproc_duration_count,http,10.129.5.96:3000,tgis-bam,single_only,prefill,fmaas-monitoring,llama3-new,openshift-user-workload-monitoring/user-workload,tgis-bam,11762.0
2024-06-11 12:45:30.069999933,tgi_batch_inference_tokproc_duration_count,http,10.129.5.96:3000,tgis-bam,single_only,prefill,fmaas-monitoring,llama3-new,openshift-user-workload-monitoring/user-workload,tgis-bam,11762.0
2024-06-11 12:45:35.069999933,tgi_batch_inference_tokproc_duration_count,http,10.129.5.96:3000,tgis-bam,single_only,prefill,fmaas-monitoring,llama3-new,openshift-user-workload-monitoring/user-workload,tgis-bam,11768.0
2024-06-11 12:45:40.069999933,tgi_batch_inference_tokproc_duration_count,http,10.129.5.96:3000,tgis-bam,single_only,prefill,fmaas-monitoring,llama3-new,openshift-user-workload-monitoring/user-workload,tgis-bam,11772.0
2024-06-11 12:45:45.069999933,tgi_batch_inference_tokproc_duration_count,http,10.129.5.96:3000,tgis-bam,single_only,prefill,fmaas-monitoring,llama3-new,openshift-user-workload-monitoring/user-workload,tgis-bam,11779.0
2024-06-11 12:45:50.072999954,tgi_batch_inference_tokproc_duration_count,http,10.129.5.96:3000,tgis-bam,single_only,prefill,fmaas-monitoring,llama3-new,openshift-user-workload-monitoring/user-workload,tgis-bam,11783.0
2024-06-11 12:45:55.069999933,tgi_batch_inference_tokproc_duration_count,http,10.129.5.96:3000,tgis-bam,single_only,prefill,fmaas-monitoring,llama3-new,openshift-user-workload-monitoring/user-workload,tgis-bam,11783.0
2024-06-11 12:46:00.069999933,tgi_batch_inference_tokproc_duration_count,http,10.129.5.96:3000,tgis-bam,single_only,prefill,fmaas-monitoring,llama3-new,openshift-user-workload-monitoring/user-workload,tgis-bam,11785.0
2024-06-11 12:46:05.069999933,tgi_batch_inference_tokproc_duration_count,http,10.129.5.96:3000,tgis-bam,single_only,prefill,fmaas-monitoring,llama3-new,openshift-user-workload-monitoring/user-workload,tgis-bam,11791.0
2024-06-11 12:46:10.069999933,tgi_batch_inference_tokproc_duration_count,http,10.129.5.96:3000,tgis-bam,single_only,prefill,fmaas-monitoring,llama3-new,openshift-user-workload-monitoring/user-workload,tgis-bam,11795.0
2024-06-11 12:46:15.069999933,tgi_batch_inference_tokproc_duration_count,http,10.129.5.96:3000,tgis-bam,single_only,prefill,fmaas-monitoring,llama3-new,openshift-user-workload-monitoring/user-workload,tgis-bam,11800.0
2024-06-11 12:46:20.069999933,tgi_batch_inference_tokproc_duration_count,http,10.129.5.96:3000,tgis-bam,single_only,prefill,fmaas-monitoring,llama3-new,openshift-user-workload-monitoring/user-workload,tgis-bam,11806.0
2024-06-11 12:46:25.069999933,tgi_batch_inference_tokproc_duration_count,http,10.129.5.96:3000,tgis-bam,single_only,prefill,fmaas-monitoring,llama3-new,openshift-user-workload-monitoring/user-workload,tgis-bam,11806.0
2024-06-11 12:46:30.069999933,tgi_batch_inference_tokproc_duration_count,http,10.129.5.96:3000,tgis-bam,single_only,prefill,fmaas-monitoring,llama3-new,openshift-user-workload-monitoring/user-workload,tgis-bam,11806.0
2024-06-11 12:46:35.069999933,tgi_batch_inference_tokproc_duration_count,http,10.129.5.96:3000,tgis-bam,single_only,prefill,fmaas-monitoring,llama3-new,openshift-user-workload-monitoring/user-workload,tgis-bam,11812.0
2024-06-11 12:46:40.069999933,tgi_batch_inference_tokproc_duration_count,http,10.129.5.96:3000,tgis-bam,single_only,prefill,fmaas-monitoring,llama3-new,openshift-user-workload-monitoring/user-workload,tgis-bam,11816.0
2024-06-11 12:46:45.069999933,tgi_batch_inference_tokproc_duration_count,http,10.129.5.96:3000,tgis-bam,single_only,prefill,fmaas-monitoring,llama3-new,openshift-user-workload-monitoring/user-workload,tgis-bam,11819.0
2024-06-11 12:46:50.069999933,tgi_batch_inference_tokproc_duration_count,http,10.129.5.96:3000,tgis-bam,single_only,prefill,fmaas-monitoring,llama3-new,openshift-user-workload-monitoring/user-workload,tgis-bam,11822.0
2024-06-11 12:46:55.069999933,tgi_batch_inference_tokproc_duration_count,http,10.129.5.96:3000,tgis-bam,single_only,prefill,fmaas-monitoring,llama3-new,openshift-user-workload-monitoring/user-workload,tgis-bam,11822.0
2024-06-11 12:47:00.069999933,tgi_batch_inference_tokproc_duration_count,http,10.129.5.96:3000,tgis-bam,single_only,prefill,fmaas-monitoring,llama3-new,openshift-user-workload-monitoring/user-workload,tgis-bam,11823.0
2024-06-11 12:47:05.069999933,tgi_batch_inference_tokproc_duration_count,http,10.129.5.96:3000,tgis-bam,single_only,prefill,fmaas-monitoring,llama3-new,openshift-user-workload-monitoring/user-workload,tgis-bam,11830.0
2024-06-11 12:47:10.069999933,tgi_batch_inference_tokproc_duration_count,http,10.129.5.96:3000,tgis-bam,single_only,prefill,fmaas-monitoring,llama3-new,openshift-user-workload-monitoring/user-workload,tgis-bam,11834.0
2024-06-11 12:47:15.082000017,tgi_batch_inference_tokproc_duration_count,http,10.129.5.96:3000,tgis-bam,single_only,prefill,fmaas-monitoring,llama3-new,openshift-user-workload-monitoring/user-workload,tgis-bam,11835.0
2024-06-11 12:47:20.069999933,tgi_batch_inference_tokproc_duration_count,http,10.129.5.96:3000,tgis-bam,single_only,prefill,fmaas-monitoring,llama3-new,openshift-user-workload-monitoring/user-workload,tgis-bam,11837.0
2024-06-11 12:47:25.069999933,tgi_batch_inference_tokproc_duration_count,http,10.129.5.96:3000,tgis-bam,single_only,prefill,fmaas-monitoring,llama3-new,openshift-user-workload-monitoring/user-workload,tgis-bam,11838.0
2024-06-11 12:47:30.069999933,tgi_batch_inference_tokproc_duration_count,http,10.129.5.96:3000,tgis-bam,single_only,prefill,fmaas-monitoring,llama3-new,openshift-user-workload-monitoring/user-workload,tgis-bam,11841.0
2024-06-11 12:47:35.069999933,tgi_batch_inference_tokproc_duration_count,http,10.129.5.96:3000,tgis-bam,single_only,prefill,fmaas-monitoring,llama3-new,openshift-user-workload-monitoring/user-workload,tgis-bam,11848.0
2024-06-11 12:47:40.069999933,tgi_batch_inference_tokproc_duration_count,http,10.129.5.96:3000,tgis-bam,single_only,prefill,fmaas-monitoring,llama3-new,openshift-user-workload-monitoring/user-workload,tgis-bam,11851.0
2024-06-11 12:47:45.069999933,tgi_batch_inference_tokproc_duration_count,http,10.129.5.96:3000,tgis-bam,single_only,prefill,fmaas-monitoring,llama3-new,openshift-user-workload-monitoring/user-workload,tgis-bam,11854.0
2024-06-11 12:47:50.069999933,tgi_batch_inference_tokproc_duration_count,http,10.129.5.96:3000,tgis-bam,single_only,prefill,fmaas-monitoring,llama3-new,openshift-user-workload-monitoring/user-workload,tgis-bam,11857.0
2024-06-11 12:47:55.069999933,tgi_batch_inference_tokproc_duration_count,http,10.129.5.96:3000,tgis-bam,single_only,prefill,fmaas-monitoring,llama3-new,openshift-user-workload-monitoring/user-workload,tgis-bam,11860.0
2024-06-11 12:48:00.069999933,tgi_batch_inference_tokproc_duration_count,http,10.129.5.96:3000,tgis-bam,single_only,prefill,fmaas-monitoring,llama3-new,openshift-user-workload-monitoring/user-workload,tgis-bam,11862.0
2024-06-11 12:48:05.069999933,tgi_batch_inference_tokproc_duration_count,http,10.129.5.96:3000,tgis-bam,single_only,prefill,fmaas-monitoring,llama3-new,openshift-user-workload-monitoring/user-workload,tgis-bam,11869.0
2024-06-11 12:48:10.081000090,tgi_batch_inference_tokproc_duration_count,http,10.129.5.96:3000,tgis-bam,single_only,prefill,fmaas-monitoring,llama3-new,openshift-user-workload-monitoring/user-workload,tgis-bam,11875.0
2024-06-11 12:48:15.069999933,tgi_batch_inference_tokproc_duration_count,http,10.129.5.96:3000,tgis-bam,single_only,prefill,fmaas-monitoring,llama3-new,openshift-user-workload-monitoring/user-workload,tgis-bam,11877.0
2024-06-11 12:48:20.069999933,tgi_batch_inference_tokproc_duration_count,http,10.129.5.96:3000,tgis-bam,single_only,prefill,fmaas-monitoring,llama3-new,openshift-user-workload-monitoring/user-workload,tgis-bam,11879.0
2024-06-11 12:48:25.072000027,tgi_batch_inference_tokproc_duration_count,http,10.129.5.96:3000,tgis-bam,single_only,prefill,fmaas-monitoring,llama3-new,openshift-user-workload-monitoring/user-workload,tgis-bam,11884.0
2024-06-11 12:48:30.069999933,tgi_batch_inference_tokproc_duration_count,http,10.129.5.96:3000,tgis-bam,single_only,prefill,fmaas-monitoring,llama3-new,openshift-user-workload-monitoring/user-workload,tgis-bam,11884.0
2024-06-11 12:48:35.069999933,tgi_batch_inference_tokproc_duration_count,http,10.129.5.96:3000,tgis-bam,single_only,prefill,fmaas-monitoring,llama3-new,openshift-user-workload-monitoring/user-workload,tgis-bam,11887.0
2024-06-11 12:48:40.069999933,tgi_batch_inference_tokproc_duration_count,http,10.129.5.96:3000,tgis-bam,single_only,prefill,fmaas-monitoring,llama3-new,openshift-user-workload-monitoring/user-workload,tgis-bam,11889.0
2024-06-11 12:48:45.069999933,tgi_batch_inference_tokproc_duration_count,http,10.129.5.96:3000,tgis-bam,single_only,prefill,fmaas-monitoring,llama3-new,openshift-user-workload-monitoring/user-workload,tgis-bam,11891.0
2024-06-11 12:48:50.069999933,tgi_batch_inference_tokproc_duration_count,http,10.129.5.96:3000,tgis-bam,single_only,prefill,fmaas-monitoring,llama3-new,openshift-user-workload-monitoring/user-workload,tgis-bam,11892.0
2024-06-11 12:48:55.069999933,tgi_batch_inference_tokproc_duration_count,http,10.129.5.96:3000,tgis-bam,single_only,prefill,fmaas-monitoring,llama3-new,openshift-user-workload-monitoring/user-workload,tgis-bam,11897.0
2024-06-11 12:49:00.069999933,tgi_batch_inference_tokproc_duration_count,http,10.129.5.96:3000,tgis-bam,single_only,prefill,fmaas-monitoring,llama3-new,openshift-user-workload-monitoring/user-workload,tgis-bam,11899.0
2024-06-11 12:49:05.069999933,tgi_batch_inference_tokproc_duration_count,http,10.129.5.96:3000,tgis-bam,single_only,prefill,fmaas-monitoring,llama3-new,openshift-user-workload-monitoring/user-workload,tgis-bam,11902.0
2024-06-11 12:49:10.069999933,tgi_batch_inference_tokproc_duration_count,http,10.129.5.96:3000,tgis-bam,single_only,prefill,fmaas-monitoring,llama3-new,openshift-user-workload-monitoring/user-workload,tgis-bam,11904.0
2024-06-11 12:49:15.069999933,tgi_batch_inference_tokproc_duration_count,http,10.129.5.96:3000,tgis-bam,single_only,prefill,fmaas-monitoring,llama3-new,openshift-user-workload-monitoring/user-workload,tgis-bam,11907.0
2024-06-11 12:49:20.069999933,tgi_batch_inference_tokproc_duration_count,http,10.129.5.96:3000,tgis-bam,single_only,prefill,fmaas-monitoring,llama3-new,openshift-user-workload-monitoring/user-workload,tgis-bam,11909.0
2024-06-11 12:49:25.069999933,tgi_batch_inference_tokproc_duration_count,http,10.129.5.96:3000,tgis-bam,single_only,prefill,fmaas-monitoring,llama3-new,openshift-user-workload-monitoring/user-workload,tgis-bam,11913.0
2024-06-11 12:49:30.069999933,tgi_batch_inference_tokproc_duration_count,http,10.129.5.96:3000,tgis-bam,single_only,prefill,fmaas-monitoring,llama3-new,openshift-user-workload-monitoring/user-workload,tgis-bam,11914.0
2024-06-11 12:49:35.069999933,tgi_batch_inference_tokproc_duration_count,http,10.129.5.96:3000,tgis-bam,single_only,prefill,fmaas-monitoring,llama3-new,openshift-user-workload-monitoring/user-workload,tgis-bam,11919.0
2024-06-11 12:49:40.069999933,tgi_batch_inference_tokproc_duration_count,http,10.129.5.96:3000,tgis-bam,single_only,prefill,fmaas-monitoring,llama3-new,openshift-user-workload-monitoring/user-workload,tgis-bam,11921.0
2024-06-11 12:49:45.069999933,tgi_batch_inference_tokproc_duration_count,http,10.129.5.96:3000,tgis-bam,single_only,prefill,fmaas-monitoring,llama3-new,openshift-user-workload-monitoring/user-workload,tgis-bam,11923.0
2024-06-11 12:49:50.069999933,tgi_batch_inference_tokproc_duration_count,http,10.129.5.96:3000,tgis-bam,single_only,prefill,fmaas-monitoring,llama3-new,openshift-user-workload-monitoring/user-workload,tgis-bam,11925.0
2024-06-11 12:49:55.069999933,tgi_batch_inference_tokproc_duration_count,http,10.129.5.96:3000,tgis-bam,single_only,prefill,fmaas-monitoring,llama3-new,openshift-user-workload-monitoring/user-workload,tgis-bam,11930.0
2024-06-11 12:50:00.069999933,tgi_batch_inference_tokproc_duration_count,http,10.129.5.96:3000,tgis-bam,single_only,prefill,fmaas-monitoring,llama3-new,openshift-user-workload-monitoring/user-workload,tgis-bam,11931.0
2024-06-11 12:50:05.069999933,tgi_batch_inference_tokproc_duration_count,http,10.129.5.96:3000,tgis-bam,single_only,prefill,fmaas-monitoring,llama3-new,openshift-user-workload-monitoring/user-workload,tgis-bam,11935.0
2024-06-11 12:50:10.069999933,tgi_batch_inference_tokproc_duration_count,http,10.129.5.96:3000,tgis-bam,single_only,prefill,fmaas-monitoring,llama3-new,openshift-user-workload-monitoring/user-workload,tgis-bam,11937.0
2024-06-11 12:50:15.069999933,tgi_batch_inference_tokproc_duration_count,http,10.129.5.96:3000,tgis-bam,single_only,prefill,fmaas-monitoring,llama3-new,openshift-user-workload-monitoring/user-workload,tgis-bam,11939.0
2024-06-11 12:50:20.069999933,tgi_batch_inference_tokproc_duration_count,http,10.129.5.96:3000,tgis-bam,single_only,prefill,fmaas-monitoring,llama3-new,openshift-user-workload-monitoring/user-workload,tgis-bam,11942.0
2024-06-11 12:50:25.069999933,tgi_batch_inference_tokproc_duration_count,http,10.129.5.96:3000,tgis-bam,single_only,prefill,fmaas-monitoring,llama3-new,openshift-user-workload-monitoring/user-workload,tgis-bam,11947.0
2024-06-11 12:50:30.069999933,tgi_batch_inference_tokproc_duration_count,http,10.129.5.96:3000,tgis-bam,single_only,prefill,fmaas-monitoring,llama3-new,openshift-user-workload-monitoring/user-workload,tgis-bam,11948.0
2024-06-11 12:50:35.069999933,tgi_batch_inference_tokproc_duration_count,http,10.129.5.96:3000,tgis-bam,single_only,prefill,fmaas-monitoring,llama3-new,openshift-user-workload-monitoring/user-workload,tgis-bam,11952.0
2024-06-11 12:50:40.069999933,tgi_batch_inference_tokproc_duration_count,http,10.129.5.96:3000,tgis-bam,single_only,prefill,fmaas-monitoring,llama3-new,openshift-user-workload-monitoring/user-workload,tgis-bam,11954.0
2024-06-11 12:50:45.069999933,tgi_batch_inference_tokproc_duration_count,http,10.129.5.96:3000,tgis-bam,single_only,prefill,fmaas-monitoring,llama3-new,openshift-user-workload-monitoring/user-workload,tgis-bam,11957.0
2024-06-11 12:50:50.069999933,tgi_batch_inference_tokproc_duration_count,http,10.129.5.96:3000,tgis-bam,single_only,prefill,fmaas-monitoring,llama3-new,openshift-user-workload-monitoring/user-workload,tgis-bam,11960.0
2024-06-11 12:50:55.069999933,tgi_batch_inference_tokproc_duration_count,http,10.129.5.96:3000,tgis-bam,single_only,prefill,fmaas-monitoring,llama3-new,openshift-user-workload-monitoring/user-workload,tgis-bam,11964.0
2024-06-11 12:51:00.069999933,tgi_batch_inference_tokproc_duration_count,http,10.129.5.96:3000,tgis-bam,single_only,prefill,fmaas-monitoring,llama3-new,openshift-user-workload-monitoring/user-workload,tgis-bam,11964.0
2024-06-11 12:51:05.069999933,tgi_batch_inference_tokproc_duration_count,http,10.129.5.96:3000,tgis-bam,single_only,prefill,fmaas-monitoring,llama3-new,openshift-user-workload-monitoring/user-workload,tgis-bam,11965.0
2024-06-11 12:51:10.069999933,tgi_batch_inference_tokproc_duration_count,http,10.129.5.96:3000,tgis-bam,single_only,prefill,fmaas-monitoring,llama3-new,openshift-user-workload-monitoring/user-workload,tgis-bam,11965.0
2024-06-11 12:51:15.069999933,tgi_batch_inference_tokproc_duration_count,http,10.129.5.96:3000,tgis-bam,single_only,prefill,fmaas-monitoring,llama3-new,openshift-user-workload-monitoring/user-workload,tgis-bam,11966.0
2024-06-11 12:51:20.069999933,tgi_batch_inference_tokproc_duration_count,http,10.129.5.96:3000,tgis-bam,single_only,prefill,fmaas-monitoring,llama3-new,openshift-user-workload-monitoring/user-workload,tgis-bam,11968.0
2024-06-11 12:51:25.069999933,tgi_batch_inference_tokproc_duration_count,http,10.129.5.96:3000,tgis-bam,single_only,prefill,fmaas-monitoring,llama3-new,openshift-user-workload-monitoring/user-workload,tgis-bam,11968.0
2024-06-11 12:51:30.069999933,tgi_batch_inference_tokproc_duration_count,http,10.129.5.96:3000,tgis-bam,single_only,prefill,fmaas-monitoring,llama3-new,openshift-user-workload-monitoring/user-workload,tgis-bam,11969.0
2024-06-11 12:51:35.069999933,tgi_batch_inference_tokproc_duration_count,http,10.129.5.96:3000,tgis-bam,single_only,prefill,fmaas-monitoring,llama3-new,openshift-user-workload-monitoring/user-workload,tgis-bam,11970.0
2024-06-11 12:51:40.069999933,tgi_batch_inference_tokproc_duration_count,http,10.129.5.96:3000,tgis-bam,single_only,prefill,fmaas-monitoring,llama3-new,openshift-user-workload-monitoring/user-workload,tgis-bam,11973.0
2024-06-11 12:51:45.069999933,tgi_batch_inference_tokproc_duration_count,http,10.129.5.96:3000,tgis-bam,single_only,prefill,fmaas-monitoring,llama3-new,openshift-user-workload-monitoring/user-workload,tgis-bam,11977.0
2024-06-11 12:51:50.069999933,tgi_batch_inference_tokproc_duration_count,http,10.129.5.96:3000,tgis-bam,single_only,prefill,fmaas-monitoring,llama3-new,openshift-user-workload-monitoring/user-workload,tgis-bam,11977.0
2024-06-11 12:51:55.069999933,tgi_batch_inference_tokproc_duration_count,http,10.129.5.96:3000,tgis-bam,single_only,prefill,fmaas-monitoring,llama3-new,openshift-user-workload-monitoring/user-workload,tgis-bam,11977.0
2024-06-11 12:52:00.069999933,tgi_batch_inference_tokproc_duration_count,http,10.129.5.96:3000,tgis-bam,single_only,prefill,fmaas-monitoring,llama3-new,openshift-user-workload-monitoring/user-workload,tgis-bam,11979.0
2024-06-11 12:52:05.073999882,tgi_batch_inference_tokproc_duration_count,http,10.129.5.96:3000,tgis-bam,single_only,prefill,fmaas-monitoring,llama3-new,openshift-user-workload-monitoring/user-workload,tgis-bam,11981.0
2024-06-11 12:52:10.069999933,tgi_batch_inference_tokproc_duration_count,http,10.129.5.96:3000,tgis-bam,single_only,prefill,fmaas-monitoring,llama3-new,openshift-user-workload-monitoring/user-workload,tgis-bam,11983.0
2024-06-11 12:52:15.069999933,tgi_batch_inference_tokproc_duration_count,http,10.129.5.96:3000,tgis-bam,single_only,prefill,fmaas-monitoring,llama3-new,openshift-user-workload-monitoring/user-workload,tgis-bam,11987.0
2024-06-11 12:52:20.069999933,tgi_batch_inference_tokproc_duration_count,http,10.129.5.96:3000,tgis-bam,single_only,prefill,fmaas-monitoring,llama3-new,openshift-user-workload-monitoring/user-workload,tgis-bam,11988.0
2024-06-11 12:52:25.069999933,tgi_batch_inference_tokproc_duration_count,http,10.129.5.96:3000,tgis-bam,single_only,prefill,fmaas-monitoring,llama3-new,openshift-user-workload-monitoring/user-workload,tgis-bam,11989.0
2024-06-11 12:52:30.069999933,tgi_batch_inference_tokproc_duration_count,http,10.129.5.96:3000,tgis-bam,single_only,prefill,fmaas-monitoring,llama3-new,openshift-user-workload-monitoring/user-workload,tgis-bam,11993.0
2024-06-11 12:52:35.069999933,tgi_batch_inference_tokproc_duration_count,http,10.129.5.96:3000,tgis-bam,single_only,prefill,fmaas-monitoring,llama3-new,openshift-user-workload-monitoring/user-workload,tgis-bam,11996.0
2024-06-11 12:52:40.069999933,tgi_batch_inference_tokproc_duration_count,http,10.129.5.96:3000,tgis-bam,single_only,prefill,fmaas-monitoring,llama3-new,openshift-user-workload-monitoring/user-workload,tgis-bam,11999.0
2024-06-11 12:52:45.069999933,tgi_batch_inference_tokproc_duration_count,http,10.129.5.96:3000,tgis-bam,single_only,prefill,fmaas-monitoring,llama3-new,openshift-user-workload-monitoring/user-workload,tgis-bam,12004.0
2024-06-11 12:52:50.069999933,tgi_batch_inference_tokproc_duration_count,http,10.129.5.96:3000,tgis-bam,single_only,prefill,fmaas-monitoring,llama3-new,openshift-user-workload-monitoring/user-workload,tgis-bam,12004.0
2024-06-11 12:52:55.069999933,tgi_batch_inference_tokproc_duration_count,http,10.129.5.96:3000,tgis-bam,single_only,prefill,fmaas-monitoring,llama3-new,openshift-user-workload-monitoring/user-workload,tgis-bam,12005.0
2024-06-11 12:53:00.069999933,tgi_batch_inference_tokproc_duration_count,http,10.129.5.96:3000,tgis-bam,single_only,prefill,fmaas-monitoring,llama3-new,openshift-user-workload-monitoring/user-workload,tgis-bam,12006.0
2024-06-11 12:53:05.069999933,tgi_batch_inference_tokproc_duration_count,http,10.129.5.96:3000,tgis-bam,single_only,prefill,fmaas-monitoring,llama3-new,openshift-user-workload-monitoring/user-workload,tgis-bam,12007.0
2024-06-11 12:53:10.069999933,tgi_batch_inference_tokproc_duration_count,http,10.129.5.96:3000,tgis-bam,single_only,prefill,fmaas-monitoring,llama3-new,openshift-user-workload-monitoring/user-workload,tgis-bam,12013.0
2024-06-11 12:53:15.069999933,tgi_batch_inference_tokproc_duration_count,http,10.129.5.96:3000,tgis-bam,single_only,prefill,fmaas-monitoring,llama3-new,openshift-user-workload-monitoring/user-workload,tgis-bam,12014.0
2024-06-11 12:53:20.069999933,tgi_batch_inference_tokproc_duration_count,http,10.129.5.96:3000,tgis-bam,single_only,prefill,fmaas-monitoring,llama3-new,openshift-user-workload-monitoring/user-workload,tgis-bam,12015.0
2024-06-11 12:53:25.069999933,tgi_batch_inference_tokproc_duration_count,http,10.129.5.96:3000,tgis-bam,single_only,prefill,fmaas-monitoring,llama3-new,openshift-user-workload-monitoring/user-workload,tgis-bam,12016.0
2024-06-11 12:53:30.069999933,tgi_batch_inference_tokproc_duration_count,http,10.129.5.96:3000,tgis-bam,single_only,prefill,fmaas-monitoring,llama3-new,openshift-user-workload-monitoring/user-workload,tgis-bam,12017.0
2024-06-11 12:53:35.069999933,tgi_batch_inference_tokproc_duration_count,http,10.129.5.96:3000,tgis-bam,single_only,prefill,fmaas-monitoring,llama3-new,openshift-user-workload-monitoring/user-workload,tgis-bam,12019.0
2024-06-11 12:53:40.069999933,tgi_batch_inference_tokproc_duration_count,http,10.129.5.96:3000,tgis-bam,single_only,prefill,fmaas-monitoring,llama3-new,openshift-user-workload-monitoring/user-workload,tgis-bam,12023.0
2024-06-11 12:53:45.069999933,tgi_batch_inference_tokproc_duration_count,http,10.129.5.96:3000,tgis-bam,single_only,prefill,fmaas-monitoring,llama3-new,openshift-user-workload-monitoring/user-workload,tgis-bam,12023.0
2024-06-11 12:53:50.069999933,tgi_batch_inference_tokproc_duration_count,http,10.129.5.96:3000,tgis-bam,single_only,prefill,fmaas-monitoring,llama3-new,openshift-user-workload-monitoring/user-workload,tgis-bam,12024.0
2024-06-11 12:53:55.069999933,tgi_batch_inference_tokproc_duration_count,http,10.129.5.96:3000,tgis-bam,single_only,prefill,fmaas-monitoring,llama3-new,openshift-user-workload-monitoring/user-workload,tgis-bam,12026.0
2024-06-11 12:54:00.069999933,tgi_batch_inference_tokproc_duration_count,http,10.129.5.96:3000,tgis-bam,single_only,next_token,fmaas-monitoring,llama3-new,openshift-user-workload-monitoring/user-workload,tgis-bam,37130.0
2024-06-11 12:54:05.079999924,tgi_batch_inference_tokproc_duration_count,http,10.129.5.96:3000,tgis-bam,single_only,next_token,fmaas-monitoring,llama3-new,openshift-user-workload-monitoring/user-workload,tgis-bam,37138.0
2024-06-11 12:54:10.069999933,tgi_batch_inference_tokproc_duration_count,http,10.129.5.96:3000,tgis-bam,single_only,next_token,fmaas-monitoring,llama3-new,openshift-user-workload-monitoring/user-workload,tgis-bam,37150.0
2024-06-11 12:54:15.069999933,tgi_batch_inference_tokproc_duration_count,http,10.129.5.96:3000,tgis-bam,single_only,next_token,fmaas-monitoring,llama3-new,openshift-user-workload-monitoring/user-workload,tgis-bam,37164.0
2024-06-11 12:54:20.069999933,tgi_batch_inference_tokproc_duration_count,http,10.129.5.96:3000,tgis-bam,single_only,next_token,fmaas-monitoring,llama3-new,openshift-user-workload-monitoring/user-workload,tgis-bam,37178.0
2024-06-11 12:54:25.069999933,tgi_batch_inference_tokproc_duration_count,http,10.129.5.96:3000,tgis-bam,single_only,next_token,fmaas-monitoring,llama3-new,openshift-user-workload-monitoring/user-workload,tgis-bam,37183.0
2024-06-11 12:54:30.069999933,tgi_batch_inference_tokproc_duration_count,http,10.129.5.96:3000,tgis-bam,single_only,next_token,fmaas-monitoring,llama3-new,openshift-user-workload-monitoring/user-workload,tgis-bam,37191.0
2024-06-11 12:54:35.069999933,tgi_batch_inference_tokproc_duration_count,http,10.129.5.96:3000,tgis-bam,single_only,next_token,fmaas-monitoring,llama3-new,openshift-user-workload-monitoring/user-workload,tgis-bam,37196.0
2024-06-11 12:54:40.069999933,tgi_batch_inference_tokproc_duration_count,http,10.129.5.96:3000,tgis-bam,single_only,next_token,fmaas-monitoring,llama3-new,openshift-user-workload-monitoring/user-workload,tgis-bam,37206.0
2024-06-11 12:54:45.069999933,tgi_batch_inference_tokproc_duration_count,http,10.129.5.96:3000,tgis-bam,single_only,next_token,fmaas-monitoring,llama3-new,openshift-user-workload-monitoring/user-workload,tgis-bam,37221.0
2024-06-11 12:54:50.069999933,tgi_batch_inference_tokproc_duration_count,http,10.129.5.96:3000,tgis-bam,single_only,next_token,fmaas-monitoring,llama3-new,openshift-user-workload-monitoring/user-workload,tgis-bam,37233.0
2024-06-11 12:54:55.069999933,tgi_batch_inference_tokproc_duration_count,http,10.129.5.96:3000,tgis-bam,single_only,next_token,fmaas-monitoring,llama3-new,openshift-user-workload-monitoring/user-workload,tgis-bam,37242.0
2024-06-11 12:55:00.069999933,tgi_batch_inference_tokproc_duration_count,http,10.129.5.96:3000,tgis-bam,single_only,next_token,fmaas-monitoring,llama3-new,openshift-user-workload-monitoring/user-workload,tgis-bam,37251.0
2024-06-11 12:55:05.069999933,tgi_batch_inference_tokproc_duration_count,http,10.129.5.96:3000,tgis-bam,single_only,next_token,fmaas-monitoring,llama3-new,openshift-user-workload-monitoring/user-workload,tgis-bam,37264.0
2024-06-11 12:55:10.069999933,tgi_batch_inference_tokproc_duration_count,http,10.129.5.96:3000,tgis-bam,single_only,next_token,fmaas-monitoring,llama3-new,openshift-user-workload-monitoring/user-workload,tgis-bam,37274.0
2024-06-11 12:55:15.069999933,tgi_batch_inference_tokproc_duration_count,http,10.129.5.96:3000,tgis-bam,single_only,next_token,fmaas-monitoring,llama3-new,openshift-user-workload-monitoring/user-workload,tgis-bam,37287.0
2024-06-11 12:55:20.069999933,tgi_batch_inference_tokproc_duration_count,http,10.129.5.96:3000,tgis-bam,single_only,next_token,fmaas-monitoring,llama3-new,openshift-user-workload-monitoring/user-workload,tgis-bam,37299.0
2024-06-11 12:55:25.069999933,tgi_batch_inference_tokproc_duration_count,http,10.129.5.96:3000,tgis-bam,single_only,next_token,fmaas-monitoring,llama3-new,openshift-user-workload-monitoring/user-workload,tgis-bam,37308.0
2024-06-11 12:55:30.069999933,tgi_batch_inference_tokproc_duration_count,http,10.129.5.96:3000,tgis-bam,single_only,next_token,fmaas-monitoring,llama3-new,openshift-user-workload-monitoring/user-workload,tgis-bam,37315.0
2024-06-11 12:55:35.069999933,tgi_batch_inference_tokproc_duration_count,http,10.129.5.96:3000,tgis-bam,single_only,next_token,fmaas-monitoring,llama3-new,openshift-user-workload-monitoring/user-workload,tgis-bam,37325.0
2024-06-11 12:55:40.069999933,tgi_batch_inference_tokproc_duration_count,http,10.129.5.96:3000,tgis-bam,single_only,next_token,fmaas-monitoring,llama3-new,openshift-user-workload-monitoring/user-workload,tgis-bam,37339.0
2024-06-11 12:55:45.069999933,tgi_batch_inference_tokproc_duration_count,http,10.129.5.96:3000,tgis-bam,single_only,next_token,fmaas-monitoring,llama3-new,openshift-user-workload-monitoring/user-workload,tgis-bam,37351.0
2024-06-11 12:55:50.069999933,tgi_batch_inference_tokproc_duration_count,http,10.129.5.96:3000,tgis-bam,single_only,next_token,fmaas-monitoring,llama3-new,openshift-user-workload-monitoring/user-workload,tgis-bam,37361.0
2024-06-11 12:55:55.069999933,tgi_batch_inference_tokproc_duration_count,http,10.129.5.96:3000,tgis-bam,single_only,next_token,fmaas-monitoring,llama3-new,openshift-user-workload-monitoring/user-workload,tgis-bam,37371.0
2024-06-11 12:56:00.069999933,tgi_batch_inference_tokproc_duration_count,http,10.129.5.96:3000,tgis-bam,single_only,next_token,fmaas-monitoring,llama3-new,openshift-user-workload-monitoring/user-workload,tgis-bam,37381.0
2024-06-11 12:56:05.069999933,tgi_batch_inference_tokproc_duration_count,http,10.129.5.96:3000,tgis-bam,single_only,next_token,fmaas-monitoring,llama3-new,openshift-user-workload-monitoring/user-workload,tgis-bam,37387.0
2024-06-11 12:56:10.075999975,tgi_batch_inference_tokproc_duration_count,http,10.129.5.96:3000,tgis-bam,single_only,next_token,fmaas-monitoring,llama3-new,openshift-user-workload-monitoring/user-workload,tgis-bam,37398.0
2024-06-11 12:56:15.069999933,tgi_batch_inference_tokproc_duration_count,http,10.129.5.96:3000,tgis-bam,single_only,next_token,fmaas-monitoring,llama3-new,openshift-user-workload-monitoring/user-workload,tgis-bam,37411.0
2024-06-11 12:56:20.069999933,tgi_batch_inference_tokproc_duration_count,http,10.129.5.96:3000,tgis-bam,single_only,next_token,fmaas-monitoring,llama3-new,openshift-user-workload-monitoring/user-workload,tgis-bam,37421.0
2024-06-11 12:56:25.069999933,tgi_batch_inference_tokproc_duration_count,http,10.129.5.96:3000,tgis-bam,single_only,next_token,fmaas-monitoring,llama3-new,openshift-user-workload-monitoring/user-workload,tgis-bam,37429.0
2024-06-11 12:56:30.069999933,tgi_batch_inference_tokproc_duration_count,http,10.129.5.96:3000,tgis-bam,single_only,next_token,fmaas-monitoring,llama3-new,openshift-user-workload-monitoring/user-workload,tgis-bam,37436.0
2024-06-11 12:56:35.069999933,tgi_batch_inference_tokproc_duration_count,http,10.129.5.96:3000,tgis-bam,single_only,next_token,fmaas-monitoring,llama3-new,openshift-user-workload-monitoring/user-workload,tgis-bam,37443.0
2024-06-11 12:56:40.069999933,tgi_batch_inference_tokproc_duration_count,http,10.129.5.96:3000,tgis-bam,single_only,next_token,fmaas-monitoring,llama3-new,openshift-user-workload-monitoring/user-workload,tgis-bam,37452.0
2024-06-11 12:56:45.069999933,tgi_batch_inference_tokproc_duration_count,http,10.129.5.96:3000,tgis-bam,single_only,next_token,fmaas-monitoring,llama3-new,openshift-user-workload-monitoring/user-workload,tgis-bam,37465.0
2024-06-11 12:56:50.069999933,tgi_batch_inference_tokproc_duration_count,http,10.129.5.96:3000,tgis-bam,single_only,next_token,fmaas-monitoring,llama3-new,openshift-user-workload-monitoring/user-workload,tgis-bam,37476.0
2024-06-11 12:56:55.069999933,tgi_batch_inference_tokproc_duration_count,http,10.129.5.96:3000,tgis-bam,single_only,next_token,fmaas-monitoring,llama3-new,openshift-user-workload-monitoring/user-workload,tgis-bam,37485.0
2024-06-11 12:57:00.069999933,tgi_batch_inference_tokproc_duration_count,http,10.129.5.96:3000,tgis-bam,single_only,next_token,fmaas-monitoring,llama3-new,openshift-user-workload-monitoring/user-workload,tgis-bam,37491.0
2024-06-11 12:57:05.069999933,tgi_batch_inference_tokproc_duration_count,http,10.129.5.96:3000,tgis-bam,single_only,next_token,fmaas-monitoring,llama3-new,openshift-user-workload-monitoring/user-workload,tgis-bam,37501.0
2024-06-11 12:57:10.069999933,tgi_batch_inference_tokproc_duration_count,http,10.129.5.96:3000,tgis-bam,single_only,next_token,fmaas-monitoring,llama3-new,openshift-user-workload-monitoring/user-workload,tgis-bam,37508.0
2024-06-11 12:57:15.072999954,tgi_batch_inference_tokproc_duration_count,http,10.129.5.96:3000,tgis-bam,single_only,next_token,fmaas-monitoring,llama3-new,openshift-user-workload-monitoring/user-workload,tgis-bam,37521.0
2024-06-11 12:57:20.069999933,tgi_batch_inference_tokproc_duration_count,http,10.129.5.96:3000,tgis-bam,single_only,next_token,fmaas-monitoring,llama3-new,openshift-user-workload-monitoring/user-workload,tgis-bam,37533.0
2024-06-11 12:57:25.069999933,tgi_batch_inference_tokproc_duration_count,http,10.129.5.96:3000,tgis-bam,single_only,next_token,fmaas-monitoring,llama3-new,openshift-user-workload-monitoring/user-workload,tgis-bam,37540.0
2024-06-11 12:57:30.069999933,tgi_batch_inference_tokproc_duration_count,http,10.129.5.96:3000,tgis-bam,single_only,next_token,fmaas-monitoring,llama3-new,openshift-user-workload-monitoring/user-workload,tgis-bam,37549.0
2024-06-11 12:57:35.069999933,tgi_batch_inference_tokproc_duration_count,http,10.129.5.96:3000,tgis-bam,single_only,next_token,fmaas-monitoring,llama3-new,openshift-user-workload-monitoring/user-workload,tgis-bam,37557.0
2024-06-11 12:57:40.069999933,tgi_batch_inference_tokproc_duration_count,http,10.129.5.96:3000,tgis-bam,single_only,next_token,fmaas-monitoring,llama3-new,openshift-user-workload-monitoring/user-workload,tgis-bam,37568.0
2024-06-11 12:57:45.069999933,tgi_batch_inference_tokproc_duration_count,http,10.129.5.96:3000,tgis-bam,single_only,next_token,fmaas-monitoring,llama3-new,openshift-user-workload-monitoring/user-workload,tgis-bam,37581.0
2024-06-11 12:57:50.069999933,tgi_batch_inference_tokproc_duration_count,http,10.129.5.96:3000,tgis-bam,single_only,next_token,fmaas-monitoring,llama3-new,openshift-user-workload-monitoring/user-workload,tgis-bam,37595.0
2024-06-11 12:57:55.069999933,tgi_batch_inference_tokproc_duration_count,http,10.129.5.96:3000,tgis-bam,single_only,next_token,fmaas-monitoring,llama3-new,openshift-user-workload-monitoring/user-workload,tgis-bam,37604.0
2024-06-11 12:58:00.069999933,tgi_batch_inference_tokproc_duration_count,http,10.129.5.96:3000,tgis-bam,single_only,next_token,fmaas-monitoring,llama3-new,openshift-user-workload-monitoring/user-workload,tgis-bam,37609.0
2024-06-11 12:58:05.069999933,tgi_batch_inference_tokproc_duration_count,http,10.129.5.96:3000,tgis-bam,single_only,next_token,fmaas-monitoring,llama3-new,openshift-user-workload-monitoring/user-workload,tgis-bam,37622.0
2024-06-11 12:58:10.069999933,tgi_batch_inference_tokproc_duration_count,http,10.129.5.96:3000,tgis-bam,single_only,next_token,fmaas-monitoring,llama3-new,openshift-user-workload-monitoring/user-workload,tgis-bam,37632.0
2024-06-11 12:58:15.069999933,tgi_batch_inference_tokproc_duration_count,http,10.129.5.96:3000,tgis-bam,single_only,next_token,fmaas-monitoring,llama3-new,openshift-user-workload-monitoring/user-workload,tgis-bam,37646.0
2024-06-11 12:58:20.069999933,tgi_batch_inference_tokproc_duration_count,http,10.129.5.96:3000,tgis-bam,single_only,next_token,fmaas-monitoring,llama3-new,openshift-user-workload-monitoring/user-workload,tgis-bam,37658.0
2024-06-11 12:58:25.069999933,tgi_batch_inference_tokproc_duration_count,http,10.129.5.96:3000,tgis-bam,single_only,next_token,fmaas-monitoring,llama3-new,openshift-user-workload-monitoring/user-workload,tgis-bam,37668.0
2024-06-11 12:58:30.069999933,tgi_batch_inference_tokproc_duration_count,http,10.129.5.96:3000,tgis-bam,single_only,next_token,fmaas-monitoring,llama3-new,openshift-user-workload-monitoring/user-workload,tgis-bam,37679.0
2024-06-11 12:58:35.069999933,tgi_batch_inference_tokproc_duration_count,http,10.129.5.96:3000,tgis-bam,single_only,next_token,fmaas-monitoring,llama3-new,openshift-user-workload-monitoring/user-workload,tgis-bam,37684.0
2024-06-11 12:58:40.069999933,tgi_batch_inference_tokproc_duration_count,http,10.129.5.96:3000,tgis-bam,single_only,next_token,fmaas-monitoring,llama3-new,openshift-user-workload-monitoring/user-workload,tgis-bam,37698.0
2024-06-11 12:58:45.069999933,tgi_batch_inference_tokproc_duration_count,http,10.129.5.96:3000,tgis-bam,single_only,next_token,fmaas-monitoring,llama3-new,openshift-user-workload-monitoring/user-workload,tgis-bam,37712.0
2024-06-11 12:58:50.069999933,tgi_batch_inference_tokproc_duration_count,http,10.129.5.96:3000,tgis-bam,single_only,next_token,fmaas-monitoring,llama3-new,openshift-user-workload-monitoring/user-workload,tgis-bam,37722.0
2024-06-11 12:58:55.069999933,tgi_batch_inference_tokproc_duration_count,http,10.129.5.96:3000,tgis-bam,single_only,next_token,fmaas-monitoring,llama3-new,openshift-user-workload-monitoring/user-workload,tgis-bam,37736.0
2024-06-11 12:59:00.069999933,tgi_batch_inference_tokproc_duration_count,http,10.129.5.96:3000,tgis-bam,single_only,next_token,fmaas-monitoring,llama3-new,openshift-user-workload-monitoring/user-workload,tgis-bam,37740.0
2024-06-11 12:59:05.069999933,tgi_batch_inference_tokproc_duration_count,http,10.129.5.96:3000,tgis-bam,single_only,next_token,fmaas-monitoring,llama3-new,openshift-user-workload-monitoring/user-workload,tgis-bam,37754.0
2024-06-11 12:59:10.069999933,tgi_batch_inference_tokproc_duration_count,http,10.129.5.96:3000,tgis-bam,single_only,next_token,fmaas-monitoring,llama3-new,openshift-user-workload-monitoring/user-workload,tgis-bam,37764.0
2024-06-11 12:59:15.069999933,tgi_batch_inference_tokproc_duration_count,http,10.129.5.96:3000,tgis-bam,single_only,next_token,fmaas-monitoring,llama3-new,openshift-user-workload-monitoring/user-workload,tgis-bam,37776.0
2024-06-11 12:59:20.072999954,tgi_batch_inference_tokproc_duration_count,http,10.129.5.96:3000,tgis-bam,single_only,next_token,fmaas-monitoring,llama3-new,openshift-user-workload-monitoring/user-workload,tgis-bam,37788.0
2024-06-11 12:59:25.069999933,tgi_batch_inference_tokproc_duration_count,http,10.129.5.96:3000,tgis-bam,single_only,next_token,fmaas-monitoring,llama3-new,openshift-user-workload-monitoring/user-workload,tgis-bam,37798.0
2024-06-11 12:59:30.069999933,tgi_batch_inference_tokproc_duration_count,http,10.129.5.96:3000,tgis-bam,single_only,next_token,fmaas-monitoring,llama3-new,openshift-user-workload-monitoring/user-workload,tgis-bam,37803.0
2024-06-11 12:59:35.069999933,tgi_batch_inference_tokproc_duration_count,http,10.129.5.96:3000,tgis-bam,single_only,next_token,fmaas-monitoring,llama3-new,openshift-user-workload-monitoring/user-workload,tgis-bam,37810.0
2024-06-11 12:59:40.069999933,tgi_batch_inference_tokproc_duration_count,http,10.129.5.96:3000,tgis-bam,single_only,next_token,fmaas-monitoring,llama3-new,openshift-user-workload-monitoring/user-workload,tgis-bam,37819.0
2024-06-11 12:59:45.078000069,tgi_batch_inference_tokproc_duration_count,http,10.129.5.96:3000,tgis-bam,single_only,next_token,fmaas-monitoring,llama3-new,openshift-user-workload-monitoring/user-workload,tgis-bam,37832.0
2024-06-11 12:59:50.069999933,tgi_batch_inference_tokproc_duration_count,http,10.129.5.96:3000,tgis-bam,single_only,next_token,fmaas-monitoring,llama3-new,openshift-user-workload-monitoring/user-workload,tgis-bam,37845.0
2024-06-11 12:59:55.069999933,tgi_batch_inference_tokproc_duration_count,http,10.129.5.96:3000,tgis-bam,single_only,next_token,fmaas-monitoring,llama3-new,openshift-user-workload-monitoring/user-workload,tgis-bam,37858.0
2024-06-11 13:00:00.069999933,tgi_batch_inference_tokproc_duration_count,http,10.129.5.96:3000,tgis-bam,single_only,next_token,fmaas-monitoring,llama3-new,openshift-user-workload-monitoring/user-workload,tgis-bam,37869.0
2024-06-11 13:00:05.069999933,tgi_batch_inference_tokproc_duration_count,http,10.129.5.96:3000,tgis-bam,single_only,next_token,fmaas-monitoring,llama3-new,openshift-user-workload-monitoring/user-workload,tgis-bam,37872.0
2024-06-11 13:00:10.069999933,tgi_batch_inference_tokproc_duration_count,http,10.129.5.96:3000,tgis-bam,single_only,next_token,fmaas-monitoring,llama3-new,openshift-user-workload-monitoring/user-workload,tgis-bam,37885.0
2024-06-11 13:00:15.069999933,tgi_batch_inference_tokproc_duration_count,http,10.129.5.96:3000,tgis-bam,single_only,next_token,fmaas-monitoring,llama3-new,openshift-user-workload-monitoring/user-workload,tgis-bam,37897.0
2024-06-11 13:00:20.069999933,tgi_batch_inference_tokproc_duration_count,http,10.129.5.96:3000,tgis-bam,single_only,next_token,fmaas-monitoring,llama3-new,openshift-user-workload-monitoring/user-workload,tgis-bam,37910.0
2024-06-11 13:00:25.069999933,tgi_batch_inference_tokproc_duration_count,http,10.129.5.96:3000,tgis-bam,single_only,next_token,fmaas-monitoring,llama3-new,openshift-user-workload-monitoring/user-workload,tgis-bam,37921.0
2024-06-11 13:00:30.069999933,tgi_batch_inference_tokproc_duration_count,http,10.129.5.96:3000,tgis-bam,single_only,next_token,fmaas-monitoring,llama3-new,openshift-user-workload-monitoring/user-workload,tgis-bam,37931.0
2024-06-11 13:00:35.108000040,tgi_batch_inference_tokproc_duration_count,http,10.129.5.96:3000,tgis-bam,single_only,next_token,fmaas-monitoring,llama3-new,openshift-user-workload-monitoring/user-workload,tgis-bam,37938.0
2024-06-11 13:00:40.069999933,tgi_batch_inference_tokproc_duration_count,http,10.129.5.96:3000,tgis-bam,single_only,next_token,fmaas-monitoring,llama3-new,openshift-user-workload-monitoring/user-workload,tgis-bam,37944.0
2024-06-11 13:00:45.069999933,tgi_batch_inference_tokproc_duration_count,http,10.129.5.96:3000,tgis-bam,single_only,next_token,fmaas-monitoring,llama3-new,openshift-user-workload-monitoring/user-workload,tgis-bam,37955.0
2024-06-11 13:00:50.069999933,tgi_batch_inference_tokproc_duration_count,http,10.129.5.96:3000,tgis-bam,single_only,next_token,fmaas-monitoring,llama3-new,openshift-user-workload-monitoring/user-workload,tgis-bam,37968.0
2024-06-11 13:00:55.069999933,tgi_batch_inference_tokproc_duration_count,http,10.129.5.96:3000,tgis-bam,single_only,next_token,fmaas-monitoring,llama3-new,openshift-user-workload-monitoring/user-workload,tgis-bam,37978.0
2024-06-11 13:01:00.069999933,tgi_batch_inference_tokproc_duration_count,http,10.129.5.96:3000,tgis-bam,single_only,next_token,fmaas-monitoring,llama3-new,openshift-user-workload-monitoring/user-workload,tgis-bam,37988.0
2024-06-11 13:01:05.069999933,tgi_batch_inference_tokproc_duration_count,http,10.129.5.96:3000,tgis-bam,single_only,next_token,fmaas-monitoring,llama3-new,openshift-user-workload-monitoring/user-workload,tgis-bam,37996.0
2024-06-11 13:01:10.069999933,tgi_batch_inference_tokproc_duration_count,http,10.129.5.96:3000,tgis-bam,single_only,next_token,fmaas-monitoring,llama3-new,openshift-user-workload-monitoring/user-workload,tgis-bam,38001.0
2024-06-11 13:01:15.069999933,tgi_batch_inference_tokproc_duration_count,http,10.129.5.96:3000,tgis-bam,single_only,next_token,fmaas-monitoring,llama3-new,openshift-user-workload-monitoring/user-workload,tgis-bam,38006.0
2024-06-11 13:01:20.069999933,tgi_batch_inference_tokproc_duration_count,http,10.129.5.96:3000,tgis-bam,single_only,next_token,fmaas-monitoring,llama3-new,openshift-user-workload-monitoring/user-workload,tgis-bam,38014.0
2024-06-11 13:01:25.069999933,tgi_batch_inference_tokproc_duration_count,http,10.129.5.96:3000,tgis-bam,single_only,next_token,fmaas-monitoring,llama3-new,openshift-user-workload-monitoring/user-workload,tgis-bam,38027.0
2024-06-11 13:01:30.069999933,tgi_batch_inference_tokproc_duration_count,http,10.129.5.96:3000,tgis-bam,single_only,next_token,fmaas-monitoring,llama3-new,openshift-user-workload-monitoring/user-workload,tgis-bam,38037.0
2024-06-11 13:01:35.069999933,tgi_batch_inference_tokproc_duration_count,http,10.129.5.96:3000,tgis-bam,single_only,next_token,fmaas-monitoring,llama3-new,openshift-user-workload-monitoring/user-workload,tgis-bam,38049.0
2024-06-11 13:01:40.081000090,tgi_batch_inference_tokproc_duration_count,http,10.129.5.96:3000,tgis-bam,single_only,next_token,fmaas-monitoring,llama3-new,openshift-user-workload-monitoring/user-workload,tgis-bam,38057.0
2024-06-11 13:01:45.069999933,tgi_batch_inference_tokproc_duration_count,http,10.129.5.96:3000,tgis-bam,single_only,next_token,fmaas-monitoring,llama3-new,openshift-user-workload-monitoring/user-workload,tgis-bam,38065.0
2024-06-11 13:01:50.069999933,tgi_batch_inference_tokproc_duration_count,http,10.129.5.96:3000,tgis-bam,single_only,next_token,fmaas-monitoring,llama3-new,openshift-user-workload-monitoring/user-workload,tgis-bam,38075.0
2024-06-11 13:01:55.069999933,tgi_batch_inference_tokproc_duration_count,http,10.129.5.96:3000,tgis-bam,single_only,next_token,fmaas-monitoring,llama3-new,openshift-user-workload-monitoring/user-workload,tgis-bam,38088.0
2024-06-11 13:02:00.069999933,tgi_batch_inference_tokproc_duration_count,http,10.129.5.96:3000,tgis-bam,single_only,next_token,fmaas-monitoring,llama3-new,openshift-user-workload-monitoring/user-workload,tgis-bam,38101.0
2024-06-11 13:02:05.069999933,tgi_batch_inference_tokproc_duration_count,http,10.129.5.96:3000,tgis-bam,single_only,next_token,fmaas-monitoring,llama3-new,openshift-user-workload-monitoring/user-workload,tgis-bam,38113.0
2024-06-11 13:02:10.069999933,tgi_batch_inference_tokproc_duration_count,http,10.129.5.96:3000,tgis-bam,single_only,next_token,fmaas-monitoring,llama3-new,openshift-user-workload-monitoring/user-workload,tgis-bam,38121.0
2024-06-11 13:02:15.069999933,tgi_batch_inference_tokproc_duration_count,http,10.129.5.96:3000,tgis-bam,single_only,next_token,fmaas-monitoring,llama3-new,openshift-user-workload-monitoring/user-workload,tgis-bam,38129.0
2024-06-11 13:02:20.069999933,tgi_batch_inference_tokproc_duration_count,http,10.129.5.96:3000,tgis-bam,single_only,next_token,fmaas-monitoring,llama3-new,openshift-user-workload-monitoring/user-workload,tgis-bam,38141.0
2024-06-11 13:02:25.069999933,tgi_batch_inference_tokproc_duration_count,http,10.129.5.96:3000,tgis-bam,single_only,next_token,fmaas-monitoring,llama3-new,openshift-user-workload-monitoring/user-workload,tgis-bam,38154.0
2024-06-11 13:02:30.069999933,tgi_batch_inference_tokproc_duration_count,http,10.129.5.96:3000,tgis-bam,single_only,next_token,fmaas-monitoring,llama3-new,openshift-user-workload-monitoring/user-workload,tgis-bam,38165.0
2024-06-11 13:02:35.069999933,tgi_batch_inference_tokproc_duration_count,http,10.129.5.96:3000,tgis-bam,single_only,next_token,fmaas-monitoring,llama3-new,openshift-user-workload-monitoring/user-workload,tgis-bam,38173.0
2024-06-11 13:02:40.069999933,tgi_batch_inference_tokproc_duration_count,http,10.129.5.96:3000,tgis-bam,single_only,next_token,fmaas-monitoring,llama3-new,openshift-user-workload-monitoring/user-workload,tgis-bam,38179.0
2024-06-11 13:02:45.069999933,tgi_batch_inference_tokproc_duration_count,http,10.129.5.96:3000,tgis-bam,single_only,next_token,fmaas-monitoring,llama3-new,openshift-user-workload-monitoring/user-workload,tgis-bam,38186.0
2024-06-11 13:02:50.069999933,tgi_batch_inference_tokproc_duration_count,http,10.129.5.96:3000,tgis-bam,single_only,next_token,fmaas-monitoring,llama3-new,openshift-user-workload-monitoring/user-workload,tgis-bam,38197.0
2024-06-11 13:02:55.069999933,tgi_batch_inference_tokproc_duration_count,http,10.129.5.96:3000,tgis-bam,single_only,next_token,fmaas-monitoring,llama3-new,openshift-user-workload-monitoring/user-workload,tgis-bam,38210.0
2024-06-11 13:03:00.069999933,tgi_batch_inference_tokproc_duration_count,http,10.129.5.96:3000,tgis-bam,single_only,next_token,fmaas-monitoring,llama3-new,openshift-user-workload-monitoring/user-workload,tgis-bam,38224.0
2024-06-11 13:03:05.069999933,tgi_batch_inference_tokproc_duration_count,http,10.129.5.96:3000,tgis-bam,single_only,next_token,fmaas-monitoring,llama3-new,openshift-user-workload-monitoring/user-workload,tgis-bam,38231.0
2024-06-11 13:03:10.069999933,tgi_batch_inference_tokproc_duration_count,http,10.129.5.96:3000,tgis-bam,single_only,next_token,fmaas-monitoring,llama3-new,openshift-user-workload-monitoring/user-workload,tgis-bam,38236.0
2024-06-11 13:03:15.069999933,tgi_batch_inference_tokproc_duration_count,http,10.129.5.96:3000,tgis-bam,single_only,next_token,fmaas-monitoring,llama3-new,openshift-user-workload-monitoring/user-workload,tgis-bam,38242.0
2024-06-11 13:03:20.069999933,tgi_batch_inference_tokproc_duration_count,http,10.129.5.96:3000,tgis-bam,single_only,next_token,fmaas-monitoring,llama3-new,openshift-user-workload-monitoring/user-workload,tgis-bam,38250.0
2024-06-11 13:03:25.069999933,tgi_batch_inference_tokproc_duration_count,http,10.129.5.96:3000,tgis-bam,single_only,next_token,fmaas-monitoring,llama3-new,openshift-user-workload-monitoring/user-workload,tgis-bam,38263.0
2024-06-11 13:03:30.069999933,tgi_batch_inference_tokproc_duration_count,http,10.129.5.96:3000,tgis-bam,single_only,next_token,fmaas-monitoring,llama3-new,openshift-user-workload-monitoring/user-workload,tgis-bam,38277.0
2024-06-11 13:03:35.069999933,tgi_batch_inference_tokproc_duration_count,http,10.129.5.96:3000,tgis-bam,single_only,next_token,fmaas-monitoring,llama3-new,openshift-user-workload-monitoring/user-workload,tgis-bam,38287.0
2024-06-11 13:03:40.069999933,tgi_batch_inference_tokproc_duration_count,http,10.129.5.96:3000,tgis-bam,single_only,next_token,fmaas-monitoring,llama3-new,openshift-user-workload-monitoring/user-workload,tgis-bam,38293.0
2024-06-11 13:03:45.069999933,tgi_batch_inference_tokproc_duration_count,http,10.129.5.96:3000,tgis-bam,single_only,next_token,fmaas-monitoring,llama3-new,openshift-user-workload-monitoring/user-workload,tgis-bam,38299.0
2024-06-11 13:03:50.069999933,tgi_batch_inference_tokproc_duration_count,http,10.129.5.96:3000,tgis-bam,single_only,next_token,fmaas-monitoring,llama3-new,openshift-user-workload-monitoring/user-workload,tgis-bam,38307.0
2024-06-11 13:03:55.069999933,tgi_batch_inference_tokproc_duration_count,http,10.129.5.96:3000,tgis-bam,single_only,next_token,fmaas-monitoring,llama3-new,openshift-user-workload-monitoring/user-workload,tgis-bam,38322.0
2024-06-11 12:54:00.069999933,tgi_batch_inference_tokproc_duration_count,http,10.129.5.96:3000,tgis-bam,single_only,prefill,fmaas-monitoring,llama3-new,openshift-user-workload-monitoring/user-workload,tgis-bam,12027.0
2024-06-11 12:54:05.079999924,tgi_batch_inference_tokproc_duration_count,http,10.129.5.96:3000,tgis-bam,single_only,prefill,fmaas-monitoring,llama3-new,openshift-user-workload-monitoring/user-workload,tgis-bam,12033.0
2024-06-11 12:54:10.069999933,tgi_batch_inference_tokproc_duration_count,http,10.129.5.96:3000,tgis-bam,single_only,prefill,fmaas-monitoring,llama3-new,openshift-user-workload-monitoring/user-workload,tgis-bam,12034.0
2024-06-11 12:54:15.069999933,tgi_batch_inference_tokproc_duration_count,http,10.129.5.96:3000,tgis-bam,single_only,prefill,fmaas-monitoring,llama3-new,openshift-user-workload-monitoring/user-workload,tgis-bam,12034.0
2024-06-11 12:54:20.069999933,tgi_batch_inference_tokproc_duration_count,http,10.129.5.96:3000,tgis-bam,single_only,prefill,fmaas-monitoring,llama3-new,openshift-user-workload-monitoring/user-workload,tgis-bam,12035.0
2024-06-11 12:54:25.069999933,tgi_batch_inference_tokproc_duration_count,http,10.129.5.96:3000,tgis-bam,single_only,prefill,fmaas-monitoring,llama3-new,openshift-user-workload-monitoring/user-workload,tgis-bam,12039.0
2024-06-11 12:54:30.069999933,tgi_batch_inference_tokproc_duration_count,http,10.129.5.96:3000,tgis-bam,single_only,prefill,fmaas-monitoring,llama3-new,openshift-user-workload-monitoring/user-workload,tgis-bam,12041.0
2024-06-11 12:54:35.069999933,tgi_batch_inference_tokproc_duration_count,http,10.129.5.96:3000,tgis-bam,single_only,prefill,fmaas-monitoring,llama3-new,openshift-user-workload-monitoring/user-workload,tgis-bam,12043.0
2024-06-11 12:54:40.069999933,tgi_batch_inference_tokproc_duration_count,http,10.129.5.96:3000,tgis-bam,single_only,prefill,fmaas-monitoring,llama3-new,openshift-user-workload-monitoring/user-workload,tgis-bam,12046.0
2024-06-11 12:54:45.069999933,tgi_batch_inference_tokproc_duration_count,http,10.129.5.96:3000,tgis-bam,single_only,prefill,fmaas-monitoring,llama3-new,openshift-user-workload-monitoring/user-workload,tgis-bam,12046.0
2024-06-11 12:54:50.069999933,tgi_batch_inference_tokproc_duration_count,http,10.129.5.96:3000,tgis-bam,single_only,prefill,fmaas-monitoring,llama3-new,openshift-user-workload-monitoring/user-workload,tgis-bam,12048.0
2024-06-11 12:54:55.069999933,tgi_batch_inference_tokproc_duration_count,http,10.129.5.96:3000,tgis-bam,single_only,prefill,fmaas-monitoring,llama3-new,openshift-user-workload-monitoring/user-workload,tgis-bam,12052.0
2024-06-11 12:55:00.069999933,tgi_batch_inference_tokproc_duration_count,http,10.129.5.96:3000,tgis-bam,single_only,prefill,fmaas-monitoring,llama3-new,openshift-user-workload-monitoring/user-workload,tgis-bam,12055.0
2024-06-11 12:55:05.069999933,tgi_batch_inference_tokproc_duration_count,http,10.129.5.96:3000,tgis-bam,single_only,prefill,fmaas-monitoring,llama3-new,openshift-user-workload-monitoring/user-workload,tgis-bam,12058.0
2024-06-11 12:55:10.069999933,tgi_batch_inference_tokproc_duration_count,http,10.129.5.96:3000,tgis-bam,single_only,prefill,fmaas-monitoring,llama3-new,openshift-user-workload-monitoring/user-workload,tgis-bam,12059.0
2024-06-11 12:55:15.069999933,tgi_batch_inference_tokproc_duration_count,http,10.129.5.96:3000,tgis-bam,single_only,prefill,fmaas-monitoring,llama3-new,openshift-user-workload-monitoring/user-workload,tgis-bam,12060.0
2024-06-11 12:55:20.069999933,tgi_batch_inference_tokproc_duration_count,http,10.129.5.96:3000,tgis-bam,single_only,prefill,fmaas-monitoring,llama3-new,openshift-user-workload-monitoring/user-workload,tgis-bam,12064.0
2024-06-11 12:55:25.069999933,tgi_batch_inference_tokproc_duration_count,http,10.129.5.96:3000,tgis-bam,single_only,prefill,fmaas-monitoring,llama3-new,openshift-user-workload-monitoring/user-workload,tgis-bam,12069.0
2024-06-11 12:55:30.069999933,tgi_batch_inference_tokproc_duration_count,http,10.129.5.96:3000,tgis-bam,single_only,prefill,fmaas-monitoring,llama3-new,openshift-user-workload-monitoring/user-workload,tgis-bam,12074.0
2024-06-11 12:55:35.069999933,tgi_batch_inference_tokproc_duration_count,http,10.129.5.96:3000,tgis-bam,single_only,prefill,fmaas-monitoring,llama3-new,openshift-user-workload-monitoring/user-workload,tgis-bam,12077.0
2024-06-11 12:55:40.069999933,tgi_batch_inference_tokproc_duration_count,http,10.129.5.96:3000,tgis-bam,single_only,prefill,fmaas-monitoring,llama3-new,openshift-user-workload-monitoring/user-workload,tgis-bam,12077.0
2024-06-11 12:55:45.069999933,tgi_batch_inference_tokproc_duration_count,http,10.129.5.96:3000,tgis-bam,single_only,prefill,fmaas-monitoring,llama3-new,openshift-user-workload-monitoring/user-workload,tgis-bam,12079.0
2024-06-11 12:55:50.069999933,tgi_batch_inference_tokproc_duration_count,http,10.129.5.96:3000,tgis-bam,single_only,prefill,fmaas-monitoring,llama3-new,openshift-user-workload-monitoring/user-workload,tgis-bam,12085.0
2024-06-11 12:55:55.069999933,tgi_batch_inference_tokproc_duration_count,http,10.129.5.96:3000,tgis-bam,single_only,prefill,fmaas-monitoring,llama3-new,openshift-user-workload-monitoring/user-workload,tgis-bam,12092.0
2024-06-11 12:56:00.069999933,tgi_batch_inference_tokproc_duration_count,http,10.129.5.96:3000,tgis-bam,single_only,prefill,fmaas-monitoring,llama3-new,openshift-user-workload-monitoring/user-workload,tgis-bam,12097.0
2024-06-11 12:56:05.069999933,tgi_batch_inference_tokproc_duration_count,http,10.129.5.96:3000,tgis-bam,single_only,prefill,fmaas-monitoring,llama3-new,openshift-user-workload-monitoring/user-workload,tgis-bam,12100.0
2024-06-11 12:56:10.075999975,tgi_batch_inference_tokproc_duration_count,http,10.129.5.96:3000,tgis-bam,single_only,prefill,fmaas-monitoring,llama3-new,openshift-user-workload-monitoring/user-workload,tgis-bam,12103.0
2024-06-11 12:56:15.069999933,tgi_batch_inference_tokproc_duration_count,http,10.129.5.96:3000,tgis-bam,single_only,prefill,fmaas-monitoring,llama3-new,openshift-user-workload-monitoring/user-workload,tgis-bam,12105.0
2024-06-11 12:56:20.069999933,tgi_batch_inference_tokproc_duration_count,http,10.129.5.96:3000,tgis-bam,single_only,prefill,fmaas-monitoring,llama3-new,openshift-user-workload-monitoring/user-workload,tgis-bam,12112.0
2024-06-11 12:56:25.069999933,tgi_batch_inference_tokproc_duration_count,http,10.129.5.96:3000,tgis-bam,single_only,prefill,fmaas-monitoring,llama3-new,openshift-user-workload-monitoring/user-workload,tgis-bam,12118.0
2024-06-11 12:56:30.069999933,tgi_batch_inference_tokproc_duration_count,http,10.129.5.96:3000,tgis-bam,single_only,prefill,fmaas-monitoring,llama3-new,openshift-user-workload-monitoring/user-workload,tgis-bam,12123.0
2024-06-11 12:56:35.069999933,tgi_batch_inference_tokproc_duration_count,http,10.129.5.96:3000,tgis-bam,single_only,prefill,fmaas-monitoring,llama3-new,openshift-user-workload-monitoring/user-workload,tgis-bam,12126.0
2024-06-11 12:56:40.069999933,tgi_batch_inference_tokproc_duration_count,http,10.129.5.96:3000,tgis-bam,single_only,prefill,fmaas-monitoring,llama3-new,openshift-user-workload-monitoring/user-workload,tgis-bam,12131.0
2024-06-11 12:56:45.069999933,tgi_batch_inference_tokproc_duration_count,http,10.129.5.96:3000,tgis-bam,single_only,prefill,fmaas-monitoring,llama3-new,openshift-user-workload-monitoring/user-workload,tgis-bam,12133.0
2024-06-11 12:56:50.069999933,tgi_batch_inference_tokproc_duration_count,http,10.129.5.96:3000,tgis-bam,single_only,prefill,fmaas-monitoring,llama3-new,openshift-user-workload-monitoring/user-workload,tgis-bam,12137.0
2024-06-11 12:56:55.069999933,tgi_batch_inference_tokproc_duration_count,http,10.129.5.96:3000,tgis-bam,single_only,prefill,fmaas-monitoring,llama3-new,openshift-user-workload-monitoring/user-workload,tgis-bam,12144.0
2024-06-11 12:57:00.069999933,tgi_batch_inference_tokproc_duration_count,http,10.129.5.96:3000,tgis-bam,single_only,prefill,fmaas-monitoring,llama3-new,openshift-user-workload-monitoring/user-workload,tgis-bam,12150.0
2024-06-11 12:57:05.069999933,tgi_batch_inference_tokproc_duration_count,http,10.129.5.96:3000,tgis-bam,single_only,prefill,fmaas-monitoring,llama3-new,openshift-user-workload-monitoring/user-workload,tgis-bam,12155.0
2024-06-11 12:57:10.069999933,tgi_batch_inference_tokproc_duration_count,http,10.129.5.96:3000,tgis-bam,single_only,prefill,fmaas-monitoring,llama3-new,openshift-user-workload-monitoring/user-workload,tgis-bam,12160.0
2024-06-11 12:57:15.072999954,tgi_batch_inference_tokproc_duration_count,http,10.129.5.96:3000,tgis-bam,single_only,prefill,fmaas-monitoring,llama3-new,openshift-user-workload-monitoring/user-workload,tgis-bam,12161.0
2024-06-11 12:57:20.069999933,tgi_batch_inference_tokproc_duration_count,http,10.129.5.96:3000,tgis-bam,single_only,prefill,fmaas-monitoring,llama3-new,openshift-user-workload-monitoring/user-workload,tgis-bam,12161.0
2024-06-11 12:57:25.069999933,tgi_batch_inference_tokproc_duration_count,http,10.129.5.96:3000,tgis-bam,single_only,prefill,fmaas-monitoring,llama3-new,openshift-user-workload-monitoring/user-workload,tgis-bam,12164.0
2024-06-11 12:57:30.069999933,tgi_batch_inference_tokproc_duration_count,http,10.129.5.96:3000,tgis-bam,single_only,prefill,fmaas-monitoring,llama3-new,openshift-user-workload-monitoring/user-workload,tgis-bam,12166.0
2024-06-11 12:57:35.069999933,tgi_batch_inference_tokproc_duration_count,http,10.129.5.96:3000,tgis-bam,single_only,prefill,fmaas-monitoring,llama3-new,openshift-user-workload-monitoring/user-workload,tgis-bam,12167.0
2024-06-11 12:57:40.069999933,tgi_batch_inference_tokproc_duration_count,http,10.129.5.96:3000,tgis-bam,single_only,prefill,fmaas-monitoring,llama3-new,openshift-user-workload-monitoring/user-workload,tgis-bam,12174.0
2024-06-11 12:57:45.069999933,tgi_batch_inference_tokproc_duration_count,http,10.129.5.96:3000,tgis-bam,single_only,prefill,fmaas-monitoring,llama3-new,openshift-user-workload-monitoring/user-workload,tgis-bam,12175.0
2024-06-11 12:57:50.069999933,tgi_batch_inference_tokproc_duration_count,http,10.129.5.96:3000,tgis-bam,single_only,prefill,fmaas-monitoring,llama3-new,openshift-user-workload-monitoring/user-workload,tgis-bam,12177.0
2024-06-11 12:57:55.069999933,tgi_batch_inference_tokproc_duration_count,http,10.129.5.96:3000,tgis-bam,single_only,prefill,fmaas-monitoring,llama3-new,openshift-user-workload-monitoring/user-workload,tgis-bam,12179.0
2024-06-11 12:58:00.069999933,tgi_batch_inference_tokproc_duration_count,http,10.129.5.96:3000,tgis-bam,single_only,prefill,fmaas-monitoring,llama3-new,openshift-user-workload-monitoring/user-workload,tgis-bam,12180.0
2024-06-11 12:58:05.069999933,tgi_batch_inference_tokproc_duration_count,http,10.129.5.96:3000,tgis-bam,single_only,prefill,fmaas-monitoring,llama3-new,openshift-user-workload-monitoring/user-workload,tgis-bam,12182.0
2024-06-11 12:58:10.069999933,tgi_batch_inference_tokproc_duration_count,http,10.129.5.96:3000,tgis-bam,single_only,prefill,fmaas-monitoring,llama3-new,openshift-user-workload-monitoring/user-workload,tgis-bam,12185.0
2024-06-11 12:58:15.069999933,tgi_batch_inference_tokproc_duration_count,http,10.129.5.96:3000,tgis-bam,single_only,prefill,fmaas-monitoring,llama3-new,openshift-user-workload-monitoring/user-workload,tgis-bam,12186.0
2024-06-11 12:58:20.069999933,tgi_batch_inference_tokproc_duration_count,http,10.129.5.96:3000,tgis-bam,single_only,prefill,fmaas-monitoring,llama3-new,openshift-user-workload-monitoring/user-workload,tgis-bam,12189.0
2024-06-11 12:58:25.069999933,tgi_batch_inference_tokproc_duration_count,http,10.129.5.96:3000,tgis-bam,single_only,prefill,fmaas-monitoring,llama3-new,openshift-user-workload-monitoring/user-workload,tgis-bam,12191.0
2024-06-11 12:58:30.069999933,tgi_batch_inference_tokproc_duration_count,http,10.129.5.96:3000,tgis-bam,single_only,prefill,fmaas-monitoring,llama3-new,openshift-user-workload-monitoring/user-workload,tgis-bam,12193.0
2024-06-11 12:58:35.069999933,tgi_batch_inference_tokproc_duration_count,http,10.129.5.96:3000,tgis-bam,single_only,prefill,fmaas-monitoring,llama3-new,openshift-user-workload-monitoring/user-workload,tgis-bam,12196.0
2024-06-11 12:58:40.069999933,tgi_batch_inference_tokproc_duration_count,http,10.129.5.96:3000,tgis-bam,single_only,prefill,fmaas-monitoring,llama3-new,openshift-user-workload-monitoring/user-workload,tgis-bam,12196.0
2024-06-11 12:58:45.069999933,tgi_batch_inference_tokproc_duration_count,http,10.129.5.96:3000,tgis-bam,single_only,prefill,fmaas-monitoring,llama3-new,openshift-user-workload-monitoring/user-workload,tgis-bam,12198.0
2024-06-11 12:58:50.069999933,tgi_batch_inference_tokproc_duration_count,http,10.129.5.96:3000,tgis-bam,single_only,prefill,fmaas-monitoring,llama3-new,openshift-user-workload-monitoring/user-workload,tgis-bam,12202.0
2024-06-11 12:58:55.069999933,tgi_batch_inference_tokproc_duration_count,http,10.129.5.96:3000,tgis-bam,single_only,prefill,fmaas-monitoring,llama3-new,openshift-user-workload-monitoring/user-workload,tgis-bam,12205.0
2024-06-11 12:59:00.069999933,tgi_batch_inference_tokproc_duration_count,http,10.129.5.96:3000,tgis-bam,single_only,prefill,fmaas-monitoring,llama3-new,openshift-user-workload-monitoring/user-workload,tgis-bam,12207.0
2024-06-11 12:59:05.069999933,tgi_batch_inference_tokproc_duration_count,http,10.129.5.96:3000,tgis-bam,single_only,prefill,fmaas-monitoring,llama3-new,openshift-user-workload-monitoring/user-workload,tgis-bam,12213.0
2024-06-11 12:59:10.069999933,tgi_batch_inference_tokproc_duration_count,http,10.129.5.96:3000,tgis-bam,single_only,prefill,fmaas-monitoring,llama3-new,openshift-user-workload-monitoring/user-workload,tgis-bam,12215.0
2024-06-11 12:59:15.069999933,tgi_batch_inference_tokproc_duration_count,http,10.129.5.96:3000,tgis-bam,single_only,prefill,fmaas-monitoring,llama3-new,openshift-user-workload-monitoring/user-workload,tgis-bam,12216.0
2024-06-11 12:59:20.072999954,tgi_batch_inference_tokproc_duration_count,http,10.129.5.96:3000,tgis-bam,single_only,prefill,fmaas-monitoring,llama3-new,openshift-user-workload-monitoring/user-workload,tgis-bam,12218.0
2024-06-11 12:59:25.069999933,tgi_batch_inference_tokproc_duration_count,http,10.129.5.96:3000,tgis-bam,single_only,prefill,fmaas-monitoring,llama3-new,openshift-user-workload-monitoring/user-workload,tgis-bam,12220.0
2024-06-11 12:59:30.069999933,tgi_batch_inference_tokproc_duration_count,http,10.129.5.96:3000,tgis-bam,single_only,prefill,fmaas-monitoring,llama3-new,openshift-user-workload-monitoring/user-workload,tgis-bam,12222.0
2024-06-11 12:59:35.069999933,tgi_batch_inference_tokproc_duration_count,http,10.129.5.96:3000,tgis-bam,single_only,prefill,fmaas-monitoring,llama3-new,openshift-user-workload-monitoring/user-workload,tgis-bam,12223.0
2024-06-11 12:59:40.069999933,tgi_batch_inference_tokproc_duration_count,http,10.129.5.96:3000,tgis-bam,single_only,prefill,fmaas-monitoring,llama3-new,openshift-user-workload-monitoring/user-workload,tgis-bam,12227.0
2024-06-11 12:59:45.078000069,tgi_batch_inference_tokproc_duration_count,http,10.129.5.96:3000,tgis-bam,single_only,prefill,fmaas-monitoring,llama3-new,openshift-user-workload-monitoring/user-workload,tgis-bam,12228.0
2024-06-11 12:59:50.069999933,tgi_batch_inference_tokproc_duration_count,http,10.129.5.96:3000,tgis-bam,single_only,prefill,fmaas-monitoring,llama3-new,openshift-user-workload-monitoring/user-workload,tgis-bam,12231.0
2024-06-11 12:59:55.069999933,tgi_batch_inference_tokproc_duration_count,http,10.129.5.96:3000,tgis-bam,single_only,prefill,fmaas-monitoring,llama3-new,openshift-user-workload-monitoring/user-workload,tgis-bam,12233.0
2024-06-11 13:00:00.069999933,tgi_batch_inference_tokproc_duration_count,http,10.129.5.96:3000,tgis-bam,single_only,prefill,fmaas-monitoring,llama3-new,openshift-user-workload-monitoring/user-workload,tgis-bam,12236.0
2024-06-11 13:00:05.069999933,tgi_batch_inference_tokproc_duration_count,http,10.129.5.96:3000,tgis-bam,single_only,prefill,fmaas-monitoring,llama3-new,openshift-user-workload-monitoring/user-workload,tgis-bam,12237.0
2024-06-11 13:00:10.069999933,tgi_batch_inference_tokproc_duration_count,http,10.129.5.96:3000,tgis-bam,single_only,prefill,fmaas-monitoring,llama3-new,openshift-user-workload-monitoring/user-workload,tgis-bam,12240.0
2024-06-11 13:00:15.069999933,tgi_batch_inference_tokproc_duration_count,http,10.129.5.96:3000,tgis-bam,single_only,prefill,fmaas-monitoring,llama3-new,openshift-user-workload-monitoring/user-workload,tgis-bam,12243.0
2024-06-11 13:00:20.069999933,tgi_batch_inference_tokproc_duration_count,http,10.129.5.96:3000,tgis-bam,single_only,prefill,fmaas-monitoring,llama3-new,openshift-user-workload-monitoring/user-workload,tgis-bam,12245.0
2024-06-11 13:00:25.069999933,tgi_batch_inference_tokproc_duration_count,http,10.129.5.96:3000,tgis-bam,single_only,prefill,fmaas-monitoring,llama3-new,openshift-user-workload-monitoring/user-workload,tgis-bam,12249.0
2024-06-11 13:00:30.069999933,tgi_batch_inference_tokproc_duration_count,http,10.129.5.96:3000,tgis-bam,single_only,prefill,fmaas-monitoring,llama3-new,openshift-user-workload-monitoring/user-workload,tgis-bam,12254.0
2024-06-11 13:00:35.108000040,tgi_batch_inference_tokproc_duration_count,http,10.129.5.96:3000,tgis-bam,single_only,prefill,fmaas-monitoring,llama3-new,openshift-user-workload-monitoring/user-workload,tgis-bam,12257.0
2024-06-11 13:00:40.069999933,tgi_batch_inference_tokproc_duration_count,http,10.129.5.96:3000,tgis-bam,single_only,prefill,fmaas-monitoring,llama3-new,openshift-user-workload-monitoring/user-workload,tgis-bam,12261.0
2024-06-11 13:00:45.069999933,tgi_batch_inference_tokproc_duration_count,http,10.129.5.96:3000,tgis-bam,single_only,prefill,fmaas-monitoring,llama3-new,openshift-user-workload-monitoring/user-workload,tgis-bam,12265.0
2024-06-11 13:00:50.069999933,tgi_batch_inference_tokproc_duration_count,http,10.129.5.96:3000,tgis-bam,single_only,prefill,fmaas-monitoring,llama3-new,openshift-user-workload-monitoring/user-workload,tgis-bam,12267.0
2024-06-11 13:00:55.069999933,tgi_batch_inference_tokproc_duration_count,http,10.129.5.96:3000,tgis-bam,single_only,prefill,fmaas-monitoring,llama3-new,openshift-user-workload-monitoring/user-workload,tgis-bam,12272.0
2024-06-11 13:01:00.069999933,tgi_batch_inference_tokproc_duration_count,http,10.129.5.96:3000,tgis-bam,single_only,prefill,fmaas-monitoring,llama3-new,openshift-user-workload-monitoring/user-workload,tgis-bam,12277.0
2024-06-11 13:01:05.069999933,tgi_batch_inference_tokproc_duration_count,http,10.129.5.96:3000,tgis-bam,single_only,prefill,fmaas-monitoring,llama3-new,openshift-user-workload-monitoring/user-workload,tgis-bam,12283.0
2024-06-11 13:01:10.069999933,tgi_batch_inference_tokproc_duration_count,http,10.129.5.96:3000,tgis-bam,single_only,prefill,fmaas-monitoring,llama3-new,openshift-user-workload-monitoring/user-workload,tgis-bam,12286.0
2024-06-11 13:01:15.069999933,tgi_batch_inference_tokproc_duration_count,http,10.129.5.96:3000,tgis-bam,single_only,prefill,fmaas-monitoring,llama3-new,openshift-user-workload-monitoring/user-workload,tgis-bam,12288.0
2024-06-11 13:01:20.069999933,tgi_batch_inference_tokproc_duration_count,http,10.129.5.96:3000,tgis-bam,single_only,prefill,fmaas-monitoring,llama3-new,openshift-user-workload-monitoring/user-workload,tgis-bam,12294.0
2024-06-11 13:01:25.069999933,tgi_batch_inference_tokproc_duration_count,http,10.129.5.96:3000,tgis-bam,single_only,prefill,fmaas-monitoring,llama3-new,openshift-user-workload-monitoring/user-workload,tgis-bam,12296.0
2024-06-11 13:01:30.069999933,tgi_batch_inference_tokproc_duration_count,http,10.129.5.96:3000,tgis-bam,single_only,prefill,fmaas-monitoring,llama3-new,openshift-user-workload-monitoring/user-workload,tgis-bam,12298.0
2024-06-11 13:01:35.069999933,tgi_batch_inference_tokproc_duration_count,http,10.129.5.96:3000,tgis-bam,single_only,prefill,fmaas-monitoring,llama3-new,openshift-user-workload-monitoring/user-workload,tgis-bam,12299.0
2024-06-11 13:01:40.081000090,tgi_batch_inference_tokproc_duration_count,http,10.129.5.96:3000,tgis-bam,single_only,prefill,fmaas-monitoring,llama3-new,openshift-user-workload-monitoring/user-workload,tgis-bam,12301.0
2024-06-11 13:01:45.069999933,tgi_batch_inference_tokproc_duration_count,http,10.129.5.96:3000,tgis-bam,single_only,prefill,fmaas-monitoring,llama3-new,openshift-user-workload-monitoring/user-workload,tgis-bam,12303.0
2024-06-11 13:01:50.069999933,tgi_batch_inference_tokproc_duration_count,http,10.129.5.96:3000,tgis-bam,single_only,prefill,fmaas-monitoring,llama3-new,openshift-user-workload-monitoring/user-workload,tgis-bam,12308.0
2024-06-11 13:01:55.069999933,tgi_batch_inference_tokproc_duration_count,http,10.129.5.96:3000,tgis-bam,single_only,prefill,fmaas-monitoring,llama3-new,openshift-user-workload-monitoring/user-workload,tgis-bam,12310.0
2024-06-11 13:02:00.069999933,tgi_batch_inference_tokproc_duration_count,http,10.129.5.96:3000,tgis-bam,single_only,prefill,fmaas-monitoring,llama3-new,openshift-user-workload-monitoring/user-workload,tgis-bam,12312.0
2024-06-11 13:02:05.069999933,tgi_batch_inference_tokproc_duration_count,http,10.129.5.96:3000,tgis-bam,single_only,prefill,fmaas-monitoring,llama3-new,openshift-user-workload-monitoring/user-workload,tgis-bam,12315.0
2024-06-11 13:02:10.069999933,tgi_batch_inference_tokproc_duration_count,http,10.129.5.96:3000,tgis-bam,single_only,prefill,fmaas-monitoring,llama3-new,openshift-user-workload-monitoring/user-workload,tgis-bam,12321.0
2024-06-11 13:02:15.069999933,tgi_batch_inference_tokproc_duration_count,http,10.129.5.96:3000,tgis-bam,single_only,prefill,fmaas-monitoring,llama3-new,openshift-user-workload-monitoring/user-workload,tgis-bam,12329.0
2024-06-11 13:02:20.069999933,tgi_batch_inference_tokproc_duration_count,http,10.129.5.96:3000,tgis-bam,single_only,prefill,fmaas-monitoring,llama3-new,openshift-user-workload-monitoring/user-workload,tgis-bam,12331.0
2024-06-11 13:02:25.069999933,tgi_batch_inference_tokproc_duration_count,http,10.129.5.96:3000,tgis-bam,single_only,prefill,fmaas-monitoring,llama3-new,openshift-user-workload-monitoring/user-workload,tgis-bam,12333.0
2024-06-11 13:02:30.069999933,tgi_batch_inference_tokproc_duration_count,http,10.129.5.96:3000,tgis-bam,single_only,prefill,fmaas-monitoring,llama3-new,openshift-user-workload-monitoring/user-workload,tgis-bam,12334.0
2024-06-11 13:02:35.069999933,tgi_batch_inference_tokproc_duration_count,http,10.129.5.96:3000,tgis-bam,single_only,prefill,fmaas-monitoring,llama3-new,openshift-user-workload-monitoring/user-workload,tgis-bam,12338.0
2024-06-11 13:02:40.069999933,tgi_batch_inference_tokproc_duration_count,http,10.129.5.96:3000,tgis-bam,single_only,prefill,fmaas-monitoring,llama3-new,openshift-user-workload-monitoring/user-workload,tgis-bam,12344.0
2024-06-11 13:02:45.069999933,tgi_batch_inference_tokproc_duration_count,http,10.129.5.96:3000,tgis-bam,single_only,prefill,fmaas-monitoring,llama3-new,openshift-user-workload-monitoring/user-workload,tgis-bam,12351.0
2024-06-11 13:02:50.069999933,tgi_batch_inference_tokproc_duration_count,http,10.129.5.96:3000,tgis-bam,single_only,prefill,fmaas-monitoring,llama3-new,openshift-user-workload-monitoring/user-workload,tgis-bam,12356.0
2024-06-11 13:02:55.069999933,tgi_batch_inference_tokproc_duration_count,http,10.129.5.96:3000,tgis-bam,single_only,prefill,fmaas-monitoring,llama3-new,openshift-user-workload-monitoring/user-workload,tgis-bam,12357.0
2024-06-11 13:03:00.069999933,tgi_batch_inference_tokproc_duration_count,http,10.129.5.96:3000,tgis-bam,single_only,prefill,fmaas-monitoring,llama3-new,openshift-user-workload-monitoring/user-workload,tgis-bam,12357.0
2024-06-11 13:03:05.069999933,tgi_batch_inference_tokproc_duration_count,http,10.129.5.96:3000,tgis-bam,single_only,prefill,fmaas-monitoring,llama3-new,openshift-user-workload-monitoring/user-workload,tgis-bam,12365.0
2024-06-11 13:03:10.069999933,tgi_batch_inference_tokproc_duration_count,http,10.129.5.96:3000,tgis-bam,single_only,prefill,fmaas-monitoring,llama3-new,openshift-user-workload-monitoring/user-workload,tgis-bam,12369.0
2024-06-11 13:03:15.069999933,tgi_batch_inference_tokproc_duration_count,http,10.129.5.96:3000,tgis-bam,single_only,prefill,fmaas-monitoring,llama3-new,openshift-user-workload-monitoring/user-workload,tgis-bam,12372.0
2024-06-11 13:03:20.069999933,tgi_batch_inference_tokproc_duration_count,http,10.129.5.96:3000,tgis-bam,single_only,prefill,fmaas-monitoring,llama3-new,openshift-user-workload-monitoring/user-workload,tgis-bam,12380.0
2024-06-11 13:03:25.069999933,tgi_batch_inference_tokproc_duration_count,http,10.129.5.96:3000,tgis-bam,single_only,prefill,fmaas-monitoring,llama3-new,openshift-user-workload-monitoring/user-workload,tgis-bam,12382.0
2024-06-11 13:03:30.069999933,tgi_batch_inference_tokproc_duration_count,http,10.129.5.96:3000,tgis-bam,single_only,prefill,fmaas-monitoring,llama3-new,openshift-user-workload-monitoring/user-workload,tgis-bam,12382.0
2024-06-11 13:03:35.069999933,tgi_batch_inference_tokproc_duration_count,http,10.129.5.96:3000,tgis-bam,single_only,prefill,fmaas-monitoring,llama3-new,openshift-user-workload-monitoring/user-workload,tgis-bam,12386.0
2024-06-11 13:03:40.069999933,tgi_batch_inference_tokproc_duration_count,http,10.129.5.96:3000,tgis-bam,single_only,prefill,fmaas-monitoring,llama3-new,openshift-user-workload-monitoring/user-workload,tgis-bam,12393.0
2024-06-11 13:03:45.069999933,tgi_batch_inference_tokproc_duration_count,http,10.129.5.96:3000,tgis-bam,single_only,prefill,fmaas-monitoring,llama3-new,openshift-user-workload-monitoring/user-workload,tgis-bam,12397.0
2024-06-11 13:03:50.069999933,tgi_batch_inference_tokproc_duration_count,http,10.129.5.96:3000,tgis-bam,single_only,prefill,fmaas-monitoring,llama3-new,openshift-user-workload-monitoring/user-workload,tgis-bam,12400.0
2024-06-11 13:03:55.069999933,tgi_batch_inference_tokproc_duration_count,http,10.129.5.96:3000,tgis-bam,single_only,prefill,fmaas-monitoring,llama3-new,openshift-user-workload-monitoring/user-workload,tgis-bam,12400.0
2024-06-11 13:04:00.069999933,tgi_batch_inference_tokproc_duration_count,http,10.129.5.96:3000,tgis-bam,single_only,next_token,fmaas-monitoring,llama3-new,openshift-user-workload-monitoring/user-workload,tgis-bam,38339.0
2024-06-11 13:04:05.069999933,tgi_batch_inference_tokproc_duration_count,http,10.129.5.96:3000,tgis-bam,single_only,next_token,fmaas-monitoring,llama3-new,openshift-user-workload-monitoring/user-workload,tgis-bam,38350.0
2024-06-11 13:04:10.069999933,tgi_batch_inference_tokproc_duration_count,http,10.129.5.96:3000,tgis-bam,single_only,next_token,fmaas-monitoring,llama3-new,openshift-user-workload-monitoring/user-workload,tgis-bam,38358.0
2024-06-11 13:04:15.069999933,tgi_batch_inference_tokproc_duration_count,http,10.129.5.96:3000,tgis-bam,single_only,next_token,fmaas-monitoring,llama3-new,openshift-user-workload-monitoring/user-workload,tgis-bam,38366.0
2024-06-11 13:04:20.069999933,tgi_batch_inference_tokproc_duration_count,http,10.129.5.96:3000,tgis-bam,single_only,next_token,fmaas-monitoring,llama3-new,openshift-user-workload-monitoring/user-workload,tgis-bam,38379.0
2024-06-11 13:04:25.069999933,tgi_batch_inference_tokproc_duration_count,http,10.129.5.96:3000,tgis-bam,single_only,next_token,fmaas-monitoring,llama3-new,openshift-user-workload-monitoring/user-workload,tgis-bam,38394.0
2024-06-11 13:04:30.069999933,tgi_batch_inference_tokproc_duration_count,http,10.129.5.96:3000,tgis-bam,single_only,next_token,fmaas-monitoring,llama3-new,openshift-user-workload-monitoring/user-workload,tgis-bam,38406.0
2024-06-11 13:04:35.069999933,tgi_batch_inference_tokproc_duration_count,http,10.129.5.96:3000,tgis-bam,single_only,next_token,fmaas-monitoring,llama3-new,openshift-user-workload-monitoring/user-workload,tgis-bam,38412.0
2024-06-11 13:04:40.069999933,tgi_batch_inference_tokproc_duration_count,http,10.129.5.96:3000,tgis-bam,single_only,next_token,fmaas-monitoring,llama3-new,openshift-user-workload-monitoring/user-workload,tgis-bam,38423.0
2024-06-11 13:04:45.069999933,tgi_batch_inference_tokproc_duration_count,http,10.129.5.96:3000,tgis-bam,single_only,next_token,fmaas-monitoring,llama3-new,openshift-user-workload-monitoring/user-workload,tgis-bam,38434.0
2024-06-11 13:04:50.069999933,tgi_batch_inference_tokproc_duration_count,http,10.129.5.96:3000,tgis-bam,single_only,next_token,fmaas-monitoring,llama3-new,openshift-user-workload-monitoring/user-workload,tgis-bam,38448.0
2024-06-11 13:04:55.069999933,tgi_batch_inference_tokproc_duration_count,http,10.129.5.96:3000,tgis-bam,single_only,next_token,fmaas-monitoring,llama3-new,openshift-user-workload-monitoring/user-workload,tgis-bam,38463.0
2024-06-11 13:05:00.069999933,tgi_batch_inference_tokproc_duration_count,http,10.129.5.96:3000,tgis-bam,single_only,next_token,fmaas-monitoring,llama3-new,openshift-user-workload-monitoring/user-workload,tgis-bam,38468.0
2024-06-11 13:05:05.069999933,tgi_batch_inference_tokproc_duration_count,http,10.129.5.96:3000,tgis-bam,single_only,next_token,fmaas-monitoring,llama3-new,openshift-user-workload-monitoring/user-workload,tgis-bam,38474.0
2024-06-11 13:05:10.069999933,tgi_batch_inference_tokproc_duration_count,http,10.129.5.96:3000,tgis-bam,single_only,next_token,fmaas-monitoring,llama3-new,openshift-user-workload-monitoring/user-workload,tgis-bam,38483.0
2024-06-11 13:05:15.069999933,tgi_batch_inference_tokproc_duration_count,http,10.129.5.96:3000,tgis-bam,single_only,next_token,fmaas-monitoring,llama3-new,openshift-user-workload-monitoring/user-workload,tgis-bam,38495.0
2024-06-11 13:05:20.069999933,tgi_batch_inference_tokproc_duration_count,http,10.129.5.96:3000,tgis-bam,single_only,next_token,fmaas-monitoring,llama3-new,openshift-user-workload-monitoring/user-workload,tgis-bam,38509.0
2024-06-11 13:05:25.069999933,tgi_batch_inference_tokproc_duration_count,http,10.129.5.96:3000,tgis-bam,single_only,next_token,fmaas-monitoring,llama3-new,openshift-user-workload-monitoring/user-workload,tgis-bam,38522.0
2024-06-11 13:05:30.069999933,tgi_batch_inference_tokproc_duration_count,http,10.129.5.96:3000,tgis-bam,single_only,next_token,fmaas-monitoring,llama3-new,openshift-user-workload-monitoring/user-workload,tgis-bam,38527.0
2024-06-11 13:05:35.069999933,tgi_batch_inference_tokproc_duration_count,http,10.129.5.96:3000,tgis-bam,single_only,next_token,fmaas-monitoring,llama3-new,openshift-user-workload-monitoring/user-workload,tgis-bam,38535.0
2024-06-11 13:05:40.069999933,tgi_batch_inference_tokproc_duration_count,http,10.129.5.96:3000,tgis-bam,single_only,next_token,fmaas-monitoring,llama3-new,openshift-user-workload-monitoring/user-workload,tgis-bam,38542.0
2024-06-11 13:05:45.069999933,tgi_batch_inference_tokproc_duration_count,http,10.129.5.96:3000,tgis-bam,single_only,next_token,fmaas-monitoring,llama3-new,openshift-user-workload-monitoring/user-workload,tgis-bam,38554.0
2024-06-11 13:05:50.069999933,tgi_batch_inference_tokproc_duration_count,http,10.129.5.96:3000,tgis-bam,single_only,next_token,fmaas-monitoring,llama3-new,openshift-user-workload-monitoring/user-workload,tgis-bam,38569.0
2024-06-11 13:05:55.069999933,tgi_batch_inference_tokproc_duration_count,http,10.129.5.96:3000,tgis-bam,single_only,next_token,fmaas-monitoring,llama3-new,openshift-user-workload-monitoring/user-workload,tgis-bam,38581.0
2024-06-11 13:04:00.069999933,tgi_batch_inference_tokproc_duration_count,http,10.129.5.96:3000,tgis-bam,single_only,prefill,fmaas-monitoring,llama3-new,openshift-user-workload-monitoring/user-workload,tgis-bam,12400.0
2024-06-11 13:04:05.069999933,tgi_batch_inference_tokproc_duration_count,http,10.129.5.96:3000,tgis-bam,single_only,prefill,fmaas-monitoring,llama3-new,openshift-user-workload-monitoring/user-workload,tgis-bam,12404.0
2024-06-11 13:04:10.069999933,tgi_batch_inference_tokproc_duration_count,http,10.129.5.96:3000,tgis-bam,single_only,prefill,fmaas-monitoring,llama3-new,openshift-user-workload-monitoring/user-workload,tgis-bam,12412.0
2024-06-11 13:04:15.069999933,tgi_batch_inference_tokproc_duration_count,http,10.129.5.96:3000,tgis-bam,single_only,prefill,fmaas-monitoring,llama3-new,openshift-user-workload-monitoring/user-workload,tgis-bam,12414.0
2024-06-11 13:04:20.069999933,tgi_batch_inference_tokproc_duration_count,http,10.129.5.96:3000,tgis-bam,single_only,prefill,fmaas-monitoring,llama3-new,openshift-user-workload-monitoring/user-workload,tgis-bam,12415.0
2024-06-11 13:04:25.069999933,tgi_batch_inference_tokproc_duration_count,http,10.129.5.96:3000,tgis-bam,single_only,prefill,fmaas-monitoring,llama3-new,openshift-user-workload-monitoring/user-workload,tgis-bam,12415.0
2024-06-11 13:04:30.069999933,tgi_batch_inference_tokproc_duration_count,http,10.129.5.96:3000,tgis-bam,single_only,prefill,fmaas-monitoring,llama3-new,openshift-user-workload-monitoring/user-workload,tgis-bam,12416.0
2024-06-11 13:04:35.069999933,tgi_batch_inference_tokproc_duration_count,http,10.129.5.96:3000,tgis-bam,single_only,prefill,fmaas-monitoring,llama3-new,openshift-user-workload-monitoring/user-workload,tgis-bam,12420.0
2024-06-11 13:04:40.069999933,tgi_batch_inference_tokproc_duration_count,http,10.129.5.96:3000,tgis-bam,single_only,prefill,fmaas-monitoring,llama3-new,openshift-user-workload-monitoring/user-workload,tgis-bam,12424.0
2024-06-11 13:04:45.069999933,tgi_batch_inference_tokproc_duration_count,http,10.129.5.96:3000,tgis-bam,single_only,prefill,fmaas-monitoring,llama3-new,openshift-user-workload-monitoring/user-workload,tgis-bam,12428.0
2024-06-11 13:04:50.069999933,tgi_batch_inference_tokproc_duration_count,http,10.129.5.96:3000,tgis-bam,single_only,prefill,fmaas-monitoring,llama3-new,openshift-user-workload-monitoring/user-workload,tgis-bam,12428.0
2024-06-11 13:04:55.069999933,tgi_batch_inference_tokproc_duration_count,http,10.129.5.96:3000,tgis-bam,single_only,prefill,fmaas-monitoring,llama3-new,openshift-user-workload-monitoring/user-workload,tgis-bam,12428.0
2024-06-11 13:05:00.069999933,tgi_batch_inference_tokproc_duration_count,http,10.129.5.96:3000,tgis-bam,single_only,prefill,fmaas-monitoring,llama3-new,openshift-user-workload-monitoring/user-workload,tgis-bam,12431.0
2024-06-11 13:05:05.069999933,tgi_batch_inference_tokproc_duration_count,http,10.129.5.96:3000,tgis-bam,single_only,prefill,fmaas-monitoring,llama3-new,openshift-user-workload-monitoring/user-workload,tgis-bam,12433.0
2024-06-11 13:05:10.069999933,tgi_batch_inference_tokproc_duration_count,http,10.129.5.96:3000,tgis-bam,single_only,prefill,fmaas-monitoring,llama3-new,openshift-user-workload-monitoring/user-workload,tgis-bam,12439.0
2024-06-11 13:05:15.069999933,tgi_batch_inference_tokproc_duration_count,http,10.129.5.96:3000,tgis-bam,single_only,prefill,fmaas-monitoring,llama3-new,openshift-user-workload-monitoring/user-workload,tgis-bam,12441.0
2024-06-11 13:05:20.069999933,tgi_batch_inference_tokproc_duration_count,http,10.129.5.96:3000,tgis-bam,single_only,prefill,fmaas-monitoring,llama3-new,openshift-user-workload-monitoring/user-workload,tgis-bam,12442.0
2024-06-11 13:05:25.069999933,tgi_batch_inference_tokproc_duration_count,http,10.129.5.96:3000,tgis-bam,single_only,prefill,fmaas-monitoring,llama3-new,openshift-user-workload-monitoring/user-workload,tgis-bam,12444.0
2024-06-11 13:05:30.069999933,tgi_batch_inference_tokproc_duration_count,http,10.129.5.96:3000,tgis-bam,single_only,prefill,fmaas-monitoring,llama3-new,openshift-user-workload-monitoring/user-workload,tgis-bam,12448.0
2024-06-11 13:05:35.069999933,tgi_batch_inference_tokproc_duration_count,http,10.129.5.96:3000,tgis-bam,single_only,prefill,fmaas-monitoring,llama3-new,openshift-user-workload-monitoring/user-workload,tgis-bam,12451.0
2024-06-11 13:05:40.069999933,tgi_batch_inference_tokproc_duration_count,http,10.129.5.96:3000,tgis-bam,single_only,prefill,fmaas-monitoring,llama3-new,openshift-user-workload-monitoring/user-workload,tgis-bam,12458.0
2024-06-11 13:05:45.069999933,tgi_batch_inference_tokproc_duration_count,http,10.129.5.96:3000,tgis-bam,single_only,prefill,fmaas-monitoring,llama3-new,openshift-user-workload-monitoring/user-workload,tgis-bam,12460.0
2024-06-11 13:05:50.069999933,tgi_batch_inference_tokproc_duration_count,http,10.129.5.96:3000,tgis-bam,single_only,prefill,fmaas-monitoring,llama3-new,openshift-user-workload-monitoring/user-workload,tgis-bam,12460.0
2024-06-11 13:05:55.069999933,tgi_batch_inference_tokproc_duration_count,http,10.129.5.96:3000,tgis-bam,single_only,prefill,fmaas-monitoring,llama3-new,openshift-user-workload-monitoring/user-workload,tgis-bam,12461.0
