timestamp,DCGM_FI_DEV_BRAND,DCGM_FI_DEV_ECC_INFOROM_VER,DCGM_FI_DEV_INFOROM_IMAGE_VER,DCGM_FI_DEV_OEM_INFOROM_VER,DCGM_FI_DEV_SERIAL,DCGM_FI_DEV_VBIOS_VERSION,DCGM_FI_DRIVER_VERSION,DCGM_FI_NVML_VERSION,Hostname,UUID,__name__,container,device,endpoint,gpu,instance,job,modelName,namespace,pod,prometheus,service,value,exported_container,exported_namespace,exported_pod
2024-05-21 16:56:00.772000074,NVIDIA,6.16,G506.0210.00.03,2.0,1652523001873,92.00.45.00.05,535.104.05,12.535.104.05,fmaas-devstage-backen-9cjgj-worker-a100-il-rdma-3-jx6tm,GPU-005a31d4-76ae-2dd3-af84-3b7039e24835,DCGM_FI_DEV_DEC_UTIL,nvidia-dcgm-exporter,nvidia6,gpu-metrics,6,192.241.129.18:9400,nvidia-dcgm-exporter,NVIDIA A100-SXM4-80GB,nvidia-gpu-operator,nvidia-dcgm-exporter-xq25l,openshift-monitoring/k8s,nvidia-dcgm-exporter,0.0,,,
2024-05-21 16:56:13.667999983,NVIDIA,6.16,G506.0210.00.03,2.0,1652523001873,92.00.45.00.05,535.104.05,12.535.104.05,fmaas-devstage-backen-9cjgj-worker-a100-il-rdma-3-jx6tm,GPU-005a31d4-76ae-2dd3-af84-3b7039e24835,DCGM_FI_DEV_DEC_UTIL,nvidia-dcgm-exporter,nvidia6,gpu-metrics,6,192.241.129.18:9400,nvidia-dcgm-exporter,NVIDIA A100-SXM4-80GB,nvidia-gpu-operator,nvidia-dcgm-exporter-xq25l,openshift-monitoring/k8s,nvidia-dcgm-exporter,0.0,,,
2024-05-21 16:56:43.667999983,NVIDIA,6.16,G506.0210.00.03,2.0,1652523001873,92.00.45.00.05,535.104.05,12.535.104.05,fmaas-devstage-backen-9cjgj-worker-a100-il-rdma-3-jx6tm,GPU-005a31d4-76ae-2dd3-af84-3b7039e24835,DCGM_FI_DEV_DEC_UTIL,nvidia-dcgm-exporter,nvidia6,gpu-metrics,6,192.241.129.18:9400,nvidia-dcgm-exporter,NVIDIA A100-SXM4-80GB,nvidia-gpu-operator,nvidia-dcgm-exporter-xq25l,openshift-monitoring/k8s,nvidia-dcgm-exporter,0.0,,,
2024-05-21 16:57:13.667999983,NVIDIA,6.16,G506.0210.00.03,2.0,1652523001873,92.00.45.00.05,535.104.05,12.535.104.05,fmaas-devstage-backen-9cjgj-worker-a100-il-rdma-3-jx6tm,GPU-005a31d4-76ae-2dd3-af84-3b7039e24835,DCGM_FI_DEV_DEC_UTIL,nvidia-dcgm-exporter,nvidia6,gpu-metrics,6,192.241.129.18:9400,nvidia-dcgm-exporter,NVIDIA A100-SXM4-80GB,nvidia-gpu-operator,nvidia-dcgm-exporter-xq25l,openshift-monitoring/k8s,nvidia-dcgm-exporter,0.0,,,
2024-05-21 16:57:43.667999983,NVIDIA,6.16,G506.0210.00.03,2.0,1652523001873,92.00.45.00.05,535.104.05,12.535.104.05,fmaas-devstage-backen-9cjgj-worker-a100-il-rdma-3-jx6tm,GPU-005a31d4-76ae-2dd3-af84-3b7039e24835,DCGM_FI_DEV_DEC_UTIL,nvidia-dcgm-exporter,nvidia6,gpu-metrics,6,192.241.129.18:9400,nvidia-dcgm-exporter,NVIDIA A100-SXM4-80GB,nvidia-gpu-operator,nvidia-dcgm-exporter-xq25l,openshift-monitoring/k8s,nvidia-dcgm-exporter,0.0,,,
2024-05-21 16:58:13.667999983,NVIDIA,6.16,G506.0210.00.03,2.0,1652523001873,92.00.45.00.05,535.104.05,12.535.104.05,fmaas-devstage-backen-9cjgj-worker-a100-il-rdma-3-jx6tm,GPU-005a31d4-76ae-2dd3-af84-3b7039e24835,DCGM_FI_DEV_DEC_UTIL,nvidia-dcgm-exporter,nvidia6,gpu-metrics,6,192.241.129.18:9400,nvidia-dcgm-exporter,NVIDIA A100-SXM4-80GB,nvidia-gpu-operator,nvidia-dcgm-exporter-xq25l,openshift-monitoring/k8s,nvidia-dcgm-exporter,0.0,,,
2024-05-21 16:58:43.667999983,NVIDIA,6.16,G506.0210.00.03,2.0,1652523001873,92.00.45.00.05,535.104.05,12.535.104.05,fmaas-devstage-backen-9cjgj-worker-a100-il-rdma-3-jx6tm,GPU-005a31d4-76ae-2dd3-af84-3b7039e24835,DCGM_FI_DEV_DEC_UTIL,nvidia-dcgm-exporter,nvidia6,gpu-metrics,6,192.241.129.18:9400,nvidia-dcgm-exporter,NVIDIA A100-SXM4-80GB,nvidia-gpu-operator,nvidia-dcgm-exporter-xq25l,openshift-monitoring/k8s,nvidia-dcgm-exporter,0.0,,,
2024-05-21 16:59:13.667999983,NVIDIA,6.16,G506.0210.00.03,2.0,1652523001873,92.00.45.00.05,535.104.05,12.535.104.05,fmaas-devstage-backen-9cjgj-worker-a100-il-rdma-3-jx6tm,GPU-005a31d4-76ae-2dd3-af84-3b7039e24835,DCGM_FI_DEV_DEC_UTIL,nvidia-dcgm-exporter,nvidia6,gpu-metrics,6,192.241.129.18:9400,nvidia-dcgm-exporter,NVIDIA A100-SXM4-80GB,nvidia-gpu-operator,nvidia-dcgm-exporter-xq25l,openshift-monitoring/k8s,nvidia-dcgm-exporter,0.0,,,
2024-05-21 16:59:43.667999983,NVIDIA,6.16,G506.0210.00.03,2.0,1652523001873,92.00.45.00.05,535.104.05,12.535.104.05,fmaas-devstage-backen-9cjgj-worker-a100-il-rdma-3-jx6tm,GPU-005a31d4-76ae-2dd3-af84-3b7039e24835,DCGM_FI_DEV_DEC_UTIL,nvidia-dcgm-exporter,nvidia6,gpu-metrics,6,192.241.129.18:9400,nvidia-dcgm-exporter,NVIDIA A100-SXM4-80GB,nvidia-gpu-operator,nvidia-dcgm-exporter-xq25l,openshift-monitoring/k8s,nvidia-dcgm-exporter,0.0,,,
2024-05-21 17:00:13.667999983,NVIDIA,6.16,G506.0210.00.03,2.0,1652523001873,92.00.45.00.05,535.104.05,12.535.104.05,fmaas-devstage-backen-9cjgj-worker-a100-il-rdma-3-jx6tm,GPU-005a31d4-76ae-2dd3-af84-3b7039e24835,DCGM_FI_DEV_DEC_UTIL,nvidia-dcgm-exporter,nvidia6,gpu-metrics,6,192.241.129.18:9400,nvidia-dcgm-exporter,NVIDIA A100-SXM4-80GB,nvidia-gpu-operator,nvidia-dcgm-exporter-xq25l,openshift-monitoring/k8s,nvidia-dcgm-exporter,0.0,,,
2024-05-21 17:00:43.667999983,NVIDIA,6.16,G506.0210.00.03,2.0,1652523001873,92.00.45.00.05,535.104.05,12.535.104.05,fmaas-devstage-backen-9cjgj-worker-a100-il-rdma-3-jx6tm,GPU-005a31d4-76ae-2dd3-af84-3b7039e24835,DCGM_FI_DEV_DEC_UTIL,nvidia-dcgm-exporter,nvidia6,gpu-metrics,6,192.241.129.18:9400,nvidia-dcgm-exporter,NVIDIA A100-SXM4-80GB,nvidia-gpu-operator,nvidia-dcgm-exporter-xq25l,openshift-monitoring/k8s,nvidia-dcgm-exporter,0.0,,,
2024-05-21 17:01:13.667999983,NVIDIA,6.16,G506.0210.00.03,2.0,1652523001873,92.00.45.00.05,535.104.05,12.535.104.05,fmaas-devstage-backen-9cjgj-worker-a100-il-rdma-3-jx6tm,GPU-005a31d4-76ae-2dd3-af84-3b7039e24835,DCGM_FI_DEV_DEC_UTIL,nvidia-dcgm-exporter,nvidia6,gpu-metrics,6,192.241.129.18:9400,nvidia-dcgm-exporter,NVIDIA A100-SXM4-80GB,nvidia-gpu-operator,nvidia-dcgm-exporter-xq25l,openshift-monitoring/k8s,nvidia-dcgm-exporter,0.0,,,
2024-05-21 17:01:43.667999983,NVIDIA,6.16,G506.0210.00.03,2.0,1652523001873,92.00.45.00.05,535.104.05,12.535.104.05,fmaas-devstage-backen-9cjgj-worker-a100-il-rdma-3-jx6tm,GPU-005a31d4-76ae-2dd3-af84-3b7039e24835,DCGM_FI_DEV_DEC_UTIL,nvidia-dcgm-exporter,nvidia6,gpu-metrics,6,192.241.129.18:9400,nvidia-dcgm-exporter,NVIDIA A100-SXM4-80GB,nvidia-gpu-operator,nvidia-dcgm-exporter-xq25l,openshift-monitoring/k8s,nvidia-dcgm-exporter,0.0,,,
2024-05-21 17:02:13.667999983,NVIDIA,6.16,G506.0210.00.03,2.0,1652523001873,92.00.45.00.05,535.104.05,12.535.104.05,fmaas-devstage-backen-9cjgj-worker-a100-il-rdma-3-jx6tm,GPU-005a31d4-76ae-2dd3-af84-3b7039e24835,DCGM_FI_DEV_DEC_UTIL,nvidia-dcgm-exporter,nvidia6,gpu-metrics,6,192.241.129.18:9400,nvidia-dcgm-exporter,NVIDIA A100-SXM4-80GB,nvidia-gpu-operator,nvidia-dcgm-exporter-xq25l,openshift-monitoring/k8s,nvidia-dcgm-exporter,0.0,,,
2024-05-21 17:02:43.667999983,NVIDIA,6.16,G506.0210.00.03,2.0,1652523001873,92.00.45.00.05,535.104.05,12.535.104.05,fmaas-devstage-backen-9cjgj-worker-a100-il-rdma-3-jx6tm,GPU-005a31d4-76ae-2dd3-af84-3b7039e24835,DCGM_FI_DEV_DEC_UTIL,nvidia-dcgm-exporter,nvidia6,gpu-metrics,6,192.241.129.18:9400,nvidia-dcgm-exporter,NVIDIA A100-SXM4-80GB,nvidia-gpu-operator,nvidia-dcgm-exporter-xq25l,openshift-monitoring/k8s,nvidia-dcgm-exporter,0.0,,,
2024-05-21 17:03:13.667999983,NVIDIA,6.16,G506.0210.00.03,2.0,1652523001873,92.00.45.00.05,535.104.05,12.535.104.05,fmaas-devstage-backen-9cjgj-worker-a100-il-rdma-3-jx6tm,GPU-005a31d4-76ae-2dd3-af84-3b7039e24835,DCGM_FI_DEV_DEC_UTIL,nvidia-dcgm-exporter,nvidia6,gpu-metrics,6,192.241.129.18:9400,nvidia-dcgm-exporter,NVIDIA A100-SXM4-80GB,nvidia-gpu-operator,nvidia-dcgm-exporter-xq25l,openshift-monitoring/k8s,nvidia-dcgm-exporter,0.0,,,
2024-05-21 17:03:43.667999983,NVIDIA,6.16,G506.0210.00.03,2.0,1652523001873,92.00.45.00.05,535.104.05,12.535.104.05,fmaas-devstage-backen-9cjgj-worker-a100-il-rdma-3-jx6tm,GPU-005a31d4-76ae-2dd3-af84-3b7039e24835,DCGM_FI_DEV_DEC_UTIL,nvidia-dcgm-exporter,nvidia6,gpu-metrics,6,192.241.129.18:9400,nvidia-dcgm-exporter,NVIDIA A100-SXM4-80GB,nvidia-gpu-operator,nvidia-dcgm-exporter-xq25l,openshift-monitoring/k8s,nvidia-dcgm-exporter,0.0,,,
2024-05-21 17:04:13.667999983,NVIDIA,6.16,G506.0210.00.03,2.0,1652523001873,92.00.45.00.05,535.104.05,12.535.104.05,fmaas-devstage-backen-9cjgj-worker-a100-il-rdma-3-jx6tm,GPU-005a31d4-76ae-2dd3-af84-3b7039e24835,DCGM_FI_DEV_DEC_UTIL,nvidia-dcgm-exporter,nvidia6,gpu-metrics,6,192.241.129.18:9400,nvidia-dcgm-exporter,NVIDIA A100-SXM4-80GB,nvidia-gpu-operator,nvidia-dcgm-exporter-xq25l,openshift-monitoring/k8s,nvidia-dcgm-exporter,0.0,,,
2024-05-21 17:04:43.667999983,NVIDIA,6.16,G506.0210.00.03,2.0,1652523001873,92.00.45.00.05,535.104.05,12.535.104.05,fmaas-devstage-backen-9cjgj-worker-a100-il-rdma-3-jx6tm,GPU-005a31d4-76ae-2dd3-af84-3b7039e24835,DCGM_FI_DEV_DEC_UTIL,nvidia-dcgm-exporter,nvidia6,gpu-metrics,6,192.241.129.18:9400,nvidia-dcgm-exporter,NVIDIA A100-SXM4-80GB,nvidia-gpu-operator,nvidia-dcgm-exporter-xq25l,openshift-monitoring/k8s,nvidia-dcgm-exporter,0.0,,,
2024-05-21 17:05:13.667999983,NVIDIA,6.16,G506.0210.00.03,2.0,1652523001873,92.00.45.00.05,535.104.05,12.535.104.05,fmaas-devstage-backen-9cjgj-worker-a100-il-rdma-3-jx6tm,GPU-005a31d4-76ae-2dd3-af84-3b7039e24835,DCGM_FI_DEV_DEC_UTIL,nvidia-dcgm-exporter,nvidia6,gpu-metrics,6,192.241.129.18:9400,nvidia-dcgm-exporter,NVIDIA A100-SXM4-80GB,nvidia-gpu-operator,nvidia-dcgm-exporter-xq25l,openshift-monitoring/k8s,nvidia-dcgm-exporter,0.0,,,
2024-05-21 17:05:43.667999983,NVIDIA,6.16,G506.0210.00.03,2.0,1652523001873,92.00.45.00.05,535.104.05,12.535.104.05,fmaas-devstage-backen-9cjgj-worker-a100-il-rdma-3-jx6tm,GPU-005a31d4-76ae-2dd3-af84-3b7039e24835,DCGM_FI_DEV_DEC_UTIL,nvidia-dcgm-exporter,nvidia6,gpu-metrics,6,192.241.129.18:9400,nvidia-dcgm-exporter,NVIDIA A100-SXM4-80GB,nvidia-gpu-operator,nvidia-dcgm-exporter-xq25l,openshift-monitoring/k8s,nvidia-dcgm-exporter,0.0,,,
2024-05-21 16:56:00.772000074,NVIDIA,6.16,G506.0210.00.03,2.0,1652523002864,92.00.45.00.05,535.104.05,12.535.104.05,fmaas-devstage-backen-9cjgj-worker-a100-il-rdma-3-jx6tm,GPU-bd65bd70-5a12-7002-a705-315758f75144,DCGM_FI_DEV_DEC_UTIL,nvidia-dcgm-exporter,nvidia7,gpu-metrics,7,192.241.129.18:9400,nvidia-dcgm-exporter,NVIDIA A100-SXM4-80GB,nvidia-gpu-operator,nvidia-dcgm-exporter-xq25l,openshift-monitoring/k8s,nvidia-dcgm-exporter,0.0,caikit-runtime,fmaas-tuning,devstage-cais-bcbf7c8fb-pxhmp
2024-05-21 16:56:13.667999983,NVIDIA,6.16,G506.0210.00.03,2.0,1652523002864,92.00.45.00.05,535.104.05,12.535.104.05,fmaas-devstage-backen-9cjgj-worker-a100-il-rdma-3-jx6tm,GPU-bd65bd70-5a12-7002-a705-315758f75144,DCGM_FI_DEV_DEC_UTIL,nvidia-dcgm-exporter,nvidia7,gpu-metrics,7,192.241.129.18:9400,nvidia-dcgm-exporter,NVIDIA A100-SXM4-80GB,nvidia-gpu-operator,nvidia-dcgm-exporter-xq25l,openshift-monitoring/k8s,nvidia-dcgm-exporter,0.0,caikit-runtime,fmaas-tuning,devstage-cais-bcbf7c8fb-pxhmp
2024-05-21 16:56:43.667999983,NVIDIA,6.16,G506.0210.00.03,2.0,1652523002864,92.00.45.00.05,535.104.05,12.535.104.05,fmaas-devstage-backen-9cjgj-worker-a100-il-rdma-3-jx6tm,GPU-bd65bd70-5a12-7002-a705-315758f75144,DCGM_FI_DEV_DEC_UTIL,nvidia-dcgm-exporter,nvidia7,gpu-metrics,7,192.241.129.18:9400,nvidia-dcgm-exporter,NVIDIA A100-SXM4-80GB,nvidia-gpu-operator,nvidia-dcgm-exporter-xq25l,openshift-monitoring/k8s,nvidia-dcgm-exporter,0.0,caikit-runtime,fmaas-tuning,devstage-cais-bcbf7c8fb-pxhmp
2024-05-21 16:57:13.667999983,NVIDIA,6.16,G506.0210.00.03,2.0,1652523002864,92.00.45.00.05,535.104.05,12.535.104.05,fmaas-devstage-backen-9cjgj-worker-a100-il-rdma-3-jx6tm,GPU-bd65bd70-5a12-7002-a705-315758f75144,DCGM_FI_DEV_DEC_UTIL,nvidia-dcgm-exporter,nvidia7,gpu-metrics,7,192.241.129.18:9400,nvidia-dcgm-exporter,NVIDIA A100-SXM4-80GB,nvidia-gpu-operator,nvidia-dcgm-exporter-xq25l,openshift-monitoring/k8s,nvidia-dcgm-exporter,0.0,caikit-runtime,fmaas-tuning,devstage-cais-bcbf7c8fb-pxhmp
2024-05-21 16:57:43.667999983,NVIDIA,6.16,G506.0210.00.03,2.0,1652523002864,92.00.45.00.05,535.104.05,12.535.104.05,fmaas-devstage-backen-9cjgj-worker-a100-il-rdma-3-jx6tm,GPU-bd65bd70-5a12-7002-a705-315758f75144,DCGM_FI_DEV_DEC_UTIL,nvidia-dcgm-exporter,nvidia7,gpu-metrics,7,192.241.129.18:9400,nvidia-dcgm-exporter,NVIDIA A100-SXM4-80GB,nvidia-gpu-operator,nvidia-dcgm-exporter-xq25l,openshift-monitoring/k8s,nvidia-dcgm-exporter,0.0,caikit-runtime,fmaas-tuning,devstage-cais-bcbf7c8fb-pxhmp
2024-05-21 16:58:13.667999983,NVIDIA,6.16,G506.0210.00.03,2.0,1652523002864,92.00.45.00.05,535.104.05,12.535.104.05,fmaas-devstage-backen-9cjgj-worker-a100-il-rdma-3-jx6tm,GPU-bd65bd70-5a12-7002-a705-315758f75144,DCGM_FI_DEV_DEC_UTIL,nvidia-dcgm-exporter,nvidia7,gpu-metrics,7,192.241.129.18:9400,nvidia-dcgm-exporter,NVIDIA A100-SXM4-80GB,nvidia-gpu-operator,nvidia-dcgm-exporter-xq25l,openshift-monitoring/k8s,nvidia-dcgm-exporter,0.0,caikit-runtime,fmaas-tuning,devstage-cais-bcbf7c8fb-pxhmp
2024-05-21 16:58:43.667999983,NVIDIA,6.16,G506.0210.00.03,2.0,1652523002864,92.00.45.00.05,535.104.05,12.535.104.05,fmaas-devstage-backen-9cjgj-worker-a100-il-rdma-3-jx6tm,GPU-bd65bd70-5a12-7002-a705-315758f75144,DCGM_FI_DEV_DEC_UTIL,nvidia-dcgm-exporter,nvidia7,gpu-metrics,7,192.241.129.18:9400,nvidia-dcgm-exporter,NVIDIA A100-SXM4-80GB,nvidia-gpu-operator,nvidia-dcgm-exporter-xq25l,openshift-monitoring/k8s,nvidia-dcgm-exporter,0.0,caikit-runtime,fmaas-tuning,devstage-cais-bcbf7c8fb-pxhmp
2024-05-21 16:59:13.667999983,NVIDIA,6.16,G506.0210.00.03,2.0,1652523002864,92.00.45.00.05,535.104.05,12.535.104.05,fmaas-devstage-backen-9cjgj-worker-a100-il-rdma-3-jx6tm,GPU-bd65bd70-5a12-7002-a705-315758f75144,DCGM_FI_DEV_DEC_UTIL,nvidia-dcgm-exporter,nvidia7,gpu-metrics,7,192.241.129.18:9400,nvidia-dcgm-exporter,NVIDIA A100-SXM4-80GB,nvidia-gpu-operator,nvidia-dcgm-exporter-xq25l,openshift-monitoring/k8s,nvidia-dcgm-exporter,0.0,caikit-runtime,fmaas-tuning,devstage-cais-bcbf7c8fb-pxhmp
2024-05-21 16:59:43.667999983,NVIDIA,6.16,G506.0210.00.03,2.0,1652523002864,92.00.45.00.05,535.104.05,12.535.104.05,fmaas-devstage-backen-9cjgj-worker-a100-il-rdma-3-jx6tm,GPU-bd65bd70-5a12-7002-a705-315758f75144,DCGM_FI_DEV_DEC_UTIL,nvidia-dcgm-exporter,nvidia7,gpu-metrics,7,192.241.129.18:9400,nvidia-dcgm-exporter,NVIDIA A100-SXM4-80GB,nvidia-gpu-operator,nvidia-dcgm-exporter-xq25l,openshift-monitoring/k8s,nvidia-dcgm-exporter,0.0,caikit-runtime,fmaas-tuning,devstage-cais-bcbf7c8fb-pxhmp
2024-05-21 17:00:13.667999983,NVIDIA,6.16,G506.0210.00.03,2.0,1652523002864,92.00.45.00.05,535.104.05,12.535.104.05,fmaas-devstage-backen-9cjgj-worker-a100-il-rdma-3-jx6tm,GPU-bd65bd70-5a12-7002-a705-315758f75144,DCGM_FI_DEV_DEC_UTIL,nvidia-dcgm-exporter,nvidia7,gpu-metrics,7,192.241.129.18:9400,nvidia-dcgm-exporter,NVIDIA A100-SXM4-80GB,nvidia-gpu-operator,nvidia-dcgm-exporter-xq25l,openshift-monitoring/k8s,nvidia-dcgm-exporter,0.0,caikit-runtime,fmaas-tuning,devstage-cais-bcbf7c8fb-pxhmp
2024-05-21 17:00:43.667999983,NVIDIA,6.16,G506.0210.00.03,2.0,1652523002864,92.00.45.00.05,535.104.05,12.535.104.05,fmaas-devstage-backen-9cjgj-worker-a100-il-rdma-3-jx6tm,GPU-bd65bd70-5a12-7002-a705-315758f75144,DCGM_FI_DEV_DEC_UTIL,nvidia-dcgm-exporter,nvidia7,gpu-metrics,7,192.241.129.18:9400,nvidia-dcgm-exporter,NVIDIA A100-SXM4-80GB,nvidia-gpu-operator,nvidia-dcgm-exporter-xq25l,openshift-monitoring/k8s,nvidia-dcgm-exporter,0.0,caikit-runtime,fmaas-tuning,devstage-cais-bcbf7c8fb-pxhmp
2024-05-21 17:01:13.667999983,NVIDIA,6.16,G506.0210.00.03,2.0,1652523002864,92.00.45.00.05,535.104.05,12.535.104.05,fmaas-devstage-backen-9cjgj-worker-a100-il-rdma-3-jx6tm,GPU-bd65bd70-5a12-7002-a705-315758f75144,DCGM_FI_DEV_DEC_UTIL,nvidia-dcgm-exporter,nvidia7,gpu-metrics,7,192.241.129.18:9400,nvidia-dcgm-exporter,NVIDIA A100-SXM4-80GB,nvidia-gpu-operator,nvidia-dcgm-exporter-xq25l,openshift-monitoring/k8s,nvidia-dcgm-exporter,0.0,caikit-runtime,fmaas-tuning,devstage-cais-bcbf7c8fb-pxhmp
2024-05-21 17:01:43.667999983,NVIDIA,6.16,G506.0210.00.03,2.0,1652523002864,92.00.45.00.05,535.104.05,12.535.104.05,fmaas-devstage-backen-9cjgj-worker-a100-il-rdma-3-jx6tm,GPU-bd65bd70-5a12-7002-a705-315758f75144,DCGM_FI_DEV_DEC_UTIL,nvidia-dcgm-exporter,nvidia7,gpu-metrics,7,192.241.129.18:9400,nvidia-dcgm-exporter,NVIDIA A100-SXM4-80GB,nvidia-gpu-operator,nvidia-dcgm-exporter-xq25l,openshift-monitoring/k8s,nvidia-dcgm-exporter,0.0,caikit-runtime,fmaas-tuning,devstage-cais-bcbf7c8fb-pxhmp
2024-05-21 17:02:13.667999983,NVIDIA,6.16,G506.0210.00.03,2.0,1652523002864,92.00.45.00.05,535.104.05,12.535.104.05,fmaas-devstage-backen-9cjgj-worker-a100-il-rdma-3-jx6tm,GPU-bd65bd70-5a12-7002-a705-315758f75144,DCGM_FI_DEV_DEC_UTIL,nvidia-dcgm-exporter,nvidia7,gpu-metrics,7,192.241.129.18:9400,nvidia-dcgm-exporter,NVIDIA A100-SXM4-80GB,nvidia-gpu-operator,nvidia-dcgm-exporter-xq25l,openshift-monitoring/k8s,nvidia-dcgm-exporter,0.0,caikit-runtime,fmaas-tuning,devstage-cais-bcbf7c8fb-pxhmp
2024-05-21 17:02:43.667999983,NVIDIA,6.16,G506.0210.00.03,2.0,1652523002864,92.00.45.00.05,535.104.05,12.535.104.05,fmaas-devstage-backen-9cjgj-worker-a100-il-rdma-3-jx6tm,GPU-bd65bd70-5a12-7002-a705-315758f75144,DCGM_FI_DEV_DEC_UTIL,nvidia-dcgm-exporter,nvidia7,gpu-metrics,7,192.241.129.18:9400,nvidia-dcgm-exporter,NVIDIA A100-SXM4-80GB,nvidia-gpu-operator,nvidia-dcgm-exporter-xq25l,openshift-monitoring/k8s,nvidia-dcgm-exporter,0.0,caikit-runtime,fmaas-tuning,devstage-cais-bcbf7c8fb-pxhmp
2024-05-21 17:03:13.667999983,NVIDIA,6.16,G506.0210.00.03,2.0,1652523002864,92.00.45.00.05,535.104.05,12.535.104.05,fmaas-devstage-backen-9cjgj-worker-a100-il-rdma-3-jx6tm,GPU-bd65bd70-5a12-7002-a705-315758f75144,DCGM_FI_DEV_DEC_UTIL,nvidia-dcgm-exporter,nvidia7,gpu-metrics,7,192.241.129.18:9400,nvidia-dcgm-exporter,NVIDIA A100-SXM4-80GB,nvidia-gpu-operator,nvidia-dcgm-exporter-xq25l,openshift-monitoring/k8s,nvidia-dcgm-exporter,0.0,caikit-runtime,fmaas-tuning,devstage-cais-bcbf7c8fb-pxhmp
2024-05-21 17:03:43.667999983,NVIDIA,6.16,G506.0210.00.03,2.0,1652523002864,92.00.45.00.05,535.104.05,12.535.104.05,fmaas-devstage-backen-9cjgj-worker-a100-il-rdma-3-jx6tm,GPU-bd65bd70-5a12-7002-a705-315758f75144,DCGM_FI_DEV_DEC_UTIL,nvidia-dcgm-exporter,nvidia7,gpu-metrics,7,192.241.129.18:9400,nvidia-dcgm-exporter,NVIDIA A100-SXM4-80GB,nvidia-gpu-operator,nvidia-dcgm-exporter-xq25l,openshift-monitoring/k8s,nvidia-dcgm-exporter,0.0,caikit-runtime,fmaas-tuning,devstage-cais-bcbf7c8fb-pxhmp
2024-05-21 17:04:13.667999983,NVIDIA,6.16,G506.0210.00.03,2.0,1652523002864,92.00.45.00.05,535.104.05,12.535.104.05,fmaas-devstage-backen-9cjgj-worker-a100-il-rdma-3-jx6tm,GPU-bd65bd70-5a12-7002-a705-315758f75144,DCGM_FI_DEV_DEC_UTIL,nvidia-dcgm-exporter,nvidia7,gpu-metrics,7,192.241.129.18:9400,nvidia-dcgm-exporter,NVIDIA A100-SXM4-80GB,nvidia-gpu-operator,nvidia-dcgm-exporter-xq25l,openshift-monitoring/k8s,nvidia-dcgm-exporter,0.0,caikit-runtime,fmaas-tuning,devstage-cais-bcbf7c8fb-pxhmp
2024-05-21 17:04:43.667999983,NVIDIA,6.16,G506.0210.00.03,2.0,1652523002864,92.00.45.00.05,535.104.05,12.535.104.05,fmaas-devstage-backen-9cjgj-worker-a100-il-rdma-3-jx6tm,GPU-bd65bd70-5a12-7002-a705-315758f75144,DCGM_FI_DEV_DEC_UTIL,nvidia-dcgm-exporter,nvidia7,gpu-metrics,7,192.241.129.18:9400,nvidia-dcgm-exporter,NVIDIA A100-SXM4-80GB,nvidia-gpu-operator,nvidia-dcgm-exporter-xq25l,openshift-monitoring/k8s,nvidia-dcgm-exporter,0.0,caikit-runtime,fmaas-tuning,devstage-cais-bcbf7c8fb-pxhmp
2024-05-21 17:05:13.667999983,NVIDIA,6.16,G506.0210.00.03,2.0,1652523002864,92.00.45.00.05,535.104.05,12.535.104.05,fmaas-devstage-backen-9cjgj-worker-a100-il-rdma-3-jx6tm,GPU-bd65bd70-5a12-7002-a705-315758f75144,DCGM_FI_DEV_DEC_UTIL,nvidia-dcgm-exporter,nvidia7,gpu-metrics,7,192.241.129.18:9400,nvidia-dcgm-exporter,NVIDIA A100-SXM4-80GB,nvidia-gpu-operator,nvidia-dcgm-exporter-xq25l,openshift-monitoring/k8s,nvidia-dcgm-exporter,0.0,caikit-runtime,fmaas-tuning,devstage-cais-bcbf7c8fb-pxhmp
2024-05-21 17:05:43.667999983,NVIDIA,6.16,G506.0210.00.03,2.0,1652523002864,92.00.45.00.05,535.104.05,12.535.104.05,fmaas-devstage-backen-9cjgj-worker-a100-il-rdma-3-jx6tm,GPU-bd65bd70-5a12-7002-a705-315758f75144,DCGM_FI_DEV_DEC_UTIL,nvidia-dcgm-exporter,nvidia7,gpu-metrics,7,192.241.129.18:9400,nvidia-dcgm-exporter,NVIDIA A100-SXM4-80GB,nvidia-gpu-operator,nvidia-dcgm-exporter-xq25l,openshift-monitoring/k8s,nvidia-dcgm-exporter,0.0,caikit-runtime,fmaas-tuning,devstage-cais-bcbf7c8fb-pxhmp
2024-05-21 16:56:00.772000074,NVIDIA,6.16,G506.0210.00.03,2.0,1652523003950,92.00.45.00.05,535.104.05,12.535.104.05,fmaas-devstage-backen-9cjgj-worker-a100-il-rdma-3-jx6tm,GPU-ed198df6-90a8-c0bf-17bb-f1171d39c5dd,DCGM_FI_DEV_DEC_UTIL,nvidia-dcgm-exporter,nvidia1,gpu-metrics,1,192.241.129.18:9400,nvidia-dcgm-exporter,NVIDIA A100-SXM4-80GB,nvidia-gpu-operator,nvidia-dcgm-exporter-xq25l,openshift-monitoring/k8s,nvidia-dcgm-exporter,0.0,,,
2024-05-21 16:56:13.667999983,NVIDIA,6.16,G506.0210.00.03,2.0,1652523003950,92.00.45.00.05,535.104.05,12.535.104.05,fmaas-devstage-backen-9cjgj-worker-a100-il-rdma-3-jx6tm,GPU-ed198df6-90a8-c0bf-17bb-f1171d39c5dd,DCGM_FI_DEV_DEC_UTIL,nvidia-dcgm-exporter,nvidia1,gpu-metrics,1,192.241.129.18:9400,nvidia-dcgm-exporter,NVIDIA A100-SXM4-80GB,nvidia-gpu-operator,nvidia-dcgm-exporter-xq25l,openshift-monitoring/k8s,nvidia-dcgm-exporter,0.0,,,
2024-05-21 16:56:43.667999983,NVIDIA,6.16,G506.0210.00.03,2.0,1652523003950,92.00.45.00.05,535.104.05,12.535.104.05,fmaas-devstage-backen-9cjgj-worker-a100-il-rdma-3-jx6tm,GPU-ed198df6-90a8-c0bf-17bb-f1171d39c5dd,DCGM_FI_DEV_DEC_UTIL,nvidia-dcgm-exporter,nvidia1,gpu-metrics,1,192.241.129.18:9400,nvidia-dcgm-exporter,NVIDIA A100-SXM4-80GB,nvidia-gpu-operator,nvidia-dcgm-exporter-xq25l,openshift-monitoring/k8s,nvidia-dcgm-exporter,0.0,,,
2024-05-21 16:57:13.667999983,NVIDIA,6.16,G506.0210.00.03,2.0,1652523003950,92.00.45.00.05,535.104.05,12.535.104.05,fmaas-devstage-backen-9cjgj-worker-a100-il-rdma-3-jx6tm,GPU-ed198df6-90a8-c0bf-17bb-f1171d39c5dd,DCGM_FI_DEV_DEC_UTIL,nvidia-dcgm-exporter,nvidia1,gpu-metrics,1,192.241.129.18:9400,nvidia-dcgm-exporter,NVIDIA A100-SXM4-80GB,nvidia-gpu-operator,nvidia-dcgm-exporter-xq25l,openshift-monitoring/k8s,nvidia-dcgm-exporter,0.0,,,
2024-05-21 16:57:43.667999983,NVIDIA,6.16,G506.0210.00.03,2.0,1652523003950,92.00.45.00.05,535.104.05,12.535.104.05,fmaas-devstage-backen-9cjgj-worker-a100-il-rdma-3-jx6tm,GPU-ed198df6-90a8-c0bf-17bb-f1171d39c5dd,DCGM_FI_DEV_DEC_UTIL,nvidia-dcgm-exporter,nvidia1,gpu-metrics,1,192.241.129.18:9400,nvidia-dcgm-exporter,NVIDIA A100-SXM4-80GB,nvidia-gpu-operator,nvidia-dcgm-exporter-xq25l,openshift-monitoring/k8s,nvidia-dcgm-exporter,0.0,,,
2024-05-21 16:58:13.667999983,NVIDIA,6.16,G506.0210.00.03,2.0,1652523003950,92.00.45.00.05,535.104.05,12.535.104.05,fmaas-devstage-backen-9cjgj-worker-a100-il-rdma-3-jx6tm,GPU-ed198df6-90a8-c0bf-17bb-f1171d39c5dd,DCGM_FI_DEV_DEC_UTIL,nvidia-dcgm-exporter,nvidia1,gpu-metrics,1,192.241.129.18:9400,nvidia-dcgm-exporter,NVIDIA A100-SXM4-80GB,nvidia-gpu-operator,nvidia-dcgm-exporter-xq25l,openshift-monitoring/k8s,nvidia-dcgm-exporter,0.0,,,
2024-05-21 16:58:43.667999983,NVIDIA,6.16,G506.0210.00.03,2.0,1652523003950,92.00.45.00.05,535.104.05,12.535.104.05,fmaas-devstage-backen-9cjgj-worker-a100-il-rdma-3-jx6tm,GPU-ed198df6-90a8-c0bf-17bb-f1171d39c5dd,DCGM_FI_DEV_DEC_UTIL,nvidia-dcgm-exporter,nvidia1,gpu-metrics,1,192.241.129.18:9400,nvidia-dcgm-exporter,NVIDIA A100-SXM4-80GB,nvidia-gpu-operator,nvidia-dcgm-exporter-xq25l,openshift-monitoring/k8s,nvidia-dcgm-exporter,0.0,,,
2024-05-21 16:59:13.667999983,NVIDIA,6.16,G506.0210.00.03,2.0,1652523003950,92.00.45.00.05,535.104.05,12.535.104.05,fmaas-devstage-backen-9cjgj-worker-a100-il-rdma-3-jx6tm,GPU-ed198df6-90a8-c0bf-17bb-f1171d39c5dd,DCGM_FI_DEV_DEC_UTIL,nvidia-dcgm-exporter,nvidia1,gpu-metrics,1,192.241.129.18:9400,nvidia-dcgm-exporter,NVIDIA A100-SXM4-80GB,nvidia-gpu-operator,nvidia-dcgm-exporter-xq25l,openshift-monitoring/k8s,nvidia-dcgm-exporter,0.0,,,
2024-05-21 16:59:43.667999983,NVIDIA,6.16,G506.0210.00.03,2.0,1652523003950,92.00.45.00.05,535.104.05,12.535.104.05,fmaas-devstage-backen-9cjgj-worker-a100-il-rdma-3-jx6tm,GPU-ed198df6-90a8-c0bf-17bb-f1171d39c5dd,DCGM_FI_DEV_DEC_UTIL,nvidia-dcgm-exporter,nvidia1,gpu-metrics,1,192.241.129.18:9400,nvidia-dcgm-exporter,NVIDIA A100-SXM4-80GB,nvidia-gpu-operator,nvidia-dcgm-exporter-xq25l,openshift-monitoring/k8s,nvidia-dcgm-exporter,0.0,,,
2024-05-21 17:00:13.667999983,NVIDIA,6.16,G506.0210.00.03,2.0,1652523003950,92.00.45.00.05,535.104.05,12.535.104.05,fmaas-devstage-backen-9cjgj-worker-a100-il-rdma-3-jx6tm,GPU-ed198df6-90a8-c0bf-17bb-f1171d39c5dd,DCGM_FI_DEV_DEC_UTIL,nvidia-dcgm-exporter,nvidia1,gpu-metrics,1,192.241.129.18:9400,nvidia-dcgm-exporter,NVIDIA A100-SXM4-80GB,nvidia-gpu-operator,nvidia-dcgm-exporter-xq25l,openshift-monitoring/k8s,nvidia-dcgm-exporter,0.0,,,
2024-05-21 17:00:43.667999983,NVIDIA,6.16,G506.0210.00.03,2.0,1652523003950,92.00.45.00.05,535.104.05,12.535.104.05,fmaas-devstage-backen-9cjgj-worker-a100-il-rdma-3-jx6tm,GPU-ed198df6-90a8-c0bf-17bb-f1171d39c5dd,DCGM_FI_DEV_DEC_UTIL,nvidia-dcgm-exporter,nvidia1,gpu-metrics,1,192.241.129.18:9400,nvidia-dcgm-exporter,NVIDIA A100-SXM4-80GB,nvidia-gpu-operator,nvidia-dcgm-exporter-xq25l,openshift-monitoring/k8s,nvidia-dcgm-exporter,0.0,,,
2024-05-21 17:01:13.667999983,NVIDIA,6.16,G506.0210.00.03,2.0,1652523003950,92.00.45.00.05,535.104.05,12.535.104.05,fmaas-devstage-backen-9cjgj-worker-a100-il-rdma-3-jx6tm,GPU-ed198df6-90a8-c0bf-17bb-f1171d39c5dd,DCGM_FI_DEV_DEC_UTIL,nvidia-dcgm-exporter,nvidia1,gpu-metrics,1,192.241.129.18:9400,nvidia-dcgm-exporter,NVIDIA A100-SXM4-80GB,nvidia-gpu-operator,nvidia-dcgm-exporter-xq25l,openshift-monitoring/k8s,nvidia-dcgm-exporter,0.0,,,
2024-05-21 17:01:43.667999983,NVIDIA,6.16,G506.0210.00.03,2.0,1652523003950,92.00.45.00.05,535.104.05,12.535.104.05,fmaas-devstage-backen-9cjgj-worker-a100-il-rdma-3-jx6tm,GPU-ed198df6-90a8-c0bf-17bb-f1171d39c5dd,DCGM_FI_DEV_DEC_UTIL,nvidia-dcgm-exporter,nvidia1,gpu-metrics,1,192.241.129.18:9400,nvidia-dcgm-exporter,NVIDIA A100-SXM4-80GB,nvidia-gpu-operator,nvidia-dcgm-exporter-xq25l,openshift-monitoring/k8s,nvidia-dcgm-exporter,0.0,,,
2024-05-21 17:02:13.667999983,NVIDIA,6.16,G506.0210.00.03,2.0,1652523003950,92.00.45.00.05,535.104.05,12.535.104.05,fmaas-devstage-backen-9cjgj-worker-a100-il-rdma-3-jx6tm,GPU-ed198df6-90a8-c0bf-17bb-f1171d39c5dd,DCGM_FI_DEV_DEC_UTIL,nvidia-dcgm-exporter,nvidia1,gpu-metrics,1,192.241.129.18:9400,nvidia-dcgm-exporter,NVIDIA A100-SXM4-80GB,nvidia-gpu-operator,nvidia-dcgm-exporter-xq25l,openshift-monitoring/k8s,nvidia-dcgm-exporter,0.0,,,
2024-05-21 17:02:43.667999983,NVIDIA,6.16,G506.0210.00.03,2.0,1652523003950,92.00.45.00.05,535.104.05,12.535.104.05,fmaas-devstage-backen-9cjgj-worker-a100-il-rdma-3-jx6tm,GPU-ed198df6-90a8-c0bf-17bb-f1171d39c5dd,DCGM_FI_DEV_DEC_UTIL,nvidia-dcgm-exporter,nvidia1,gpu-metrics,1,192.241.129.18:9400,nvidia-dcgm-exporter,NVIDIA A100-SXM4-80GB,nvidia-gpu-operator,nvidia-dcgm-exporter-xq25l,openshift-monitoring/k8s,nvidia-dcgm-exporter,0.0,,,
2024-05-21 17:03:13.667999983,NVIDIA,6.16,G506.0210.00.03,2.0,1652523003950,92.00.45.00.05,535.104.05,12.535.104.05,fmaas-devstage-backen-9cjgj-worker-a100-il-rdma-3-jx6tm,GPU-ed198df6-90a8-c0bf-17bb-f1171d39c5dd,DCGM_FI_DEV_DEC_UTIL,nvidia-dcgm-exporter,nvidia1,gpu-metrics,1,192.241.129.18:9400,nvidia-dcgm-exporter,NVIDIA A100-SXM4-80GB,nvidia-gpu-operator,nvidia-dcgm-exporter-xq25l,openshift-monitoring/k8s,nvidia-dcgm-exporter,0.0,,,
2024-05-21 17:03:43.667999983,NVIDIA,6.16,G506.0210.00.03,2.0,1652523003950,92.00.45.00.05,535.104.05,12.535.104.05,fmaas-devstage-backen-9cjgj-worker-a100-il-rdma-3-jx6tm,GPU-ed198df6-90a8-c0bf-17bb-f1171d39c5dd,DCGM_FI_DEV_DEC_UTIL,nvidia-dcgm-exporter,nvidia1,gpu-metrics,1,192.241.129.18:9400,nvidia-dcgm-exporter,NVIDIA A100-SXM4-80GB,nvidia-gpu-operator,nvidia-dcgm-exporter-xq25l,openshift-monitoring/k8s,nvidia-dcgm-exporter,0.0,,,
2024-05-21 17:04:13.667999983,NVIDIA,6.16,G506.0210.00.03,2.0,1652523003950,92.00.45.00.05,535.104.05,12.535.104.05,fmaas-devstage-backen-9cjgj-worker-a100-il-rdma-3-jx6tm,GPU-ed198df6-90a8-c0bf-17bb-f1171d39c5dd,DCGM_FI_DEV_DEC_UTIL,nvidia-dcgm-exporter,nvidia1,gpu-metrics,1,192.241.129.18:9400,nvidia-dcgm-exporter,NVIDIA A100-SXM4-80GB,nvidia-gpu-operator,nvidia-dcgm-exporter-xq25l,openshift-monitoring/k8s,nvidia-dcgm-exporter,0.0,,,
2024-05-21 17:04:43.667999983,NVIDIA,6.16,G506.0210.00.03,2.0,1652523003950,92.00.45.00.05,535.104.05,12.535.104.05,fmaas-devstage-backen-9cjgj-worker-a100-il-rdma-3-jx6tm,GPU-ed198df6-90a8-c0bf-17bb-f1171d39c5dd,DCGM_FI_DEV_DEC_UTIL,nvidia-dcgm-exporter,nvidia1,gpu-metrics,1,192.241.129.18:9400,nvidia-dcgm-exporter,NVIDIA A100-SXM4-80GB,nvidia-gpu-operator,nvidia-dcgm-exporter-xq25l,openshift-monitoring/k8s,nvidia-dcgm-exporter,0.0,,,
2024-05-21 17:05:13.667999983,NVIDIA,6.16,G506.0210.00.03,2.0,1652523003950,92.00.45.00.05,535.104.05,12.535.104.05,fmaas-devstage-backen-9cjgj-worker-a100-il-rdma-3-jx6tm,GPU-ed198df6-90a8-c0bf-17bb-f1171d39c5dd,DCGM_FI_DEV_DEC_UTIL,nvidia-dcgm-exporter,nvidia1,gpu-metrics,1,192.241.129.18:9400,nvidia-dcgm-exporter,NVIDIA A100-SXM4-80GB,nvidia-gpu-operator,nvidia-dcgm-exporter-xq25l,openshift-monitoring/k8s,nvidia-dcgm-exporter,0.0,,,
2024-05-21 17:05:43.667999983,NVIDIA,6.16,G506.0210.00.03,2.0,1652523003950,92.00.45.00.05,535.104.05,12.535.104.05,fmaas-devstage-backen-9cjgj-worker-a100-il-rdma-3-jx6tm,GPU-ed198df6-90a8-c0bf-17bb-f1171d39c5dd,DCGM_FI_DEV_DEC_UTIL,nvidia-dcgm-exporter,nvidia1,gpu-metrics,1,192.241.129.18:9400,nvidia-dcgm-exporter,NVIDIA A100-SXM4-80GB,nvidia-gpu-operator,nvidia-dcgm-exporter-xq25l,openshift-monitoring/k8s,nvidia-dcgm-exporter,0.0,,,
2024-05-21 16:56:00.772000074,NVIDIA,6.16,G506.0210.00.03,2.0,1652523003996,92.00.45.00.05,535.104.05,12.535.104.05,fmaas-devstage-backen-9cjgj-worker-a100-il-rdma-3-jx6tm,GPU-f94e20f3-b883-1dc9-1c93-9769594edc6a,DCGM_FI_DEV_DEC_UTIL,nvidia-dcgm-exporter,nvidia2,gpu-metrics,2,192.241.129.18:9400,nvidia-dcgm-exporter,NVIDIA A100-SXM4-80GB,nvidia-gpu-operator,nvidia-dcgm-exporter-xq25l,openshift-monitoring/k8s,nvidia-dcgm-exporter,0.0,base,fmaas-monitoring,llama3
2024-05-21 16:56:13.667999983,NVIDIA,6.16,G506.0210.00.03,2.0,1652523003996,92.00.45.00.05,535.104.05,12.535.104.05,fmaas-devstage-backen-9cjgj-worker-a100-il-rdma-3-jx6tm,GPU-f94e20f3-b883-1dc9-1c93-9769594edc6a,DCGM_FI_DEV_DEC_UTIL,nvidia-dcgm-exporter,nvidia2,gpu-metrics,2,192.241.129.18:9400,nvidia-dcgm-exporter,NVIDIA A100-SXM4-80GB,nvidia-gpu-operator,nvidia-dcgm-exporter-xq25l,openshift-monitoring/k8s,nvidia-dcgm-exporter,0.0,base,fmaas-monitoring,llama3
2024-05-21 16:56:43.667999983,NVIDIA,6.16,G506.0210.00.03,2.0,1652523003996,92.00.45.00.05,535.104.05,12.535.104.05,fmaas-devstage-backen-9cjgj-worker-a100-il-rdma-3-jx6tm,GPU-f94e20f3-b883-1dc9-1c93-9769594edc6a,DCGM_FI_DEV_DEC_UTIL,nvidia-dcgm-exporter,nvidia2,gpu-metrics,2,192.241.129.18:9400,nvidia-dcgm-exporter,NVIDIA A100-SXM4-80GB,nvidia-gpu-operator,nvidia-dcgm-exporter-xq25l,openshift-monitoring/k8s,nvidia-dcgm-exporter,0.0,base,fmaas-monitoring,llama3
2024-05-21 16:57:13.667999983,NVIDIA,6.16,G506.0210.00.03,2.0,1652523003996,92.00.45.00.05,535.104.05,12.535.104.05,fmaas-devstage-backen-9cjgj-worker-a100-il-rdma-3-jx6tm,GPU-f94e20f3-b883-1dc9-1c93-9769594edc6a,DCGM_FI_DEV_DEC_UTIL,nvidia-dcgm-exporter,nvidia2,gpu-metrics,2,192.241.129.18:9400,nvidia-dcgm-exporter,NVIDIA A100-SXM4-80GB,nvidia-gpu-operator,nvidia-dcgm-exporter-xq25l,openshift-monitoring/k8s,nvidia-dcgm-exporter,0.0,base,fmaas-monitoring,llama3
2024-05-21 16:57:43.667999983,NVIDIA,6.16,G506.0210.00.03,2.0,1652523003996,92.00.45.00.05,535.104.05,12.535.104.05,fmaas-devstage-backen-9cjgj-worker-a100-il-rdma-3-jx6tm,GPU-f94e20f3-b883-1dc9-1c93-9769594edc6a,DCGM_FI_DEV_DEC_UTIL,nvidia-dcgm-exporter,nvidia2,gpu-metrics,2,192.241.129.18:9400,nvidia-dcgm-exporter,NVIDIA A100-SXM4-80GB,nvidia-gpu-operator,nvidia-dcgm-exporter-xq25l,openshift-monitoring/k8s,nvidia-dcgm-exporter,0.0,base,fmaas-monitoring,llama3
2024-05-21 16:58:13.667999983,NVIDIA,6.16,G506.0210.00.03,2.0,1652523003996,92.00.45.00.05,535.104.05,12.535.104.05,fmaas-devstage-backen-9cjgj-worker-a100-il-rdma-3-jx6tm,GPU-f94e20f3-b883-1dc9-1c93-9769594edc6a,DCGM_FI_DEV_DEC_UTIL,nvidia-dcgm-exporter,nvidia2,gpu-metrics,2,192.241.129.18:9400,nvidia-dcgm-exporter,NVIDIA A100-SXM4-80GB,nvidia-gpu-operator,nvidia-dcgm-exporter-xq25l,openshift-monitoring/k8s,nvidia-dcgm-exporter,0.0,base,fmaas-monitoring,llama3
2024-05-21 16:58:43.667999983,NVIDIA,6.16,G506.0210.00.03,2.0,1652523003996,92.00.45.00.05,535.104.05,12.535.104.05,fmaas-devstage-backen-9cjgj-worker-a100-il-rdma-3-jx6tm,GPU-f94e20f3-b883-1dc9-1c93-9769594edc6a,DCGM_FI_DEV_DEC_UTIL,nvidia-dcgm-exporter,nvidia2,gpu-metrics,2,192.241.129.18:9400,nvidia-dcgm-exporter,NVIDIA A100-SXM4-80GB,nvidia-gpu-operator,nvidia-dcgm-exporter-xq25l,openshift-monitoring/k8s,nvidia-dcgm-exporter,0.0,base,fmaas-monitoring,llama3
2024-05-21 16:59:13.667999983,NVIDIA,6.16,G506.0210.00.03,2.0,1652523003996,92.00.45.00.05,535.104.05,12.535.104.05,fmaas-devstage-backen-9cjgj-worker-a100-il-rdma-3-jx6tm,GPU-f94e20f3-b883-1dc9-1c93-9769594edc6a,DCGM_FI_DEV_DEC_UTIL,nvidia-dcgm-exporter,nvidia2,gpu-metrics,2,192.241.129.18:9400,nvidia-dcgm-exporter,NVIDIA A100-SXM4-80GB,nvidia-gpu-operator,nvidia-dcgm-exporter-xq25l,openshift-monitoring/k8s,nvidia-dcgm-exporter,0.0,base,fmaas-monitoring,llama3
2024-05-21 16:59:43.667999983,NVIDIA,6.16,G506.0210.00.03,2.0,1652523003996,92.00.45.00.05,535.104.05,12.535.104.05,fmaas-devstage-backen-9cjgj-worker-a100-il-rdma-3-jx6tm,GPU-f94e20f3-b883-1dc9-1c93-9769594edc6a,DCGM_FI_DEV_DEC_UTIL,nvidia-dcgm-exporter,nvidia2,gpu-metrics,2,192.241.129.18:9400,nvidia-dcgm-exporter,NVIDIA A100-SXM4-80GB,nvidia-gpu-operator,nvidia-dcgm-exporter-xq25l,openshift-monitoring/k8s,nvidia-dcgm-exporter,0.0,base,fmaas-monitoring,llama3
2024-05-21 17:00:13.667999983,NVIDIA,6.16,G506.0210.00.03,2.0,1652523003996,92.00.45.00.05,535.104.05,12.535.104.05,fmaas-devstage-backen-9cjgj-worker-a100-il-rdma-3-jx6tm,GPU-f94e20f3-b883-1dc9-1c93-9769594edc6a,DCGM_FI_DEV_DEC_UTIL,nvidia-dcgm-exporter,nvidia2,gpu-metrics,2,192.241.129.18:9400,nvidia-dcgm-exporter,NVIDIA A100-SXM4-80GB,nvidia-gpu-operator,nvidia-dcgm-exporter-xq25l,openshift-monitoring/k8s,nvidia-dcgm-exporter,0.0,base,fmaas-monitoring,llama3
2024-05-21 17:00:43.667999983,NVIDIA,6.16,G506.0210.00.03,2.0,1652523003996,92.00.45.00.05,535.104.05,12.535.104.05,fmaas-devstage-backen-9cjgj-worker-a100-il-rdma-3-jx6tm,GPU-f94e20f3-b883-1dc9-1c93-9769594edc6a,DCGM_FI_DEV_DEC_UTIL,nvidia-dcgm-exporter,nvidia2,gpu-metrics,2,192.241.129.18:9400,nvidia-dcgm-exporter,NVIDIA A100-SXM4-80GB,nvidia-gpu-operator,nvidia-dcgm-exporter-xq25l,openshift-monitoring/k8s,nvidia-dcgm-exporter,0.0,base,fmaas-monitoring,llama3
2024-05-21 17:01:13.667999983,NVIDIA,6.16,G506.0210.00.03,2.0,1652523003996,92.00.45.00.05,535.104.05,12.535.104.05,fmaas-devstage-backen-9cjgj-worker-a100-il-rdma-3-jx6tm,GPU-f94e20f3-b883-1dc9-1c93-9769594edc6a,DCGM_FI_DEV_DEC_UTIL,nvidia-dcgm-exporter,nvidia2,gpu-metrics,2,192.241.129.18:9400,nvidia-dcgm-exporter,NVIDIA A100-SXM4-80GB,nvidia-gpu-operator,nvidia-dcgm-exporter-xq25l,openshift-monitoring/k8s,nvidia-dcgm-exporter,0.0,base,fmaas-monitoring,llama3
2024-05-21 17:01:43.667999983,NVIDIA,6.16,G506.0210.00.03,2.0,1652523003996,92.00.45.00.05,535.104.05,12.535.104.05,fmaas-devstage-backen-9cjgj-worker-a100-il-rdma-3-jx6tm,GPU-f94e20f3-b883-1dc9-1c93-9769594edc6a,DCGM_FI_DEV_DEC_UTIL,nvidia-dcgm-exporter,nvidia2,gpu-metrics,2,192.241.129.18:9400,nvidia-dcgm-exporter,NVIDIA A100-SXM4-80GB,nvidia-gpu-operator,nvidia-dcgm-exporter-xq25l,openshift-monitoring/k8s,nvidia-dcgm-exporter,0.0,base,fmaas-monitoring,llama3
2024-05-21 17:02:13.667999983,NVIDIA,6.16,G506.0210.00.03,2.0,1652523003996,92.00.45.00.05,535.104.05,12.535.104.05,fmaas-devstage-backen-9cjgj-worker-a100-il-rdma-3-jx6tm,GPU-f94e20f3-b883-1dc9-1c93-9769594edc6a,DCGM_FI_DEV_DEC_UTIL,nvidia-dcgm-exporter,nvidia2,gpu-metrics,2,192.241.129.18:9400,nvidia-dcgm-exporter,NVIDIA A100-SXM4-80GB,nvidia-gpu-operator,nvidia-dcgm-exporter-xq25l,openshift-monitoring/k8s,nvidia-dcgm-exporter,0.0,base,fmaas-monitoring,llama3
2024-05-21 17:02:43.667999983,NVIDIA,6.16,G506.0210.00.03,2.0,1652523003996,92.00.45.00.05,535.104.05,12.535.104.05,fmaas-devstage-backen-9cjgj-worker-a100-il-rdma-3-jx6tm,GPU-f94e20f3-b883-1dc9-1c93-9769594edc6a,DCGM_FI_DEV_DEC_UTIL,nvidia-dcgm-exporter,nvidia2,gpu-metrics,2,192.241.129.18:9400,nvidia-dcgm-exporter,NVIDIA A100-SXM4-80GB,nvidia-gpu-operator,nvidia-dcgm-exporter-xq25l,openshift-monitoring/k8s,nvidia-dcgm-exporter,0.0,base,fmaas-monitoring,llama3
2024-05-21 17:03:13.667999983,NVIDIA,6.16,G506.0210.00.03,2.0,1652523003996,92.00.45.00.05,535.104.05,12.535.104.05,fmaas-devstage-backen-9cjgj-worker-a100-il-rdma-3-jx6tm,GPU-f94e20f3-b883-1dc9-1c93-9769594edc6a,DCGM_FI_DEV_DEC_UTIL,nvidia-dcgm-exporter,nvidia2,gpu-metrics,2,192.241.129.18:9400,nvidia-dcgm-exporter,NVIDIA A100-SXM4-80GB,nvidia-gpu-operator,nvidia-dcgm-exporter-xq25l,openshift-monitoring/k8s,nvidia-dcgm-exporter,0.0,base,fmaas-monitoring,llama3
2024-05-21 17:03:43.667999983,NVIDIA,6.16,G506.0210.00.03,2.0,1652523003996,92.00.45.00.05,535.104.05,12.535.104.05,fmaas-devstage-backen-9cjgj-worker-a100-il-rdma-3-jx6tm,GPU-f94e20f3-b883-1dc9-1c93-9769594edc6a,DCGM_FI_DEV_DEC_UTIL,nvidia-dcgm-exporter,nvidia2,gpu-metrics,2,192.241.129.18:9400,nvidia-dcgm-exporter,NVIDIA A100-SXM4-80GB,nvidia-gpu-operator,nvidia-dcgm-exporter-xq25l,openshift-monitoring/k8s,nvidia-dcgm-exporter,0.0,base,fmaas-monitoring,llama3
2024-05-21 17:04:13.667999983,NVIDIA,6.16,G506.0210.00.03,2.0,1652523003996,92.00.45.00.05,535.104.05,12.535.104.05,fmaas-devstage-backen-9cjgj-worker-a100-il-rdma-3-jx6tm,GPU-f94e20f3-b883-1dc9-1c93-9769594edc6a,DCGM_FI_DEV_DEC_UTIL,nvidia-dcgm-exporter,nvidia2,gpu-metrics,2,192.241.129.18:9400,nvidia-dcgm-exporter,NVIDIA A100-SXM4-80GB,nvidia-gpu-operator,nvidia-dcgm-exporter-xq25l,openshift-monitoring/k8s,nvidia-dcgm-exporter,0.0,base,fmaas-monitoring,llama3
2024-05-21 17:04:43.667999983,NVIDIA,6.16,G506.0210.00.03,2.0,1652523003996,92.00.45.00.05,535.104.05,12.535.104.05,fmaas-devstage-backen-9cjgj-worker-a100-il-rdma-3-jx6tm,GPU-f94e20f3-b883-1dc9-1c93-9769594edc6a,DCGM_FI_DEV_DEC_UTIL,nvidia-dcgm-exporter,nvidia2,gpu-metrics,2,192.241.129.18:9400,nvidia-dcgm-exporter,NVIDIA A100-SXM4-80GB,nvidia-gpu-operator,nvidia-dcgm-exporter-xq25l,openshift-monitoring/k8s,nvidia-dcgm-exporter,0.0,base,fmaas-monitoring,llama3
2024-05-21 17:05:13.667999983,NVIDIA,6.16,G506.0210.00.03,2.0,1652523003996,92.00.45.00.05,535.104.05,12.535.104.05,fmaas-devstage-backen-9cjgj-worker-a100-il-rdma-3-jx6tm,GPU-f94e20f3-b883-1dc9-1c93-9769594edc6a,DCGM_FI_DEV_DEC_UTIL,nvidia-dcgm-exporter,nvidia2,gpu-metrics,2,192.241.129.18:9400,nvidia-dcgm-exporter,NVIDIA A100-SXM4-80GB,nvidia-gpu-operator,nvidia-dcgm-exporter-xq25l,openshift-monitoring/k8s,nvidia-dcgm-exporter,0.0,base,fmaas-monitoring,llama3
2024-05-21 17:05:43.667999983,NVIDIA,6.16,G506.0210.00.03,2.0,1652523003996,92.00.45.00.05,535.104.05,12.535.104.05,fmaas-devstage-backen-9cjgj-worker-a100-il-rdma-3-jx6tm,GPU-f94e20f3-b883-1dc9-1c93-9769594edc6a,DCGM_FI_DEV_DEC_UTIL,nvidia-dcgm-exporter,nvidia2,gpu-metrics,2,192.241.129.18:9400,nvidia-dcgm-exporter,NVIDIA A100-SXM4-80GB,nvidia-gpu-operator,nvidia-dcgm-exporter-xq25l,openshift-monitoring/k8s,nvidia-dcgm-exporter,0.0,base,fmaas-monitoring,llama3
2024-05-21 16:56:00.772000074,NVIDIA,6.16,G506.0210.00.03,2.0,1652523004560,92.00.45.00.05,535.104.05,12.535.104.05,fmaas-devstage-backen-9cjgj-worker-a100-il-rdma-3-jx6tm,GPU-fae4890e-cca3-f53f-3743-ba11e6e50022,DCGM_FI_DEV_DEC_UTIL,nvidia-dcgm-exporter,nvidia3,gpu-metrics,3,192.241.129.18:9400,nvidia-dcgm-exporter,NVIDIA A100-SXM4-80GB,nvidia-gpu-operator,nvidia-dcgm-exporter-xq25l,openshift-monitoring/k8s,nvidia-dcgm-exporter,0.0,,,
2024-05-21 16:56:13.667999983,NVIDIA,6.16,G506.0210.00.03,2.0,1652523004560,92.00.45.00.05,535.104.05,12.535.104.05,fmaas-devstage-backen-9cjgj-worker-a100-il-rdma-3-jx6tm,GPU-fae4890e-cca3-f53f-3743-ba11e6e50022,DCGM_FI_DEV_DEC_UTIL,nvidia-dcgm-exporter,nvidia3,gpu-metrics,3,192.241.129.18:9400,nvidia-dcgm-exporter,NVIDIA A100-SXM4-80GB,nvidia-gpu-operator,nvidia-dcgm-exporter-xq25l,openshift-monitoring/k8s,nvidia-dcgm-exporter,0.0,,,
2024-05-21 16:56:43.667999983,NVIDIA,6.16,G506.0210.00.03,2.0,1652523004560,92.00.45.00.05,535.104.05,12.535.104.05,fmaas-devstage-backen-9cjgj-worker-a100-il-rdma-3-jx6tm,GPU-fae4890e-cca3-f53f-3743-ba11e6e50022,DCGM_FI_DEV_DEC_UTIL,nvidia-dcgm-exporter,nvidia3,gpu-metrics,3,192.241.129.18:9400,nvidia-dcgm-exporter,NVIDIA A100-SXM4-80GB,nvidia-gpu-operator,nvidia-dcgm-exporter-xq25l,openshift-monitoring/k8s,nvidia-dcgm-exporter,0.0,,,
2024-05-21 16:57:13.667999983,NVIDIA,6.16,G506.0210.00.03,2.0,1652523004560,92.00.45.00.05,535.104.05,12.535.104.05,fmaas-devstage-backen-9cjgj-worker-a100-il-rdma-3-jx6tm,GPU-fae4890e-cca3-f53f-3743-ba11e6e50022,DCGM_FI_DEV_DEC_UTIL,nvidia-dcgm-exporter,nvidia3,gpu-metrics,3,192.241.129.18:9400,nvidia-dcgm-exporter,NVIDIA A100-SXM4-80GB,nvidia-gpu-operator,nvidia-dcgm-exporter-xq25l,openshift-monitoring/k8s,nvidia-dcgm-exporter,0.0,,,
2024-05-21 16:57:43.667999983,NVIDIA,6.16,G506.0210.00.03,2.0,1652523004560,92.00.45.00.05,535.104.05,12.535.104.05,fmaas-devstage-backen-9cjgj-worker-a100-il-rdma-3-jx6tm,GPU-fae4890e-cca3-f53f-3743-ba11e6e50022,DCGM_FI_DEV_DEC_UTIL,nvidia-dcgm-exporter,nvidia3,gpu-metrics,3,192.241.129.18:9400,nvidia-dcgm-exporter,NVIDIA A100-SXM4-80GB,nvidia-gpu-operator,nvidia-dcgm-exporter-xq25l,openshift-monitoring/k8s,nvidia-dcgm-exporter,0.0,,,
2024-05-21 16:58:13.667999983,NVIDIA,6.16,G506.0210.00.03,2.0,1652523004560,92.00.45.00.05,535.104.05,12.535.104.05,fmaas-devstage-backen-9cjgj-worker-a100-il-rdma-3-jx6tm,GPU-fae4890e-cca3-f53f-3743-ba11e6e50022,DCGM_FI_DEV_DEC_UTIL,nvidia-dcgm-exporter,nvidia3,gpu-metrics,3,192.241.129.18:9400,nvidia-dcgm-exporter,NVIDIA A100-SXM4-80GB,nvidia-gpu-operator,nvidia-dcgm-exporter-xq25l,openshift-monitoring/k8s,nvidia-dcgm-exporter,0.0,,,
2024-05-21 16:58:43.667999983,NVIDIA,6.16,G506.0210.00.03,2.0,1652523004560,92.00.45.00.05,535.104.05,12.535.104.05,fmaas-devstage-backen-9cjgj-worker-a100-il-rdma-3-jx6tm,GPU-fae4890e-cca3-f53f-3743-ba11e6e50022,DCGM_FI_DEV_DEC_UTIL,nvidia-dcgm-exporter,nvidia3,gpu-metrics,3,192.241.129.18:9400,nvidia-dcgm-exporter,NVIDIA A100-SXM4-80GB,nvidia-gpu-operator,nvidia-dcgm-exporter-xq25l,openshift-monitoring/k8s,nvidia-dcgm-exporter,0.0,,,
2024-05-21 16:59:13.667999983,NVIDIA,6.16,G506.0210.00.03,2.0,1652523004560,92.00.45.00.05,535.104.05,12.535.104.05,fmaas-devstage-backen-9cjgj-worker-a100-il-rdma-3-jx6tm,GPU-fae4890e-cca3-f53f-3743-ba11e6e50022,DCGM_FI_DEV_DEC_UTIL,nvidia-dcgm-exporter,nvidia3,gpu-metrics,3,192.241.129.18:9400,nvidia-dcgm-exporter,NVIDIA A100-SXM4-80GB,nvidia-gpu-operator,nvidia-dcgm-exporter-xq25l,openshift-monitoring/k8s,nvidia-dcgm-exporter,0.0,,,
2024-05-21 16:59:43.667999983,NVIDIA,6.16,G506.0210.00.03,2.0,1652523004560,92.00.45.00.05,535.104.05,12.535.104.05,fmaas-devstage-backen-9cjgj-worker-a100-il-rdma-3-jx6tm,GPU-fae4890e-cca3-f53f-3743-ba11e6e50022,DCGM_FI_DEV_DEC_UTIL,nvidia-dcgm-exporter,nvidia3,gpu-metrics,3,192.241.129.18:9400,nvidia-dcgm-exporter,NVIDIA A100-SXM4-80GB,nvidia-gpu-operator,nvidia-dcgm-exporter-xq25l,openshift-monitoring/k8s,nvidia-dcgm-exporter,0.0,,,
2024-05-21 17:00:13.667999983,NVIDIA,6.16,G506.0210.00.03,2.0,1652523004560,92.00.45.00.05,535.104.05,12.535.104.05,fmaas-devstage-backen-9cjgj-worker-a100-il-rdma-3-jx6tm,GPU-fae4890e-cca3-f53f-3743-ba11e6e50022,DCGM_FI_DEV_DEC_UTIL,nvidia-dcgm-exporter,nvidia3,gpu-metrics,3,192.241.129.18:9400,nvidia-dcgm-exporter,NVIDIA A100-SXM4-80GB,nvidia-gpu-operator,nvidia-dcgm-exporter-xq25l,openshift-monitoring/k8s,nvidia-dcgm-exporter,0.0,,,
2024-05-21 17:00:43.667999983,NVIDIA,6.16,G506.0210.00.03,2.0,1652523004560,92.00.45.00.05,535.104.05,12.535.104.05,fmaas-devstage-backen-9cjgj-worker-a100-il-rdma-3-jx6tm,GPU-fae4890e-cca3-f53f-3743-ba11e6e50022,DCGM_FI_DEV_DEC_UTIL,nvidia-dcgm-exporter,nvidia3,gpu-metrics,3,192.241.129.18:9400,nvidia-dcgm-exporter,NVIDIA A100-SXM4-80GB,nvidia-gpu-operator,nvidia-dcgm-exporter-xq25l,openshift-monitoring/k8s,nvidia-dcgm-exporter,0.0,,,
2024-05-21 17:01:13.667999983,NVIDIA,6.16,G506.0210.00.03,2.0,1652523004560,92.00.45.00.05,535.104.05,12.535.104.05,fmaas-devstage-backen-9cjgj-worker-a100-il-rdma-3-jx6tm,GPU-fae4890e-cca3-f53f-3743-ba11e6e50022,DCGM_FI_DEV_DEC_UTIL,nvidia-dcgm-exporter,nvidia3,gpu-metrics,3,192.241.129.18:9400,nvidia-dcgm-exporter,NVIDIA A100-SXM4-80GB,nvidia-gpu-operator,nvidia-dcgm-exporter-xq25l,openshift-monitoring/k8s,nvidia-dcgm-exporter,0.0,,,
2024-05-21 17:01:43.667999983,NVIDIA,6.16,G506.0210.00.03,2.0,1652523004560,92.00.45.00.05,535.104.05,12.535.104.05,fmaas-devstage-backen-9cjgj-worker-a100-il-rdma-3-jx6tm,GPU-fae4890e-cca3-f53f-3743-ba11e6e50022,DCGM_FI_DEV_DEC_UTIL,nvidia-dcgm-exporter,nvidia3,gpu-metrics,3,192.241.129.18:9400,nvidia-dcgm-exporter,NVIDIA A100-SXM4-80GB,nvidia-gpu-operator,nvidia-dcgm-exporter-xq25l,openshift-monitoring/k8s,nvidia-dcgm-exporter,0.0,,,
2024-05-21 17:02:13.667999983,NVIDIA,6.16,G506.0210.00.03,2.0,1652523004560,92.00.45.00.05,535.104.05,12.535.104.05,fmaas-devstage-backen-9cjgj-worker-a100-il-rdma-3-jx6tm,GPU-fae4890e-cca3-f53f-3743-ba11e6e50022,DCGM_FI_DEV_DEC_UTIL,nvidia-dcgm-exporter,nvidia3,gpu-metrics,3,192.241.129.18:9400,nvidia-dcgm-exporter,NVIDIA A100-SXM4-80GB,nvidia-gpu-operator,nvidia-dcgm-exporter-xq25l,openshift-monitoring/k8s,nvidia-dcgm-exporter,0.0,,,
2024-05-21 17:02:43.667999983,NVIDIA,6.16,G506.0210.00.03,2.0,1652523004560,92.00.45.00.05,535.104.05,12.535.104.05,fmaas-devstage-backen-9cjgj-worker-a100-il-rdma-3-jx6tm,GPU-fae4890e-cca3-f53f-3743-ba11e6e50022,DCGM_FI_DEV_DEC_UTIL,nvidia-dcgm-exporter,nvidia3,gpu-metrics,3,192.241.129.18:9400,nvidia-dcgm-exporter,NVIDIA A100-SXM4-80GB,nvidia-gpu-operator,nvidia-dcgm-exporter-xq25l,openshift-monitoring/k8s,nvidia-dcgm-exporter,0.0,,,
2024-05-21 17:03:13.667999983,NVIDIA,6.16,G506.0210.00.03,2.0,1652523004560,92.00.45.00.05,535.104.05,12.535.104.05,fmaas-devstage-backen-9cjgj-worker-a100-il-rdma-3-jx6tm,GPU-fae4890e-cca3-f53f-3743-ba11e6e50022,DCGM_FI_DEV_DEC_UTIL,nvidia-dcgm-exporter,nvidia3,gpu-metrics,3,192.241.129.18:9400,nvidia-dcgm-exporter,NVIDIA A100-SXM4-80GB,nvidia-gpu-operator,nvidia-dcgm-exporter-xq25l,openshift-monitoring/k8s,nvidia-dcgm-exporter,0.0,,,
2024-05-21 17:03:43.667999983,NVIDIA,6.16,G506.0210.00.03,2.0,1652523004560,92.00.45.00.05,535.104.05,12.535.104.05,fmaas-devstage-backen-9cjgj-worker-a100-il-rdma-3-jx6tm,GPU-fae4890e-cca3-f53f-3743-ba11e6e50022,DCGM_FI_DEV_DEC_UTIL,nvidia-dcgm-exporter,nvidia3,gpu-metrics,3,192.241.129.18:9400,nvidia-dcgm-exporter,NVIDIA A100-SXM4-80GB,nvidia-gpu-operator,nvidia-dcgm-exporter-xq25l,openshift-monitoring/k8s,nvidia-dcgm-exporter,0.0,,,
2024-05-21 17:04:13.667999983,NVIDIA,6.16,G506.0210.00.03,2.0,1652523004560,92.00.45.00.05,535.104.05,12.535.104.05,fmaas-devstage-backen-9cjgj-worker-a100-il-rdma-3-jx6tm,GPU-fae4890e-cca3-f53f-3743-ba11e6e50022,DCGM_FI_DEV_DEC_UTIL,nvidia-dcgm-exporter,nvidia3,gpu-metrics,3,192.241.129.18:9400,nvidia-dcgm-exporter,NVIDIA A100-SXM4-80GB,nvidia-gpu-operator,nvidia-dcgm-exporter-xq25l,openshift-monitoring/k8s,nvidia-dcgm-exporter,0.0,,,
2024-05-21 17:04:43.667999983,NVIDIA,6.16,G506.0210.00.03,2.0,1652523004560,92.00.45.00.05,535.104.05,12.535.104.05,fmaas-devstage-backen-9cjgj-worker-a100-il-rdma-3-jx6tm,GPU-fae4890e-cca3-f53f-3743-ba11e6e50022,DCGM_FI_DEV_DEC_UTIL,nvidia-dcgm-exporter,nvidia3,gpu-metrics,3,192.241.129.18:9400,nvidia-dcgm-exporter,NVIDIA A100-SXM4-80GB,nvidia-gpu-operator,nvidia-dcgm-exporter-xq25l,openshift-monitoring/k8s,nvidia-dcgm-exporter,0.0,,,
2024-05-21 17:05:13.667999983,NVIDIA,6.16,G506.0210.00.03,2.0,1652523004560,92.00.45.00.05,535.104.05,12.535.104.05,fmaas-devstage-backen-9cjgj-worker-a100-il-rdma-3-jx6tm,GPU-fae4890e-cca3-f53f-3743-ba11e6e50022,DCGM_FI_DEV_DEC_UTIL,nvidia-dcgm-exporter,nvidia3,gpu-metrics,3,192.241.129.18:9400,nvidia-dcgm-exporter,NVIDIA A100-SXM4-80GB,nvidia-gpu-operator,nvidia-dcgm-exporter-xq25l,openshift-monitoring/k8s,nvidia-dcgm-exporter,0.0,,,
2024-05-21 17:05:43.667999983,NVIDIA,6.16,G506.0210.00.03,2.0,1652523004560,92.00.45.00.05,535.104.05,12.535.104.05,fmaas-devstage-backen-9cjgj-worker-a100-il-rdma-3-jx6tm,GPU-fae4890e-cca3-f53f-3743-ba11e6e50022,DCGM_FI_DEV_DEC_UTIL,nvidia-dcgm-exporter,nvidia3,gpu-metrics,3,192.241.129.18:9400,nvidia-dcgm-exporter,NVIDIA A100-SXM4-80GB,nvidia-gpu-operator,nvidia-dcgm-exporter-xq25l,openshift-monitoring/k8s,nvidia-dcgm-exporter,0.0,,,
2024-05-21 16:56:00.772000074,NVIDIA,6.16,G506.0210.00.03,2.0,1652523004804,92.00.45.00.05,535.104.05,12.535.104.05,fmaas-devstage-backen-9cjgj-worker-a100-il-rdma-3-jx6tm,GPU-6813d4a5-a19a-6a1f-b0ae-7d70939dc17d,DCGM_FI_DEV_DEC_UTIL,nvidia-dcgm-exporter,nvidia5,gpu-metrics,5,192.241.129.18:9400,nvidia-dcgm-exporter,NVIDIA A100-SXM4-80GB,nvidia-gpu-operator,nvidia-dcgm-exporter-xq25l,openshift-monitoring/k8s,nvidia-dcgm-exporter,0.0,,,
2024-05-21 16:56:13.667999983,NVIDIA,6.16,G506.0210.00.03,2.0,1652523004804,92.00.45.00.05,535.104.05,12.535.104.05,fmaas-devstage-backen-9cjgj-worker-a100-il-rdma-3-jx6tm,GPU-6813d4a5-a19a-6a1f-b0ae-7d70939dc17d,DCGM_FI_DEV_DEC_UTIL,nvidia-dcgm-exporter,nvidia5,gpu-metrics,5,192.241.129.18:9400,nvidia-dcgm-exporter,NVIDIA A100-SXM4-80GB,nvidia-gpu-operator,nvidia-dcgm-exporter-xq25l,openshift-monitoring/k8s,nvidia-dcgm-exporter,0.0,,,
2024-05-21 16:56:43.667999983,NVIDIA,6.16,G506.0210.00.03,2.0,1652523004804,92.00.45.00.05,535.104.05,12.535.104.05,fmaas-devstage-backen-9cjgj-worker-a100-il-rdma-3-jx6tm,GPU-6813d4a5-a19a-6a1f-b0ae-7d70939dc17d,DCGM_FI_DEV_DEC_UTIL,nvidia-dcgm-exporter,nvidia5,gpu-metrics,5,192.241.129.18:9400,nvidia-dcgm-exporter,NVIDIA A100-SXM4-80GB,nvidia-gpu-operator,nvidia-dcgm-exporter-xq25l,openshift-monitoring/k8s,nvidia-dcgm-exporter,0.0,,,
2024-05-21 16:57:13.667999983,NVIDIA,6.16,G506.0210.00.03,2.0,1652523004804,92.00.45.00.05,535.104.05,12.535.104.05,fmaas-devstage-backen-9cjgj-worker-a100-il-rdma-3-jx6tm,GPU-6813d4a5-a19a-6a1f-b0ae-7d70939dc17d,DCGM_FI_DEV_DEC_UTIL,nvidia-dcgm-exporter,nvidia5,gpu-metrics,5,192.241.129.18:9400,nvidia-dcgm-exporter,NVIDIA A100-SXM4-80GB,nvidia-gpu-operator,nvidia-dcgm-exporter-xq25l,openshift-monitoring/k8s,nvidia-dcgm-exporter,0.0,,,
2024-05-21 16:57:43.667999983,NVIDIA,6.16,G506.0210.00.03,2.0,1652523004804,92.00.45.00.05,535.104.05,12.535.104.05,fmaas-devstage-backen-9cjgj-worker-a100-il-rdma-3-jx6tm,GPU-6813d4a5-a19a-6a1f-b0ae-7d70939dc17d,DCGM_FI_DEV_DEC_UTIL,nvidia-dcgm-exporter,nvidia5,gpu-metrics,5,192.241.129.18:9400,nvidia-dcgm-exporter,NVIDIA A100-SXM4-80GB,nvidia-gpu-operator,nvidia-dcgm-exporter-xq25l,openshift-monitoring/k8s,nvidia-dcgm-exporter,0.0,,,
2024-05-21 16:58:13.667999983,NVIDIA,6.16,G506.0210.00.03,2.0,1652523004804,92.00.45.00.05,535.104.05,12.535.104.05,fmaas-devstage-backen-9cjgj-worker-a100-il-rdma-3-jx6tm,GPU-6813d4a5-a19a-6a1f-b0ae-7d70939dc17d,DCGM_FI_DEV_DEC_UTIL,nvidia-dcgm-exporter,nvidia5,gpu-metrics,5,192.241.129.18:9400,nvidia-dcgm-exporter,NVIDIA A100-SXM4-80GB,nvidia-gpu-operator,nvidia-dcgm-exporter-xq25l,openshift-monitoring/k8s,nvidia-dcgm-exporter,0.0,,,
2024-05-21 16:58:43.667999983,NVIDIA,6.16,G506.0210.00.03,2.0,1652523004804,92.00.45.00.05,535.104.05,12.535.104.05,fmaas-devstage-backen-9cjgj-worker-a100-il-rdma-3-jx6tm,GPU-6813d4a5-a19a-6a1f-b0ae-7d70939dc17d,DCGM_FI_DEV_DEC_UTIL,nvidia-dcgm-exporter,nvidia5,gpu-metrics,5,192.241.129.18:9400,nvidia-dcgm-exporter,NVIDIA A100-SXM4-80GB,nvidia-gpu-operator,nvidia-dcgm-exporter-xq25l,openshift-monitoring/k8s,nvidia-dcgm-exporter,0.0,,,
2024-05-21 16:59:13.667999983,NVIDIA,6.16,G506.0210.00.03,2.0,1652523004804,92.00.45.00.05,535.104.05,12.535.104.05,fmaas-devstage-backen-9cjgj-worker-a100-il-rdma-3-jx6tm,GPU-6813d4a5-a19a-6a1f-b0ae-7d70939dc17d,DCGM_FI_DEV_DEC_UTIL,nvidia-dcgm-exporter,nvidia5,gpu-metrics,5,192.241.129.18:9400,nvidia-dcgm-exporter,NVIDIA A100-SXM4-80GB,nvidia-gpu-operator,nvidia-dcgm-exporter-xq25l,openshift-monitoring/k8s,nvidia-dcgm-exporter,0.0,,,
2024-05-21 16:59:43.667999983,NVIDIA,6.16,G506.0210.00.03,2.0,1652523004804,92.00.45.00.05,535.104.05,12.535.104.05,fmaas-devstage-backen-9cjgj-worker-a100-il-rdma-3-jx6tm,GPU-6813d4a5-a19a-6a1f-b0ae-7d70939dc17d,DCGM_FI_DEV_DEC_UTIL,nvidia-dcgm-exporter,nvidia5,gpu-metrics,5,192.241.129.18:9400,nvidia-dcgm-exporter,NVIDIA A100-SXM4-80GB,nvidia-gpu-operator,nvidia-dcgm-exporter-xq25l,openshift-monitoring/k8s,nvidia-dcgm-exporter,0.0,,,
2024-05-21 17:00:13.667999983,NVIDIA,6.16,G506.0210.00.03,2.0,1652523004804,92.00.45.00.05,535.104.05,12.535.104.05,fmaas-devstage-backen-9cjgj-worker-a100-il-rdma-3-jx6tm,GPU-6813d4a5-a19a-6a1f-b0ae-7d70939dc17d,DCGM_FI_DEV_DEC_UTIL,nvidia-dcgm-exporter,nvidia5,gpu-metrics,5,192.241.129.18:9400,nvidia-dcgm-exporter,NVIDIA A100-SXM4-80GB,nvidia-gpu-operator,nvidia-dcgm-exporter-xq25l,openshift-monitoring/k8s,nvidia-dcgm-exporter,0.0,,,
2024-05-21 17:00:43.667999983,NVIDIA,6.16,G506.0210.00.03,2.0,1652523004804,92.00.45.00.05,535.104.05,12.535.104.05,fmaas-devstage-backen-9cjgj-worker-a100-il-rdma-3-jx6tm,GPU-6813d4a5-a19a-6a1f-b0ae-7d70939dc17d,DCGM_FI_DEV_DEC_UTIL,nvidia-dcgm-exporter,nvidia5,gpu-metrics,5,192.241.129.18:9400,nvidia-dcgm-exporter,NVIDIA A100-SXM4-80GB,nvidia-gpu-operator,nvidia-dcgm-exporter-xq25l,openshift-monitoring/k8s,nvidia-dcgm-exporter,0.0,,,
2024-05-21 17:01:13.667999983,NVIDIA,6.16,G506.0210.00.03,2.0,1652523004804,92.00.45.00.05,535.104.05,12.535.104.05,fmaas-devstage-backen-9cjgj-worker-a100-il-rdma-3-jx6tm,GPU-6813d4a5-a19a-6a1f-b0ae-7d70939dc17d,DCGM_FI_DEV_DEC_UTIL,nvidia-dcgm-exporter,nvidia5,gpu-metrics,5,192.241.129.18:9400,nvidia-dcgm-exporter,NVIDIA A100-SXM4-80GB,nvidia-gpu-operator,nvidia-dcgm-exporter-xq25l,openshift-monitoring/k8s,nvidia-dcgm-exporter,0.0,,,
2024-05-21 17:01:43.667999983,NVIDIA,6.16,G506.0210.00.03,2.0,1652523004804,92.00.45.00.05,535.104.05,12.535.104.05,fmaas-devstage-backen-9cjgj-worker-a100-il-rdma-3-jx6tm,GPU-6813d4a5-a19a-6a1f-b0ae-7d70939dc17d,DCGM_FI_DEV_DEC_UTIL,nvidia-dcgm-exporter,nvidia5,gpu-metrics,5,192.241.129.18:9400,nvidia-dcgm-exporter,NVIDIA A100-SXM4-80GB,nvidia-gpu-operator,nvidia-dcgm-exporter-xq25l,openshift-monitoring/k8s,nvidia-dcgm-exporter,0.0,,,
2024-05-21 17:02:13.667999983,NVIDIA,6.16,G506.0210.00.03,2.0,1652523004804,92.00.45.00.05,535.104.05,12.535.104.05,fmaas-devstage-backen-9cjgj-worker-a100-il-rdma-3-jx6tm,GPU-6813d4a5-a19a-6a1f-b0ae-7d70939dc17d,DCGM_FI_DEV_DEC_UTIL,nvidia-dcgm-exporter,nvidia5,gpu-metrics,5,192.241.129.18:9400,nvidia-dcgm-exporter,NVIDIA A100-SXM4-80GB,nvidia-gpu-operator,nvidia-dcgm-exporter-xq25l,openshift-monitoring/k8s,nvidia-dcgm-exporter,0.0,,,
2024-05-21 17:02:43.667999983,NVIDIA,6.16,G506.0210.00.03,2.0,1652523004804,92.00.45.00.05,535.104.05,12.535.104.05,fmaas-devstage-backen-9cjgj-worker-a100-il-rdma-3-jx6tm,GPU-6813d4a5-a19a-6a1f-b0ae-7d70939dc17d,DCGM_FI_DEV_DEC_UTIL,nvidia-dcgm-exporter,nvidia5,gpu-metrics,5,192.241.129.18:9400,nvidia-dcgm-exporter,NVIDIA A100-SXM4-80GB,nvidia-gpu-operator,nvidia-dcgm-exporter-xq25l,openshift-monitoring/k8s,nvidia-dcgm-exporter,0.0,,,
2024-05-21 17:03:13.667999983,NVIDIA,6.16,G506.0210.00.03,2.0,1652523004804,92.00.45.00.05,535.104.05,12.535.104.05,fmaas-devstage-backen-9cjgj-worker-a100-il-rdma-3-jx6tm,GPU-6813d4a5-a19a-6a1f-b0ae-7d70939dc17d,DCGM_FI_DEV_DEC_UTIL,nvidia-dcgm-exporter,nvidia5,gpu-metrics,5,192.241.129.18:9400,nvidia-dcgm-exporter,NVIDIA A100-SXM4-80GB,nvidia-gpu-operator,nvidia-dcgm-exporter-xq25l,openshift-monitoring/k8s,nvidia-dcgm-exporter,0.0,,,
2024-05-21 17:03:43.667999983,NVIDIA,6.16,G506.0210.00.03,2.0,1652523004804,92.00.45.00.05,535.104.05,12.535.104.05,fmaas-devstage-backen-9cjgj-worker-a100-il-rdma-3-jx6tm,GPU-6813d4a5-a19a-6a1f-b0ae-7d70939dc17d,DCGM_FI_DEV_DEC_UTIL,nvidia-dcgm-exporter,nvidia5,gpu-metrics,5,192.241.129.18:9400,nvidia-dcgm-exporter,NVIDIA A100-SXM4-80GB,nvidia-gpu-operator,nvidia-dcgm-exporter-xq25l,openshift-monitoring/k8s,nvidia-dcgm-exporter,0.0,,,
2024-05-21 17:04:13.667999983,NVIDIA,6.16,G506.0210.00.03,2.0,1652523004804,92.00.45.00.05,535.104.05,12.535.104.05,fmaas-devstage-backen-9cjgj-worker-a100-il-rdma-3-jx6tm,GPU-6813d4a5-a19a-6a1f-b0ae-7d70939dc17d,DCGM_FI_DEV_DEC_UTIL,nvidia-dcgm-exporter,nvidia5,gpu-metrics,5,192.241.129.18:9400,nvidia-dcgm-exporter,NVIDIA A100-SXM4-80GB,nvidia-gpu-operator,nvidia-dcgm-exporter-xq25l,openshift-monitoring/k8s,nvidia-dcgm-exporter,0.0,,,
2024-05-21 17:04:43.667999983,NVIDIA,6.16,G506.0210.00.03,2.0,1652523004804,92.00.45.00.05,535.104.05,12.535.104.05,fmaas-devstage-backen-9cjgj-worker-a100-il-rdma-3-jx6tm,GPU-6813d4a5-a19a-6a1f-b0ae-7d70939dc17d,DCGM_FI_DEV_DEC_UTIL,nvidia-dcgm-exporter,nvidia5,gpu-metrics,5,192.241.129.18:9400,nvidia-dcgm-exporter,NVIDIA A100-SXM4-80GB,nvidia-gpu-operator,nvidia-dcgm-exporter-xq25l,openshift-monitoring/k8s,nvidia-dcgm-exporter,0.0,,,
2024-05-21 17:05:13.667999983,NVIDIA,6.16,G506.0210.00.03,2.0,1652523004804,92.00.45.00.05,535.104.05,12.535.104.05,fmaas-devstage-backen-9cjgj-worker-a100-il-rdma-3-jx6tm,GPU-6813d4a5-a19a-6a1f-b0ae-7d70939dc17d,DCGM_FI_DEV_DEC_UTIL,nvidia-dcgm-exporter,nvidia5,gpu-metrics,5,192.241.129.18:9400,nvidia-dcgm-exporter,NVIDIA A100-SXM4-80GB,nvidia-gpu-operator,nvidia-dcgm-exporter-xq25l,openshift-monitoring/k8s,nvidia-dcgm-exporter,0.0,,,
2024-05-21 17:05:43.667999983,NVIDIA,6.16,G506.0210.00.03,2.0,1652523004804,92.00.45.00.05,535.104.05,12.535.104.05,fmaas-devstage-backen-9cjgj-worker-a100-il-rdma-3-jx6tm,GPU-6813d4a5-a19a-6a1f-b0ae-7d70939dc17d,DCGM_FI_DEV_DEC_UTIL,nvidia-dcgm-exporter,nvidia5,gpu-metrics,5,192.241.129.18:9400,nvidia-dcgm-exporter,NVIDIA A100-SXM4-80GB,nvidia-gpu-operator,nvidia-dcgm-exporter-xq25l,openshift-monitoring/k8s,nvidia-dcgm-exporter,0.0,,,
2024-05-21 16:56:00.772000074,NVIDIA,6.16,G506.0210.00.03,2.0,1652523021837,92.00.45.00.05,535.104.05,12.535.104.05,fmaas-devstage-backen-9cjgj-worker-a100-il-rdma-3-jx6tm,GPU-b30541a1-5408-9bb3-d9fa-12665d1e7472,DCGM_FI_DEV_DEC_UTIL,nvidia-dcgm-exporter,nvidia4,gpu-metrics,4,192.241.129.18:9400,nvidia-dcgm-exporter,NVIDIA A100-SXM4-80GB,nvidia-gpu-operator,nvidia-dcgm-exporter-xq25l,openshift-monitoring/k8s,nvidia-dcgm-exporter,0.0,,,
2024-05-21 16:56:13.667999983,NVIDIA,6.16,G506.0210.00.03,2.0,1652523021837,92.00.45.00.05,535.104.05,12.535.104.05,fmaas-devstage-backen-9cjgj-worker-a100-il-rdma-3-jx6tm,GPU-b30541a1-5408-9bb3-d9fa-12665d1e7472,DCGM_FI_DEV_DEC_UTIL,nvidia-dcgm-exporter,nvidia4,gpu-metrics,4,192.241.129.18:9400,nvidia-dcgm-exporter,NVIDIA A100-SXM4-80GB,nvidia-gpu-operator,nvidia-dcgm-exporter-xq25l,openshift-monitoring/k8s,nvidia-dcgm-exporter,0.0,,,
2024-05-21 16:56:43.667999983,NVIDIA,6.16,G506.0210.00.03,2.0,1652523021837,92.00.45.00.05,535.104.05,12.535.104.05,fmaas-devstage-backen-9cjgj-worker-a100-il-rdma-3-jx6tm,GPU-b30541a1-5408-9bb3-d9fa-12665d1e7472,DCGM_FI_DEV_DEC_UTIL,nvidia-dcgm-exporter,nvidia4,gpu-metrics,4,192.241.129.18:9400,nvidia-dcgm-exporter,NVIDIA A100-SXM4-80GB,nvidia-gpu-operator,nvidia-dcgm-exporter-xq25l,openshift-monitoring/k8s,nvidia-dcgm-exporter,0.0,,,
2024-05-21 16:57:13.667999983,NVIDIA,6.16,G506.0210.00.03,2.0,1652523021837,92.00.45.00.05,535.104.05,12.535.104.05,fmaas-devstage-backen-9cjgj-worker-a100-il-rdma-3-jx6tm,GPU-b30541a1-5408-9bb3-d9fa-12665d1e7472,DCGM_FI_DEV_DEC_UTIL,nvidia-dcgm-exporter,nvidia4,gpu-metrics,4,192.241.129.18:9400,nvidia-dcgm-exporter,NVIDIA A100-SXM4-80GB,nvidia-gpu-operator,nvidia-dcgm-exporter-xq25l,openshift-monitoring/k8s,nvidia-dcgm-exporter,0.0,,,
2024-05-21 16:57:43.667999983,NVIDIA,6.16,G506.0210.00.03,2.0,1652523021837,92.00.45.00.05,535.104.05,12.535.104.05,fmaas-devstage-backen-9cjgj-worker-a100-il-rdma-3-jx6tm,GPU-b30541a1-5408-9bb3-d9fa-12665d1e7472,DCGM_FI_DEV_DEC_UTIL,nvidia-dcgm-exporter,nvidia4,gpu-metrics,4,192.241.129.18:9400,nvidia-dcgm-exporter,NVIDIA A100-SXM4-80GB,nvidia-gpu-operator,nvidia-dcgm-exporter-xq25l,openshift-monitoring/k8s,nvidia-dcgm-exporter,0.0,,,
2024-05-21 16:58:13.667999983,NVIDIA,6.16,G506.0210.00.03,2.0,1652523021837,92.00.45.00.05,535.104.05,12.535.104.05,fmaas-devstage-backen-9cjgj-worker-a100-il-rdma-3-jx6tm,GPU-b30541a1-5408-9bb3-d9fa-12665d1e7472,DCGM_FI_DEV_DEC_UTIL,nvidia-dcgm-exporter,nvidia4,gpu-metrics,4,192.241.129.18:9400,nvidia-dcgm-exporter,NVIDIA A100-SXM4-80GB,nvidia-gpu-operator,nvidia-dcgm-exporter-xq25l,openshift-monitoring/k8s,nvidia-dcgm-exporter,0.0,,,
2024-05-21 16:58:43.667999983,NVIDIA,6.16,G506.0210.00.03,2.0,1652523021837,92.00.45.00.05,535.104.05,12.535.104.05,fmaas-devstage-backen-9cjgj-worker-a100-il-rdma-3-jx6tm,GPU-b30541a1-5408-9bb3-d9fa-12665d1e7472,DCGM_FI_DEV_DEC_UTIL,nvidia-dcgm-exporter,nvidia4,gpu-metrics,4,192.241.129.18:9400,nvidia-dcgm-exporter,NVIDIA A100-SXM4-80GB,nvidia-gpu-operator,nvidia-dcgm-exporter-xq25l,openshift-monitoring/k8s,nvidia-dcgm-exporter,0.0,,,
2024-05-21 16:59:13.667999983,NVIDIA,6.16,G506.0210.00.03,2.0,1652523021837,92.00.45.00.05,535.104.05,12.535.104.05,fmaas-devstage-backen-9cjgj-worker-a100-il-rdma-3-jx6tm,GPU-b30541a1-5408-9bb3-d9fa-12665d1e7472,DCGM_FI_DEV_DEC_UTIL,nvidia-dcgm-exporter,nvidia4,gpu-metrics,4,192.241.129.18:9400,nvidia-dcgm-exporter,NVIDIA A100-SXM4-80GB,nvidia-gpu-operator,nvidia-dcgm-exporter-xq25l,openshift-monitoring/k8s,nvidia-dcgm-exporter,0.0,,,
2024-05-21 16:59:43.667999983,NVIDIA,6.16,G506.0210.00.03,2.0,1652523021837,92.00.45.00.05,535.104.05,12.535.104.05,fmaas-devstage-backen-9cjgj-worker-a100-il-rdma-3-jx6tm,GPU-b30541a1-5408-9bb3-d9fa-12665d1e7472,DCGM_FI_DEV_DEC_UTIL,nvidia-dcgm-exporter,nvidia4,gpu-metrics,4,192.241.129.18:9400,nvidia-dcgm-exporter,NVIDIA A100-SXM4-80GB,nvidia-gpu-operator,nvidia-dcgm-exporter-xq25l,openshift-monitoring/k8s,nvidia-dcgm-exporter,0.0,,,
2024-05-21 17:00:13.667999983,NVIDIA,6.16,G506.0210.00.03,2.0,1652523021837,92.00.45.00.05,535.104.05,12.535.104.05,fmaas-devstage-backen-9cjgj-worker-a100-il-rdma-3-jx6tm,GPU-b30541a1-5408-9bb3-d9fa-12665d1e7472,DCGM_FI_DEV_DEC_UTIL,nvidia-dcgm-exporter,nvidia4,gpu-metrics,4,192.241.129.18:9400,nvidia-dcgm-exporter,NVIDIA A100-SXM4-80GB,nvidia-gpu-operator,nvidia-dcgm-exporter-xq25l,openshift-monitoring/k8s,nvidia-dcgm-exporter,0.0,,,
2024-05-21 17:00:43.667999983,NVIDIA,6.16,G506.0210.00.03,2.0,1652523021837,92.00.45.00.05,535.104.05,12.535.104.05,fmaas-devstage-backen-9cjgj-worker-a100-il-rdma-3-jx6tm,GPU-b30541a1-5408-9bb3-d9fa-12665d1e7472,DCGM_FI_DEV_DEC_UTIL,nvidia-dcgm-exporter,nvidia4,gpu-metrics,4,192.241.129.18:9400,nvidia-dcgm-exporter,NVIDIA A100-SXM4-80GB,nvidia-gpu-operator,nvidia-dcgm-exporter-xq25l,openshift-monitoring/k8s,nvidia-dcgm-exporter,0.0,,,
2024-05-21 17:01:13.667999983,NVIDIA,6.16,G506.0210.00.03,2.0,1652523021837,92.00.45.00.05,535.104.05,12.535.104.05,fmaas-devstage-backen-9cjgj-worker-a100-il-rdma-3-jx6tm,GPU-b30541a1-5408-9bb3-d9fa-12665d1e7472,DCGM_FI_DEV_DEC_UTIL,nvidia-dcgm-exporter,nvidia4,gpu-metrics,4,192.241.129.18:9400,nvidia-dcgm-exporter,NVIDIA A100-SXM4-80GB,nvidia-gpu-operator,nvidia-dcgm-exporter-xq25l,openshift-monitoring/k8s,nvidia-dcgm-exporter,0.0,,,
2024-05-21 17:01:43.667999983,NVIDIA,6.16,G506.0210.00.03,2.0,1652523021837,92.00.45.00.05,535.104.05,12.535.104.05,fmaas-devstage-backen-9cjgj-worker-a100-il-rdma-3-jx6tm,GPU-b30541a1-5408-9bb3-d9fa-12665d1e7472,DCGM_FI_DEV_DEC_UTIL,nvidia-dcgm-exporter,nvidia4,gpu-metrics,4,192.241.129.18:9400,nvidia-dcgm-exporter,NVIDIA A100-SXM4-80GB,nvidia-gpu-operator,nvidia-dcgm-exporter-xq25l,openshift-monitoring/k8s,nvidia-dcgm-exporter,0.0,,,
2024-05-21 17:02:13.667999983,NVIDIA,6.16,G506.0210.00.03,2.0,1652523021837,92.00.45.00.05,535.104.05,12.535.104.05,fmaas-devstage-backen-9cjgj-worker-a100-il-rdma-3-jx6tm,GPU-b30541a1-5408-9bb3-d9fa-12665d1e7472,DCGM_FI_DEV_DEC_UTIL,nvidia-dcgm-exporter,nvidia4,gpu-metrics,4,192.241.129.18:9400,nvidia-dcgm-exporter,NVIDIA A100-SXM4-80GB,nvidia-gpu-operator,nvidia-dcgm-exporter-xq25l,openshift-monitoring/k8s,nvidia-dcgm-exporter,0.0,,,
2024-05-21 17:02:43.667999983,NVIDIA,6.16,G506.0210.00.03,2.0,1652523021837,92.00.45.00.05,535.104.05,12.535.104.05,fmaas-devstage-backen-9cjgj-worker-a100-il-rdma-3-jx6tm,GPU-b30541a1-5408-9bb3-d9fa-12665d1e7472,DCGM_FI_DEV_DEC_UTIL,nvidia-dcgm-exporter,nvidia4,gpu-metrics,4,192.241.129.18:9400,nvidia-dcgm-exporter,NVIDIA A100-SXM4-80GB,nvidia-gpu-operator,nvidia-dcgm-exporter-xq25l,openshift-monitoring/k8s,nvidia-dcgm-exporter,0.0,,,
2024-05-21 17:03:13.667999983,NVIDIA,6.16,G506.0210.00.03,2.0,1652523021837,92.00.45.00.05,535.104.05,12.535.104.05,fmaas-devstage-backen-9cjgj-worker-a100-il-rdma-3-jx6tm,GPU-b30541a1-5408-9bb3-d9fa-12665d1e7472,DCGM_FI_DEV_DEC_UTIL,nvidia-dcgm-exporter,nvidia4,gpu-metrics,4,192.241.129.18:9400,nvidia-dcgm-exporter,NVIDIA A100-SXM4-80GB,nvidia-gpu-operator,nvidia-dcgm-exporter-xq25l,openshift-monitoring/k8s,nvidia-dcgm-exporter,0.0,,,
2024-05-21 17:03:43.667999983,NVIDIA,6.16,G506.0210.00.03,2.0,1652523021837,92.00.45.00.05,535.104.05,12.535.104.05,fmaas-devstage-backen-9cjgj-worker-a100-il-rdma-3-jx6tm,GPU-b30541a1-5408-9bb3-d9fa-12665d1e7472,DCGM_FI_DEV_DEC_UTIL,nvidia-dcgm-exporter,nvidia4,gpu-metrics,4,192.241.129.18:9400,nvidia-dcgm-exporter,NVIDIA A100-SXM4-80GB,nvidia-gpu-operator,nvidia-dcgm-exporter-xq25l,openshift-monitoring/k8s,nvidia-dcgm-exporter,0.0,,,
2024-05-21 17:04:13.667999983,NVIDIA,6.16,G506.0210.00.03,2.0,1652523021837,92.00.45.00.05,535.104.05,12.535.104.05,fmaas-devstage-backen-9cjgj-worker-a100-il-rdma-3-jx6tm,GPU-b30541a1-5408-9bb3-d9fa-12665d1e7472,DCGM_FI_DEV_DEC_UTIL,nvidia-dcgm-exporter,nvidia4,gpu-metrics,4,192.241.129.18:9400,nvidia-dcgm-exporter,NVIDIA A100-SXM4-80GB,nvidia-gpu-operator,nvidia-dcgm-exporter-xq25l,openshift-monitoring/k8s,nvidia-dcgm-exporter,0.0,,,
2024-05-21 17:04:43.667999983,NVIDIA,6.16,G506.0210.00.03,2.0,1652523021837,92.00.45.00.05,535.104.05,12.535.104.05,fmaas-devstage-backen-9cjgj-worker-a100-il-rdma-3-jx6tm,GPU-b30541a1-5408-9bb3-d9fa-12665d1e7472,DCGM_FI_DEV_DEC_UTIL,nvidia-dcgm-exporter,nvidia4,gpu-metrics,4,192.241.129.18:9400,nvidia-dcgm-exporter,NVIDIA A100-SXM4-80GB,nvidia-gpu-operator,nvidia-dcgm-exporter-xq25l,openshift-monitoring/k8s,nvidia-dcgm-exporter,0.0,,,
2024-05-21 17:05:13.667999983,NVIDIA,6.16,G506.0210.00.03,2.0,1652523021837,92.00.45.00.05,535.104.05,12.535.104.05,fmaas-devstage-backen-9cjgj-worker-a100-il-rdma-3-jx6tm,GPU-b30541a1-5408-9bb3-d9fa-12665d1e7472,DCGM_FI_DEV_DEC_UTIL,nvidia-dcgm-exporter,nvidia4,gpu-metrics,4,192.241.129.18:9400,nvidia-dcgm-exporter,NVIDIA A100-SXM4-80GB,nvidia-gpu-operator,nvidia-dcgm-exporter-xq25l,openshift-monitoring/k8s,nvidia-dcgm-exporter,0.0,,,
2024-05-21 17:05:43.667999983,NVIDIA,6.16,G506.0210.00.03,2.0,1652523021837,92.00.45.00.05,535.104.05,12.535.104.05,fmaas-devstage-backen-9cjgj-worker-a100-il-rdma-3-jx6tm,GPU-b30541a1-5408-9bb3-d9fa-12665d1e7472,DCGM_FI_DEV_DEC_UTIL,nvidia-dcgm-exporter,nvidia4,gpu-metrics,4,192.241.129.18:9400,nvidia-dcgm-exporter,NVIDIA A100-SXM4-80GB,nvidia-gpu-operator,nvidia-dcgm-exporter-xq25l,openshift-monitoring/k8s,nvidia-dcgm-exporter,0.0,,,
2024-05-21 16:56:00.772000074,NVIDIA,6.16,G506.0210.00.03,2.0,1652523023451,92.00.45.00.05,535.104.05,12.535.104.05,fmaas-devstage-backen-9cjgj-worker-a100-il-rdma-3-jx6tm,GPU-5a7be2c2-efcc-3083-73b1-eee12a966584,DCGM_FI_DEV_DEC_UTIL,nvidia-dcgm-exporter,nvidia0,gpu-metrics,0,192.241.129.18:9400,nvidia-dcgm-exporter,NVIDIA A100-SXM4-80GB,nvidia-gpu-operator,nvidia-dcgm-exporter-xq25l,openshift-monitoring/k8s,nvidia-dcgm-exporter,0.0,,,
2024-05-21 16:56:13.667999983,NVIDIA,6.16,G506.0210.00.03,2.0,1652523023451,92.00.45.00.05,535.104.05,12.535.104.05,fmaas-devstage-backen-9cjgj-worker-a100-il-rdma-3-jx6tm,GPU-5a7be2c2-efcc-3083-73b1-eee12a966584,DCGM_FI_DEV_DEC_UTIL,nvidia-dcgm-exporter,nvidia0,gpu-metrics,0,192.241.129.18:9400,nvidia-dcgm-exporter,NVIDIA A100-SXM4-80GB,nvidia-gpu-operator,nvidia-dcgm-exporter-xq25l,openshift-monitoring/k8s,nvidia-dcgm-exporter,0.0,,,
2024-05-21 16:56:43.667999983,NVIDIA,6.16,G506.0210.00.03,2.0,1652523023451,92.00.45.00.05,535.104.05,12.535.104.05,fmaas-devstage-backen-9cjgj-worker-a100-il-rdma-3-jx6tm,GPU-5a7be2c2-efcc-3083-73b1-eee12a966584,DCGM_FI_DEV_DEC_UTIL,nvidia-dcgm-exporter,nvidia0,gpu-metrics,0,192.241.129.18:9400,nvidia-dcgm-exporter,NVIDIA A100-SXM4-80GB,nvidia-gpu-operator,nvidia-dcgm-exporter-xq25l,openshift-monitoring/k8s,nvidia-dcgm-exporter,0.0,,,
2024-05-21 16:57:13.667999983,NVIDIA,6.16,G506.0210.00.03,2.0,1652523023451,92.00.45.00.05,535.104.05,12.535.104.05,fmaas-devstage-backen-9cjgj-worker-a100-il-rdma-3-jx6tm,GPU-5a7be2c2-efcc-3083-73b1-eee12a966584,DCGM_FI_DEV_DEC_UTIL,nvidia-dcgm-exporter,nvidia0,gpu-metrics,0,192.241.129.18:9400,nvidia-dcgm-exporter,NVIDIA A100-SXM4-80GB,nvidia-gpu-operator,nvidia-dcgm-exporter-xq25l,openshift-monitoring/k8s,nvidia-dcgm-exporter,0.0,,,
2024-05-21 16:57:43.667999983,NVIDIA,6.16,G506.0210.00.03,2.0,1652523023451,92.00.45.00.05,535.104.05,12.535.104.05,fmaas-devstage-backen-9cjgj-worker-a100-il-rdma-3-jx6tm,GPU-5a7be2c2-efcc-3083-73b1-eee12a966584,DCGM_FI_DEV_DEC_UTIL,nvidia-dcgm-exporter,nvidia0,gpu-metrics,0,192.241.129.18:9400,nvidia-dcgm-exporter,NVIDIA A100-SXM4-80GB,nvidia-gpu-operator,nvidia-dcgm-exporter-xq25l,openshift-monitoring/k8s,nvidia-dcgm-exporter,0.0,,,
2024-05-21 16:58:13.667999983,NVIDIA,6.16,G506.0210.00.03,2.0,1652523023451,92.00.45.00.05,535.104.05,12.535.104.05,fmaas-devstage-backen-9cjgj-worker-a100-il-rdma-3-jx6tm,GPU-5a7be2c2-efcc-3083-73b1-eee12a966584,DCGM_FI_DEV_DEC_UTIL,nvidia-dcgm-exporter,nvidia0,gpu-metrics,0,192.241.129.18:9400,nvidia-dcgm-exporter,NVIDIA A100-SXM4-80GB,nvidia-gpu-operator,nvidia-dcgm-exporter-xq25l,openshift-monitoring/k8s,nvidia-dcgm-exporter,0.0,,,
2024-05-21 16:58:43.667999983,NVIDIA,6.16,G506.0210.00.03,2.0,1652523023451,92.00.45.00.05,535.104.05,12.535.104.05,fmaas-devstage-backen-9cjgj-worker-a100-il-rdma-3-jx6tm,GPU-5a7be2c2-efcc-3083-73b1-eee12a966584,DCGM_FI_DEV_DEC_UTIL,nvidia-dcgm-exporter,nvidia0,gpu-metrics,0,192.241.129.18:9400,nvidia-dcgm-exporter,NVIDIA A100-SXM4-80GB,nvidia-gpu-operator,nvidia-dcgm-exporter-xq25l,openshift-monitoring/k8s,nvidia-dcgm-exporter,0.0,,,
2024-05-21 16:59:13.667999983,NVIDIA,6.16,G506.0210.00.03,2.0,1652523023451,92.00.45.00.05,535.104.05,12.535.104.05,fmaas-devstage-backen-9cjgj-worker-a100-il-rdma-3-jx6tm,GPU-5a7be2c2-efcc-3083-73b1-eee12a966584,DCGM_FI_DEV_DEC_UTIL,nvidia-dcgm-exporter,nvidia0,gpu-metrics,0,192.241.129.18:9400,nvidia-dcgm-exporter,NVIDIA A100-SXM4-80GB,nvidia-gpu-operator,nvidia-dcgm-exporter-xq25l,openshift-monitoring/k8s,nvidia-dcgm-exporter,0.0,,,
2024-05-21 16:59:43.667999983,NVIDIA,6.16,G506.0210.00.03,2.0,1652523023451,92.00.45.00.05,535.104.05,12.535.104.05,fmaas-devstage-backen-9cjgj-worker-a100-il-rdma-3-jx6tm,GPU-5a7be2c2-efcc-3083-73b1-eee12a966584,DCGM_FI_DEV_DEC_UTIL,nvidia-dcgm-exporter,nvidia0,gpu-metrics,0,192.241.129.18:9400,nvidia-dcgm-exporter,NVIDIA A100-SXM4-80GB,nvidia-gpu-operator,nvidia-dcgm-exporter-xq25l,openshift-monitoring/k8s,nvidia-dcgm-exporter,0.0,,,
2024-05-21 17:00:13.667999983,NVIDIA,6.16,G506.0210.00.03,2.0,1652523023451,92.00.45.00.05,535.104.05,12.535.104.05,fmaas-devstage-backen-9cjgj-worker-a100-il-rdma-3-jx6tm,GPU-5a7be2c2-efcc-3083-73b1-eee12a966584,DCGM_FI_DEV_DEC_UTIL,nvidia-dcgm-exporter,nvidia0,gpu-metrics,0,192.241.129.18:9400,nvidia-dcgm-exporter,NVIDIA A100-SXM4-80GB,nvidia-gpu-operator,nvidia-dcgm-exporter-xq25l,openshift-monitoring/k8s,nvidia-dcgm-exporter,0.0,,,
2024-05-21 17:00:43.667999983,NVIDIA,6.16,G506.0210.00.03,2.0,1652523023451,92.00.45.00.05,535.104.05,12.535.104.05,fmaas-devstage-backen-9cjgj-worker-a100-il-rdma-3-jx6tm,GPU-5a7be2c2-efcc-3083-73b1-eee12a966584,DCGM_FI_DEV_DEC_UTIL,nvidia-dcgm-exporter,nvidia0,gpu-metrics,0,192.241.129.18:9400,nvidia-dcgm-exporter,NVIDIA A100-SXM4-80GB,nvidia-gpu-operator,nvidia-dcgm-exporter-xq25l,openshift-monitoring/k8s,nvidia-dcgm-exporter,0.0,,,
2024-05-21 17:01:13.667999983,NVIDIA,6.16,G506.0210.00.03,2.0,1652523023451,92.00.45.00.05,535.104.05,12.535.104.05,fmaas-devstage-backen-9cjgj-worker-a100-il-rdma-3-jx6tm,GPU-5a7be2c2-efcc-3083-73b1-eee12a966584,DCGM_FI_DEV_DEC_UTIL,nvidia-dcgm-exporter,nvidia0,gpu-metrics,0,192.241.129.18:9400,nvidia-dcgm-exporter,NVIDIA A100-SXM4-80GB,nvidia-gpu-operator,nvidia-dcgm-exporter-xq25l,openshift-monitoring/k8s,nvidia-dcgm-exporter,0.0,,,
2024-05-21 17:01:43.667999983,NVIDIA,6.16,G506.0210.00.03,2.0,1652523023451,92.00.45.00.05,535.104.05,12.535.104.05,fmaas-devstage-backen-9cjgj-worker-a100-il-rdma-3-jx6tm,GPU-5a7be2c2-efcc-3083-73b1-eee12a966584,DCGM_FI_DEV_DEC_UTIL,nvidia-dcgm-exporter,nvidia0,gpu-metrics,0,192.241.129.18:9400,nvidia-dcgm-exporter,NVIDIA A100-SXM4-80GB,nvidia-gpu-operator,nvidia-dcgm-exporter-xq25l,openshift-monitoring/k8s,nvidia-dcgm-exporter,0.0,,,
2024-05-21 17:02:13.667999983,NVIDIA,6.16,G506.0210.00.03,2.0,1652523023451,92.00.45.00.05,535.104.05,12.535.104.05,fmaas-devstage-backen-9cjgj-worker-a100-il-rdma-3-jx6tm,GPU-5a7be2c2-efcc-3083-73b1-eee12a966584,DCGM_FI_DEV_DEC_UTIL,nvidia-dcgm-exporter,nvidia0,gpu-metrics,0,192.241.129.18:9400,nvidia-dcgm-exporter,NVIDIA A100-SXM4-80GB,nvidia-gpu-operator,nvidia-dcgm-exporter-xq25l,openshift-monitoring/k8s,nvidia-dcgm-exporter,0.0,,,
2024-05-21 17:02:43.667999983,NVIDIA,6.16,G506.0210.00.03,2.0,1652523023451,92.00.45.00.05,535.104.05,12.535.104.05,fmaas-devstage-backen-9cjgj-worker-a100-il-rdma-3-jx6tm,GPU-5a7be2c2-efcc-3083-73b1-eee12a966584,DCGM_FI_DEV_DEC_UTIL,nvidia-dcgm-exporter,nvidia0,gpu-metrics,0,192.241.129.18:9400,nvidia-dcgm-exporter,NVIDIA A100-SXM4-80GB,nvidia-gpu-operator,nvidia-dcgm-exporter-xq25l,openshift-monitoring/k8s,nvidia-dcgm-exporter,0.0,,,
2024-05-21 17:03:13.667999983,NVIDIA,6.16,G506.0210.00.03,2.0,1652523023451,92.00.45.00.05,535.104.05,12.535.104.05,fmaas-devstage-backen-9cjgj-worker-a100-il-rdma-3-jx6tm,GPU-5a7be2c2-efcc-3083-73b1-eee12a966584,DCGM_FI_DEV_DEC_UTIL,nvidia-dcgm-exporter,nvidia0,gpu-metrics,0,192.241.129.18:9400,nvidia-dcgm-exporter,NVIDIA A100-SXM4-80GB,nvidia-gpu-operator,nvidia-dcgm-exporter-xq25l,openshift-monitoring/k8s,nvidia-dcgm-exporter,0.0,,,
2024-05-21 17:03:43.667999983,NVIDIA,6.16,G506.0210.00.03,2.0,1652523023451,92.00.45.00.05,535.104.05,12.535.104.05,fmaas-devstage-backen-9cjgj-worker-a100-il-rdma-3-jx6tm,GPU-5a7be2c2-efcc-3083-73b1-eee12a966584,DCGM_FI_DEV_DEC_UTIL,nvidia-dcgm-exporter,nvidia0,gpu-metrics,0,192.241.129.18:9400,nvidia-dcgm-exporter,NVIDIA A100-SXM4-80GB,nvidia-gpu-operator,nvidia-dcgm-exporter-xq25l,openshift-monitoring/k8s,nvidia-dcgm-exporter,0.0,,,
2024-05-21 17:04:13.667999983,NVIDIA,6.16,G506.0210.00.03,2.0,1652523023451,92.00.45.00.05,535.104.05,12.535.104.05,fmaas-devstage-backen-9cjgj-worker-a100-il-rdma-3-jx6tm,GPU-5a7be2c2-efcc-3083-73b1-eee12a966584,DCGM_FI_DEV_DEC_UTIL,nvidia-dcgm-exporter,nvidia0,gpu-metrics,0,192.241.129.18:9400,nvidia-dcgm-exporter,NVIDIA A100-SXM4-80GB,nvidia-gpu-operator,nvidia-dcgm-exporter-xq25l,openshift-monitoring/k8s,nvidia-dcgm-exporter,0.0,,,
2024-05-21 17:04:43.667999983,NVIDIA,6.16,G506.0210.00.03,2.0,1652523023451,92.00.45.00.05,535.104.05,12.535.104.05,fmaas-devstage-backen-9cjgj-worker-a100-il-rdma-3-jx6tm,GPU-5a7be2c2-efcc-3083-73b1-eee12a966584,DCGM_FI_DEV_DEC_UTIL,nvidia-dcgm-exporter,nvidia0,gpu-metrics,0,192.241.129.18:9400,nvidia-dcgm-exporter,NVIDIA A100-SXM4-80GB,nvidia-gpu-operator,nvidia-dcgm-exporter-xq25l,openshift-monitoring/k8s,nvidia-dcgm-exporter,0.0,,,
2024-05-21 17:05:13.667999983,NVIDIA,6.16,G506.0210.00.03,2.0,1652523023451,92.00.45.00.05,535.104.05,12.535.104.05,fmaas-devstage-backen-9cjgj-worker-a100-il-rdma-3-jx6tm,GPU-5a7be2c2-efcc-3083-73b1-eee12a966584,DCGM_FI_DEV_DEC_UTIL,nvidia-dcgm-exporter,nvidia0,gpu-metrics,0,192.241.129.18:9400,nvidia-dcgm-exporter,NVIDIA A100-SXM4-80GB,nvidia-gpu-operator,nvidia-dcgm-exporter-xq25l,openshift-monitoring/k8s,nvidia-dcgm-exporter,0.0,,,
2024-05-21 17:05:43.667999983,NVIDIA,6.16,G506.0210.00.03,2.0,1652523023451,92.00.45.00.05,535.104.05,12.535.104.05,fmaas-devstage-backen-9cjgj-worker-a100-il-rdma-3-jx6tm,GPU-5a7be2c2-efcc-3083-73b1-eee12a966584,DCGM_FI_DEV_DEC_UTIL,nvidia-dcgm-exporter,nvidia0,gpu-metrics,0,192.241.129.18:9400,nvidia-dcgm-exporter,NVIDIA A100-SXM4-80GB,nvidia-gpu-operator,nvidia-dcgm-exporter-xq25l,openshift-monitoring/k8s,nvidia-dcgm-exporter,0.0,,,
2024-05-21 17:06:00.772000074,NVIDIA,6.16,G506.0210.00.03,2.0,1652523001873,92.00.45.00.05,535.104.05,12.535.104.05,fmaas-devstage-backen-9cjgj-worker-a100-il-rdma-3-jx6tm,GPU-005a31d4-76ae-2dd3-af84-3b7039e24835,DCGM_FI_DEV_DEC_UTIL,nvidia-dcgm-exporter,nvidia6,gpu-metrics,6,192.241.129.18:9400,nvidia-dcgm-exporter,NVIDIA A100-SXM4-80GB,nvidia-gpu-operator,nvidia-dcgm-exporter-xq25l,openshift-monitoring/k8s,nvidia-dcgm-exporter,0.0,,,
2024-05-21 17:06:13.667999983,NVIDIA,6.16,G506.0210.00.03,2.0,1652523001873,92.00.45.00.05,535.104.05,12.535.104.05,fmaas-devstage-backen-9cjgj-worker-a100-il-rdma-3-jx6tm,GPU-005a31d4-76ae-2dd3-af84-3b7039e24835,DCGM_FI_DEV_DEC_UTIL,nvidia-dcgm-exporter,nvidia6,gpu-metrics,6,192.241.129.18:9400,nvidia-dcgm-exporter,NVIDIA A100-SXM4-80GB,nvidia-gpu-operator,nvidia-dcgm-exporter-xq25l,openshift-monitoring/k8s,nvidia-dcgm-exporter,0.0,,,
2024-05-21 17:06:43.667999983,NVIDIA,6.16,G506.0210.00.03,2.0,1652523001873,92.00.45.00.05,535.104.05,12.535.104.05,fmaas-devstage-backen-9cjgj-worker-a100-il-rdma-3-jx6tm,GPU-005a31d4-76ae-2dd3-af84-3b7039e24835,DCGM_FI_DEV_DEC_UTIL,nvidia-dcgm-exporter,nvidia6,gpu-metrics,6,192.241.129.18:9400,nvidia-dcgm-exporter,NVIDIA A100-SXM4-80GB,nvidia-gpu-operator,nvidia-dcgm-exporter-xq25l,openshift-monitoring/k8s,nvidia-dcgm-exporter,0.0,,,
2024-05-21 17:07:13.667999983,NVIDIA,6.16,G506.0210.00.03,2.0,1652523001873,92.00.45.00.05,535.104.05,12.535.104.05,fmaas-devstage-backen-9cjgj-worker-a100-il-rdma-3-jx6tm,GPU-005a31d4-76ae-2dd3-af84-3b7039e24835,DCGM_FI_DEV_DEC_UTIL,nvidia-dcgm-exporter,nvidia6,gpu-metrics,6,192.241.129.18:9400,nvidia-dcgm-exporter,NVIDIA A100-SXM4-80GB,nvidia-gpu-operator,nvidia-dcgm-exporter-xq25l,openshift-monitoring/k8s,nvidia-dcgm-exporter,0.0,,,
2024-05-21 17:07:43.667999983,NVIDIA,6.16,G506.0210.00.03,2.0,1652523001873,92.00.45.00.05,535.104.05,12.535.104.05,fmaas-devstage-backen-9cjgj-worker-a100-il-rdma-3-jx6tm,GPU-005a31d4-76ae-2dd3-af84-3b7039e24835,DCGM_FI_DEV_DEC_UTIL,nvidia-dcgm-exporter,nvidia6,gpu-metrics,6,192.241.129.18:9400,nvidia-dcgm-exporter,NVIDIA A100-SXM4-80GB,nvidia-gpu-operator,nvidia-dcgm-exporter-xq25l,openshift-monitoring/k8s,nvidia-dcgm-exporter,0.0,,,
2024-05-21 17:08:13.667999983,NVIDIA,6.16,G506.0210.00.03,2.0,1652523001873,92.00.45.00.05,535.104.05,12.535.104.05,fmaas-devstage-backen-9cjgj-worker-a100-il-rdma-3-jx6tm,GPU-005a31d4-76ae-2dd3-af84-3b7039e24835,DCGM_FI_DEV_DEC_UTIL,nvidia-dcgm-exporter,nvidia6,gpu-metrics,6,192.241.129.18:9400,nvidia-dcgm-exporter,NVIDIA A100-SXM4-80GB,nvidia-gpu-operator,nvidia-dcgm-exporter-xq25l,openshift-monitoring/k8s,nvidia-dcgm-exporter,0.0,,,
2024-05-21 17:08:43.667999983,NVIDIA,6.16,G506.0210.00.03,2.0,1652523001873,92.00.45.00.05,535.104.05,12.535.104.05,fmaas-devstage-backen-9cjgj-worker-a100-il-rdma-3-jx6tm,GPU-005a31d4-76ae-2dd3-af84-3b7039e24835,DCGM_FI_DEV_DEC_UTIL,nvidia-dcgm-exporter,nvidia6,gpu-metrics,6,192.241.129.18:9400,nvidia-dcgm-exporter,NVIDIA A100-SXM4-80GB,nvidia-gpu-operator,nvidia-dcgm-exporter-xq25l,openshift-monitoring/k8s,nvidia-dcgm-exporter,0.0,,,
2024-05-21 17:09:13.667999983,NVIDIA,6.16,G506.0210.00.03,2.0,1652523001873,92.00.45.00.05,535.104.05,12.535.104.05,fmaas-devstage-backen-9cjgj-worker-a100-il-rdma-3-jx6tm,GPU-005a31d4-76ae-2dd3-af84-3b7039e24835,DCGM_FI_DEV_DEC_UTIL,nvidia-dcgm-exporter,nvidia6,gpu-metrics,6,192.241.129.18:9400,nvidia-dcgm-exporter,NVIDIA A100-SXM4-80GB,nvidia-gpu-operator,nvidia-dcgm-exporter-xq25l,openshift-monitoring/k8s,nvidia-dcgm-exporter,0.0,,,
2024-05-21 17:09:43.667999983,NVIDIA,6.16,G506.0210.00.03,2.0,1652523001873,92.00.45.00.05,535.104.05,12.535.104.05,fmaas-devstage-backen-9cjgj-worker-a100-il-rdma-3-jx6tm,GPU-005a31d4-76ae-2dd3-af84-3b7039e24835,DCGM_FI_DEV_DEC_UTIL,nvidia-dcgm-exporter,nvidia6,gpu-metrics,6,192.241.129.18:9400,nvidia-dcgm-exporter,NVIDIA A100-SXM4-80GB,nvidia-gpu-operator,nvidia-dcgm-exporter-xq25l,openshift-monitoring/k8s,nvidia-dcgm-exporter,0.0,,,
2024-05-21 17:10:13.667999983,NVIDIA,6.16,G506.0210.00.03,2.0,1652523001873,92.00.45.00.05,535.104.05,12.535.104.05,fmaas-devstage-backen-9cjgj-worker-a100-il-rdma-3-jx6tm,GPU-005a31d4-76ae-2dd3-af84-3b7039e24835,DCGM_FI_DEV_DEC_UTIL,nvidia-dcgm-exporter,nvidia6,gpu-metrics,6,192.241.129.18:9400,nvidia-dcgm-exporter,NVIDIA A100-SXM4-80GB,nvidia-gpu-operator,nvidia-dcgm-exporter-xq25l,openshift-monitoring/k8s,nvidia-dcgm-exporter,0.0,,,
2024-05-21 17:10:43.667999983,NVIDIA,6.16,G506.0210.00.03,2.0,1652523001873,92.00.45.00.05,535.104.05,12.535.104.05,fmaas-devstage-backen-9cjgj-worker-a100-il-rdma-3-jx6tm,GPU-005a31d4-76ae-2dd3-af84-3b7039e24835,DCGM_FI_DEV_DEC_UTIL,nvidia-dcgm-exporter,nvidia6,gpu-metrics,6,192.241.129.18:9400,nvidia-dcgm-exporter,NVIDIA A100-SXM4-80GB,nvidia-gpu-operator,nvidia-dcgm-exporter-xq25l,openshift-monitoring/k8s,nvidia-dcgm-exporter,0.0,,,
2024-05-21 17:11:13.667999983,NVIDIA,6.16,G506.0210.00.03,2.0,1652523001873,92.00.45.00.05,535.104.05,12.535.104.05,fmaas-devstage-backen-9cjgj-worker-a100-il-rdma-3-jx6tm,GPU-005a31d4-76ae-2dd3-af84-3b7039e24835,DCGM_FI_DEV_DEC_UTIL,nvidia-dcgm-exporter,nvidia6,gpu-metrics,6,192.241.129.18:9400,nvidia-dcgm-exporter,NVIDIA A100-SXM4-80GB,nvidia-gpu-operator,nvidia-dcgm-exporter-xq25l,openshift-monitoring/k8s,nvidia-dcgm-exporter,0.0,,,
2024-05-21 17:11:43.667999983,NVIDIA,6.16,G506.0210.00.03,2.0,1652523001873,92.00.45.00.05,535.104.05,12.535.104.05,fmaas-devstage-backen-9cjgj-worker-a100-il-rdma-3-jx6tm,GPU-005a31d4-76ae-2dd3-af84-3b7039e24835,DCGM_FI_DEV_DEC_UTIL,nvidia-dcgm-exporter,nvidia6,gpu-metrics,6,192.241.129.18:9400,nvidia-dcgm-exporter,NVIDIA A100-SXM4-80GB,nvidia-gpu-operator,nvidia-dcgm-exporter-xq25l,openshift-monitoring/k8s,nvidia-dcgm-exporter,0.0,,,
2024-05-21 17:12:13.667999983,NVIDIA,6.16,G506.0210.00.03,2.0,1652523001873,92.00.45.00.05,535.104.05,12.535.104.05,fmaas-devstage-backen-9cjgj-worker-a100-il-rdma-3-jx6tm,GPU-005a31d4-76ae-2dd3-af84-3b7039e24835,DCGM_FI_DEV_DEC_UTIL,nvidia-dcgm-exporter,nvidia6,gpu-metrics,6,192.241.129.18:9400,nvidia-dcgm-exporter,NVIDIA A100-SXM4-80GB,nvidia-gpu-operator,nvidia-dcgm-exporter-xq25l,openshift-monitoring/k8s,nvidia-dcgm-exporter,0.0,,,
2024-05-21 17:12:43.667999983,NVIDIA,6.16,G506.0210.00.03,2.0,1652523001873,92.00.45.00.05,535.104.05,12.535.104.05,fmaas-devstage-backen-9cjgj-worker-a100-il-rdma-3-jx6tm,GPU-005a31d4-76ae-2dd3-af84-3b7039e24835,DCGM_FI_DEV_DEC_UTIL,nvidia-dcgm-exporter,nvidia6,gpu-metrics,6,192.241.129.18:9400,nvidia-dcgm-exporter,NVIDIA A100-SXM4-80GB,nvidia-gpu-operator,nvidia-dcgm-exporter-xq25l,openshift-monitoring/k8s,nvidia-dcgm-exporter,0.0,,,
2024-05-21 17:13:13.667999983,NVIDIA,6.16,G506.0210.00.03,2.0,1652523001873,92.00.45.00.05,535.104.05,12.535.104.05,fmaas-devstage-backen-9cjgj-worker-a100-il-rdma-3-jx6tm,GPU-005a31d4-76ae-2dd3-af84-3b7039e24835,DCGM_FI_DEV_DEC_UTIL,nvidia-dcgm-exporter,nvidia6,gpu-metrics,6,192.241.129.18:9400,nvidia-dcgm-exporter,NVIDIA A100-SXM4-80GB,nvidia-gpu-operator,nvidia-dcgm-exporter-xq25l,openshift-monitoring/k8s,nvidia-dcgm-exporter,0.0,,,
2024-05-21 17:13:43.667999983,NVIDIA,6.16,G506.0210.00.03,2.0,1652523001873,92.00.45.00.05,535.104.05,12.535.104.05,fmaas-devstage-backen-9cjgj-worker-a100-il-rdma-3-jx6tm,GPU-005a31d4-76ae-2dd3-af84-3b7039e24835,DCGM_FI_DEV_DEC_UTIL,nvidia-dcgm-exporter,nvidia6,gpu-metrics,6,192.241.129.18:9400,nvidia-dcgm-exporter,NVIDIA A100-SXM4-80GB,nvidia-gpu-operator,nvidia-dcgm-exporter-xq25l,openshift-monitoring/k8s,nvidia-dcgm-exporter,0.0,,,
2024-05-21 17:14:13.667999983,NVIDIA,6.16,G506.0210.00.03,2.0,1652523001873,92.00.45.00.05,535.104.05,12.535.104.05,fmaas-devstage-backen-9cjgj-worker-a100-il-rdma-3-jx6tm,GPU-005a31d4-76ae-2dd3-af84-3b7039e24835,DCGM_FI_DEV_DEC_UTIL,nvidia-dcgm-exporter,nvidia6,gpu-metrics,6,192.241.129.18:9400,nvidia-dcgm-exporter,NVIDIA A100-SXM4-80GB,nvidia-gpu-operator,nvidia-dcgm-exporter-xq25l,openshift-monitoring/k8s,nvidia-dcgm-exporter,0.0,,,
2024-05-21 17:14:43.667999983,NVIDIA,6.16,G506.0210.00.03,2.0,1652523001873,92.00.45.00.05,535.104.05,12.535.104.05,fmaas-devstage-backen-9cjgj-worker-a100-il-rdma-3-jx6tm,GPU-005a31d4-76ae-2dd3-af84-3b7039e24835,DCGM_FI_DEV_DEC_UTIL,nvidia-dcgm-exporter,nvidia6,gpu-metrics,6,192.241.129.18:9400,nvidia-dcgm-exporter,NVIDIA A100-SXM4-80GB,nvidia-gpu-operator,nvidia-dcgm-exporter-xq25l,openshift-monitoring/k8s,nvidia-dcgm-exporter,0.0,,,
2024-05-21 17:15:13.667999983,NVIDIA,6.16,G506.0210.00.03,2.0,1652523001873,92.00.45.00.05,535.104.05,12.535.104.05,fmaas-devstage-backen-9cjgj-worker-a100-il-rdma-3-jx6tm,GPU-005a31d4-76ae-2dd3-af84-3b7039e24835,DCGM_FI_DEV_DEC_UTIL,nvidia-dcgm-exporter,nvidia6,gpu-metrics,6,192.241.129.18:9400,nvidia-dcgm-exporter,NVIDIA A100-SXM4-80GB,nvidia-gpu-operator,nvidia-dcgm-exporter-xq25l,openshift-monitoring/k8s,nvidia-dcgm-exporter,0.0,,,
2024-05-21 17:15:43.667999983,NVIDIA,6.16,G506.0210.00.03,2.0,1652523001873,92.00.45.00.05,535.104.05,12.535.104.05,fmaas-devstage-backen-9cjgj-worker-a100-il-rdma-3-jx6tm,GPU-005a31d4-76ae-2dd3-af84-3b7039e24835,DCGM_FI_DEV_DEC_UTIL,nvidia-dcgm-exporter,nvidia6,gpu-metrics,6,192.241.129.18:9400,nvidia-dcgm-exporter,NVIDIA A100-SXM4-80GB,nvidia-gpu-operator,nvidia-dcgm-exporter-xq25l,openshift-monitoring/k8s,nvidia-dcgm-exporter,0.0,,,
2024-05-21 17:06:00.772000074,NVIDIA,6.16,G506.0210.00.03,2.0,1652523002864,92.00.45.00.05,535.104.05,12.535.104.05,fmaas-devstage-backen-9cjgj-worker-a100-il-rdma-3-jx6tm,GPU-bd65bd70-5a12-7002-a705-315758f75144,DCGM_FI_DEV_DEC_UTIL,nvidia-dcgm-exporter,nvidia7,gpu-metrics,7,192.241.129.18:9400,nvidia-dcgm-exporter,NVIDIA A100-SXM4-80GB,nvidia-gpu-operator,nvidia-dcgm-exporter-xq25l,openshift-monitoring/k8s,nvidia-dcgm-exporter,0.0,caikit-runtime,fmaas-tuning,devstage-cais-bcbf7c8fb-pxhmp
2024-05-21 17:06:13.667999983,NVIDIA,6.16,G506.0210.00.03,2.0,1652523002864,92.00.45.00.05,535.104.05,12.535.104.05,fmaas-devstage-backen-9cjgj-worker-a100-il-rdma-3-jx6tm,GPU-bd65bd70-5a12-7002-a705-315758f75144,DCGM_FI_DEV_DEC_UTIL,nvidia-dcgm-exporter,nvidia7,gpu-metrics,7,192.241.129.18:9400,nvidia-dcgm-exporter,NVIDIA A100-SXM4-80GB,nvidia-gpu-operator,nvidia-dcgm-exporter-xq25l,openshift-monitoring/k8s,nvidia-dcgm-exporter,0.0,caikit-runtime,fmaas-tuning,devstage-cais-bcbf7c8fb-pxhmp
2024-05-21 17:06:43.667999983,NVIDIA,6.16,G506.0210.00.03,2.0,1652523002864,92.00.45.00.05,535.104.05,12.535.104.05,fmaas-devstage-backen-9cjgj-worker-a100-il-rdma-3-jx6tm,GPU-bd65bd70-5a12-7002-a705-315758f75144,DCGM_FI_DEV_DEC_UTIL,nvidia-dcgm-exporter,nvidia7,gpu-metrics,7,192.241.129.18:9400,nvidia-dcgm-exporter,NVIDIA A100-SXM4-80GB,nvidia-gpu-operator,nvidia-dcgm-exporter-xq25l,openshift-monitoring/k8s,nvidia-dcgm-exporter,0.0,caikit-runtime,fmaas-tuning,devstage-cais-bcbf7c8fb-pxhmp
2024-05-21 17:07:13.667999983,NVIDIA,6.16,G506.0210.00.03,2.0,1652523002864,92.00.45.00.05,535.104.05,12.535.104.05,fmaas-devstage-backen-9cjgj-worker-a100-il-rdma-3-jx6tm,GPU-bd65bd70-5a12-7002-a705-315758f75144,DCGM_FI_DEV_DEC_UTIL,nvidia-dcgm-exporter,nvidia7,gpu-metrics,7,192.241.129.18:9400,nvidia-dcgm-exporter,NVIDIA A100-SXM4-80GB,nvidia-gpu-operator,nvidia-dcgm-exporter-xq25l,openshift-monitoring/k8s,nvidia-dcgm-exporter,0.0,caikit-runtime,fmaas-tuning,devstage-cais-bcbf7c8fb-pxhmp
2024-05-21 17:07:43.667999983,NVIDIA,6.16,G506.0210.00.03,2.0,1652523002864,92.00.45.00.05,535.104.05,12.535.104.05,fmaas-devstage-backen-9cjgj-worker-a100-il-rdma-3-jx6tm,GPU-bd65bd70-5a12-7002-a705-315758f75144,DCGM_FI_DEV_DEC_UTIL,nvidia-dcgm-exporter,nvidia7,gpu-metrics,7,192.241.129.18:9400,nvidia-dcgm-exporter,NVIDIA A100-SXM4-80GB,nvidia-gpu-operator,nvidia-dcgm-exporter-xq25l,openshift-monitoring/k8s,nvidia-dcgm-exporter,0.0,caikit-runtime,fmaas-tuning,devstage-cais-bcbf7c8fb-pxhmp
2024-05-21 17:08:13.667999983,NVIDIA,6.16,G506.0210.00.03,2.0,1652523002864,92.00.45.00.05,535.104.05,12.535.104.05,fmaas-devstage-backen-9cjgj-worker-a100-il-rdma-3-jx6tm,GPU-bd65bd70-5a12-7002-a705-315758f75144,DCGM_FI_DEV_DEC_UTIL,nvidia-dcgm-exporter,nvidia7,gpu-metrics,7,192.241.129.18:9400,nvidia-dcgm-exporter,NVIDIA A100-SXM4-80GB,nvidia-gpu-operator,nvidia-dcgm-exporter-xq25l,openshift-monitoring/k8s,nvidia-dcgm-exporter,0.0,caikit-runtime,fmaas-tuning,devstage-cais-bcbf7c8fb-pxhmp
2024-05-21 17:08:43.667999983,NVIDIA,6.16,G506.0210.00.03,2.0,1652523002864,92.00.45.00.05,535.104.05,12.535.104.05,fmaas-devstage-backen-9cjgj-worker-a100-il-rdma-3-jx6tm,GPU-bd65bd70-5a12-7002-a705-315758f75144,DCGM_FI_DEV_DEC_UTIL,nvidia-dcgm-exporter,nvidia7,gpu-metrics,7,192.241.129.18:9400,nvidia-dcgm-exporter,NVIDIA A100-SXM4-80GB,nvidia-gpu-operator,nvidia-dcgm-exporter-xq25l,openshift-monitoring/k8s,nvidia-dcgm-exporter,0.0,caikit-runtime,fmaas-tuning,devstage-cais-bcbf7c8fb-pxhmp
2024-05-21 17:09:13.667999983,NVIDIA,6.16,G506.0210.00.03,2.0,1652523002864,92.00.45.00.05,535.104.05,12.535.104.05,fmaas-devstage-backen-9cjgj-worker-a100-il-rdma-3-jx6tm,GPU-bd65bd70-5a12-7002-a705-315758f75144,DCGM_FI_DEV_DEC_UTIL,nvidia-dcgm-exporter,nvidia7,gpu-metrics,7,192.241.129.18:9400,nvidia-dcgm-exporter,NVIDIA A100-SXM4-80GB,nvidia-gpu-operator,nvidia-dcgm-exporter-xq25l,openshift-monitoring/k8s,nvidia-dcgm-exporter,0.0,caikit-runtime,fmaas-tuning,devstage-cais-bcbf7c8fb-pxhmp
2024-05-21 17:09:43.667999983,NVIDIA,6.16,G506.0210.00.03,2.0,1652523002864,92.00.45.00.05,535.104.05,12.535.104.05,fmaas-devstage-backen-9cjgj-worker-a100-il-rdma-3-jx6tm,GPU-bd65bd70-5a12-7002-a705-315758f75144,DCGM_FI_DEV_DEC_UTIL,nvidia-dcgm-exporter,nvidia7,gpu-metrics,7,192.241.129.18:9400,nvidia-dcgm-exporter,NVIDIA A100-SXM4-80GB,nvidia-gpu-operator,nvidia-dcgm-exporter-xq25l,openshift-monitoring/k8s,nvidia-dcgm-exporter,0.0,caikit-runtime,fmaas-tuning,devstage-cais-bcbf7c8fb-pxhmp
2024-05-21 17:10:13.667999983,NVIDIA,6.16,G506.0210.00.03,2.0,1652523002864,92.00.45.00.05,535.104.05,12.535.104.05,fmaas-devstage-backen-9cjgj-worker-a100-il-rdma-3-jx6tm,GPU-bd65bd70-5a12-7002-a705-315758f75144,DCGM_FI_DEV_DEC_UTIL,nvidia-dcgm-exporter,nvidia7,gpu-metrics,7,192.241.129.18:9400,nvidia-dcgm-exporter,NVIDIA A100-SXM4-80GB,nvidia-gpu-operator,nvidia-dcgm-exporter-xq25l,openshift-monitoring/k8s,nvidia-dcgm-exporter,0.0,caikit-runtime,fmaas-tuning,devstage-cais-bcbf7c8fb-pxhmp
2024-05-21 17:10:43.667999983,NVIDIA,6.16,G506.0210.00.03,2.0,1652523002864,92.00.45.00.05,535.104.05,12.535.104.05,fmaas-devstage-backen-9cjgj-worker-a100-il-rdma-3-jx6tm,GPU-bd65bd70-5a12-7002-a705-315758f75144,DCGM_FI_DEV_DEC_UTIL,nvidia-dcgm-exporter,nvidia7,gpu-metrics,7,192.241.129.18:9400,nvidia-dcgm-exporter,NVIDIA A100-SXM4-80GB,nvidia-gpu-operator,nvidia-dcgm-exporter-xq25l,openshift-monitoring/k8s,nvidia-dcgm-exporter,0.0,caikit-runtime,fmaas-tuning,devstage-cais-bcbf7c8fb-pxhmp
2024-05-21 17:11:13.667999983,NVIDIA,6.16,G506.0210.00.03,2.0,1652523002864,92.00.45.00.05,535.104.05,12.535.104.05,fmaas-devstage-backen-9cjgj-worker-a100-il-rdma-3-jx6tm,GPU-bd65bd70-5a12-7002-a705-315758f75144,DCGM_FI_DEV_DEC_UTIL,nvidia-dcgm-exporter,nvidia7,gpu-metrics,7,192.241.129.18:9400,nvidia-dcgm-exporter,NVIDIA A100-SXM4-80GB,nvidia-gpu-operator,nvidia-dcgm-exporter-xq25l,openshift-monitoring/k8s,nvidia-dcgm-exporter,0.0,caikit-runtime,fmaas-tuning,devstage-cais-bcbf7c8fb-pxhmp
2024-05-21 17:11:43.667999983,NVIDIA,6.16,G506.0210.00.03,2.0,1652523002864,92.00.45.00.05,535.104.05,12.535.104.05,fmaas-devstage-backen-9cjgj-worker-a100-il-rdma-3-jx6tm,GPU-bd65bd70-5a12-7002-a705-315758f75144,DCGM_FI_DEV_DEC_UTIL,nvidia-dcgm-exporter,nvidia7,gpu-metrics,7,192.241.129.18:9400,nvidia-dcgm-exporter,NVIDIA A100-SXM4-80GB,nvidia-gpu-operator,nvidia-dcgm-exporter-xq25l,openshift-monitoring/k8s,nvidia-dcgm-exporter,0.0,caikit-runtime,fmaas-tuning,devstage-cais-bcbf7c8fb-pxhmp
2024-05-21 17:12:13.667999983,NVIDIA,6.16,G506.0210.00.03,2.0,1652523002864,92.00.45.00.05,535.104.05,12.535.104.05,fmaas-devstage-backen-9cjgj-worker-a100-il-rdma-3-jx6tm,GPU-bd65bd70-5a12-7002-a705-315758f75144,DCGM_FI_DEV_DEC_UTIL,nvidia-dcgm-exporter,nvidia7,gpu-metrics,7,192.241.129.18:9400,nvidia-dcgm-exporter,NVIDIA A100-SXM4-80GB,nvidia-gpu-operator,nvidia-dcgm-exporter-xq25l,openshift-monitoring/k8s,nvidia-dcgm-exporter,0.0,caikit-runtime,fmaas-tuning,devstage-cais-bcbf7c8fb-pxhmp
2024-05-21 17:12:43.667999983,NVIDIA,6.16,G506.0210.00.03,2.0,1652523002864,92.00.45.00.05,535.104.05,12.535.104.05,fmaas-devstage-backen-9cjgj-worker-a100-il-rdma-3-jx6tm,GPU-bd65bd70-5a12-7002-a705-315758f75144,DCGM_FI_DEV_DEC_UTIL,nvidia-dcgm-exporter,nvidia7,gpu-metrics,7,192.241.129.18:9400,nvidia-dcgm-exporter,NVIDIA A100-SXM4-80GB,nvidia-gpu-operator,nvidia-dcgm-exporter-xq25l,openshift-monitoring/k8s,nvidia-dcgm-exporter,0.0,caikit-runtime,fmaas-tuning,devstage-cais-bcbf7c8fb-pxhmp
2024-05-21 17:13:13.667999983,NVIDIA,6.16,G506.0210.00.03,2.0,1652523002864,92.00.45.00.05,535.104.05,12.535.104.05,fmaas-devstage-backen-9cjgj-worker-a100-il-rdma-3-jx6tm,GPU-bd65bd70-5a12-7002-a705-315758f75144,DCGM_FI_DEV_DEC_UTIL,nvidia-dcgm-exporter,nvidia7,gpu-metrics,7,192.241.129.18:9400,nvidia-dcgm-exporter,NVIDIA A100-SXM4-80GB,nvidia-gpu-operator,nvidia-dcgm-exporter-xq25l,openshift-monitoring/k8s,nvidia-dcgm-exporter,0.0,caikit-runtime,fmaas-tuning,devstage-cais-bcbf7c8fb-pxhmp
2024-05-21 17:13:43.667999983,NVIDIA,6.16,G506.0210.00.03,2.0,1652523002864,92.00.45.00.05,535.104.05,12.535.104.05,fmaas-devstage-backen-9cjgj-worker-a100-il-rdma-3-jx6tm,GPU-bd65bd70-5a12-7002-a705-315758f75144,DCGM_FI_DEV_DEC_UTIL,nvidia-dcgm-exporter,nvidia7,gpu-metrics,7,192.241.129.18:9400,nvidia-dcgm-exporter,NVIDIA A100-SXM4-80GB,nvidia-gpu-operator,nvidia-dcgm-exporter-xq25l,openshift-monitoring/k8s,nvidia-dcgm-exporter,0.0,caikit-runtime,fmaas-tuning,devstage-cais-bcbf7c8fb-pxhmp
2024-05-21 17:14:13.667999983,NVIDIA,6.16,G506.0210.00.03,2.0,1652523002864,92.00.45.00.05,535.104.05,12.535.104.05,fmaas-devstage-backen-9cjgj-worker-a100-il-rdma-3-jx6tm,GPU-bd65bd70-5a12-7002-a705-315758f75144,DCGM_FI_DEV_DEC_UTIL,nvidia-dcgm-exporter,nvidia7,gpu-metrics,7,192.241.129.18:9400,nvidia-dcgm-exporter,NVIDIA A100-SXM4-80GB,nvidia-gpu-operator,nvidia-dcgm-exporter-xq25l,openshift-monitoring/k8s,nvidia-dcgm-exporter,0.0,caikit-runtime,fmaas-tuning,devstage-cais-bcbf7c8fb-pxhmp
2024-05-21 17:14:43.667999983,NVIDIA,6.16,G506.0210.00.03,2.0,1652523002864,92.00.45.00.05,535.104.05,12.535.104.05,fmaas-devstage-backen-9cjgj-worker-a100-il-rdma-3-jx6tm,GPU-bd65bd70-5a12-7002-a705-315758f75144,DCGM_FI_DEV_DEC_UTIL,nvidia-dcgm-exporter,nvidia7,gpu-metrics,7,192.241.129.18:9400,nvidia-dcgm-exporter,NVIDIA A100-SXM4-80GB,nvidia-gpu-operator,nvidia-dcgm-exporter-xq25l,openshift-monitoring/k8s,nvidia-dcgm-exporter,0.0,caikit-runtime,fmaas-tuning,devstage-cais-bcbf7c8fb-pxhmp
2024-05-21 17:15:13.667999983,NVIDIA,6.16,G506.0210.00.03,2.0,1652523002864,92.00.45.00.05,535.104.05,12.535.104.05,fmaas-devstage-backen-9cjgj-worker-a100-il-rdma-3-jx6tm,GPU-bd65bd70-5a12-7002-a705-315758f75144,DCGM_FI_DEV_DEC_UTIL,nvidia-dcgm-exporter,nvidia7,gpu-metrics,7,192.241.129.18:9400,nvidia-dcgm-exporter,NVIDIA A100-SXM4-80GB,nvidia-gpu-operator,nvidia-dcgm-exporter-xq25l,openshift-monitoring/k8s,nvidia-dcgm-exporter,0.0,caikit-runtime,fmaas-tuning,devstage-cais-bcbf7c8fb-pxhmp
2024-05-21 17:15:43.667999983,NVIDIA,6.16,G506.0210.00.03,2.0,1652523002864,92.00.45.00.05,535.104.05,12.535.104.05,fmaas-devstage-backen-9cjgj-worker-a100-il-rdma-3-jx6tm,GPU-bd65bd70-5a12-7002-a705-315758f75144,DCGM_FI_DEV_DEC_UTIL,nvidia-dcgm-exporter,nvidia7,gpu-metrics,7,192.241.129.18:9400,nvidia-dcgm-exporter,NVIDIA A100-SXM4-80GB,nvidia-gpu-operator,nvidia-dcgm-exporter-xq25l,openshift-monitoring/k8s,nvidia-dcgm-exporter,0.0,caikit-runtime,fmaas-tuning,devstage-cais-bcbf7c8fb-pxhmp
2024-05-21 17:06:00.772000074,NVIDIA,6.16,G506.0210.00.03,2.0,1652523003950,92.00.45.00.05,535.104.05,12.535.104.05,fmaas-devstage-backen-9cjgj-worker-a100-il-rdma-3-jx6tm,GPU-ed198df6-90a8-c0bf-17bb-f1171d39c5dd,DCGM_FI_DEV_DEC_UTIL,nvidia-dcgm-exporter,nvidia1,gpu-metrics,1,192.241.129.18:9400,nvidia-dcgm-exporter,NVIDIA A100-SXM4-80GB,nvidia-gpu-operator,nvidia-dcgm-exporter-xq25l,openshift-monitoring/k8s,nvidia-dcgm-exporter,0.0,,,
2024-05-21 17:06:13.667999983,NVIDIA,6.16,G506.0210.00.03,2.0,1652523003950,92.00.45.00.05,535.104.05,12.535.104.05,fmaas-devstage-backen-9cjgj-worker-a100-il-rdma-3-jx6tm,GPU-ed198df6-90a8-c0bf-17bb-f1171d39c5dd,DCGM_FI_DEV_DEC_UTIL,nvidia-dcgm-exporter,nvidia1,gpu-metrics,1,192.241.129.18:9400,nvidia-dcgm-exporter,NVIDIA A100-SXM4-80GB,nvidia-gpu-operator,nvidia-dcgm-exporter-xq25l,openshift-monitoring/k8s,nvidia-dcgm-exporter,0.0,,,
2024-05-21 17:06:43.667999983,NVIDIA,6.16,G506.0210.00.03,2.0,1652523003950,92.00.45.00.05,535.104.05,12.535.104.05,fmaas-devstage-backen-9cjgj-worker-a100-il-rdma-3-jx6tm,GPU-ed198df6-90a8-c0bf-17bb-f1171d39c5dd,DCGM_FI_DEV_DEC_UTIL,nvidia-dcgm-exporter,nvidia1,gpu-metrics,1,192.241.129.18:9400,nvidia-dcgm-exporter,NVIDIA A100-SXM4-80GB,nvidia-gpu-operator,nvidia-dcgm-exporter-xq25l,openshift-monitoring/k8s,nvidia-dcgm-exporter,0.0,,,
2024-05-21 17:07:13.667999983,NVIDIA,6.16,G506.0210.00.03,2.0,1652523003950,92.00.45.00.05,535.104.05,12.535.104.05,fmaas-devstage-backen-9cjgj-worker-a100-il-rdma-3-jx6tm,GPU-ed198df6-90a8-c0bf-17bb-f1171d39c5dd,DCGM_FI_DEV_DEC_UTIL,nvidia-dcgm-exporter,nvidia1,gpu-metrics,1,192.241.129.18:9400,nvidia-dcgm-exporter,NVIDIA A100-SXM4-80GB,nvidia-gpu-operator,nvidia-dcgm-exporter-xq25l,openshift-monitoring/k8s,nvidia-dcgm-exporter,0.0,,,
2024-05-21 17:07:43.667999983,NVIDIA,6.16,G506.0210.00.03,2.0,1652523003950,92.00.45.00.05,535.104.05,12.535.104.05,fmaas-devstage-backen-9cjgj-worker-a100-il-rdma-3-jx6tm,GPU-ed198df6-90a8-c0bf-17bb-f1171d39c5dd,DCGM_FI_DEV_DEC_UTIL,nvidia-dcgm-exporter,nvidia1,gpu-metrics,1,192.241.129.18:9400,nvidia-dcgm-exporter,NVIDIA A100-SXM4-80GB,nvidia-gpu-operator,nvidia-dcgm-exporter-xq25l,openshift-monitoring/k8s,nvidia-dcgm-exporter,0.0,,,
2024-05-21 17:08:13.667999983,NVIDIA,6.16,G506.0210.00.03,2.0,1652523003950,92.00.45.00.05,535.104.05,12.535.104.05,fmaas-devstage-backen-9cjgj-worker-a100-il-rdma-3-jx6tm,GPU-ed198df6-90a8-c0bf-17bb-f1171d39c5dd,DCGM_FI_DEV_DEC_UTIL,nvidia-dcgm-exporter,nvidia1,gpu-metrics,1,192.241.129.18:9400,nvidia-dcgm-exporter,NVIDIA A100-SXM4-80GB,nvidia-gpu-operator,nvidia-dcgm-exporter-xq25l,openshift-monitoring/k8s,nvidia-dcgm-exporter,0.0,,,
2024-05-21 17:08:43.667999983,NVIDIA,6.16,G506.0210.00.03,2.0,1652523003950,92.00.45.00.05,535.104.05,12.535.104.05,fmaas-devstage-backen-9cjgj-worker-a100-il-rdma-3-jx6tm,GPU-ed198df6-90a8-c0bf-17bb-f1171d39c5dd,DCGM_FI_DEV_DEC_UTIL,nvidia-dcgm-exporter,nvidia1,gpu-metrics,1,192.241.129.18:9400,nvidia-dcgm-exporter,NVIDIA A100-SXM4-80GB,nvidia-gpu-operator,nvidia-dcgm-exporter-xq25l,openshift-monitoring/k8s,nvidia-dcgm-exporter,0.0,,,
2024-05-21 17:09:13.667999983,NVIDIA,6.16,G506.0210.00.03,2.0,1652523003950,92.00.45.00.05,535.104.05,12.535.104.05,fmaas-devstage-backen-9cjgj-worker-a100-il-rdma-3-jx6tm,GPU-ed198df6-90a8-c0bf-17bb-f1171d39c5dd,DCGM_FI_DEV_DEC_UTIL,nvidia-dcgm-exporter,nvidia1,gpu-metrics,1,192.241.129.18:9400,nvidia-dcgm-exporter,NVIDIA A100-SXM4-80GB,nvidia-gpu-operator,nvidia-dcgm-exporter-xq25l,openshift-monitoring/k8s,nvidia-dcgm-exporter,0.0,,,
2024-05-21 17:09:43.667999983,NVIDIA,6.16,G506.0210.00.03,2.0,1652523003950,92.00.45.00.05,535.104.05,12.535.104.05,fmaas-devstage-backen-9cjgj-worker-a100-il-rdma-3-jx6tm,GPU-ed198df6-90a8-c0bf-17bb-f1171d39c5dd,DCGM_FI_DEV_DEC_UTIL,nvidia-dcgm-exporter,nvidia1,gpu-metrics,1,192.241.129.18:9400,nvidia-dcgm-exporter,NVIDIA A100-SXM4-80GB,nvidia-gpu-operator,nvidia-dcgm-exporter-xq25l,openshift-monitoring/k8s,nvidia-dcgm-exporter,0.0,,,
2024-05-21 17:10:13.667999983,NVIDIA,6.16,G506.0210.00.03,2.0,1652523003950,92.00.45.00.05,535.104.05,12.535.104.05,fmaas-devstage-backen-9cjgj-worker-a100-il-rdma-3-jx6tm,GPU-ed198df6-90a8-c0bf-17bb-f1171d39c5dd,DCGM_FI_DEV_DEC_UTIL,nvidia-dcgm-exporter,nvidia1,gpu-metrics,1,192.241.129.18:9400,nvidia-dcgm-exporter,NVIDIA A100-SXM4-80GB,nvidia-gpu-operator,nvidia-dcgm-exporter-xq25l,openshift-monitoring/k8s,nvidia-dcgm-exporter,0.0,,,
2024-05-21 17:10:43.667999983,NVIDIA,6.16,G506.0210.00.03,2.0,1652523003950,92.00.45.00.05,535.104.05,12.535.104.05,fmaas-devstage-backen-9cjgj-worker-a100-il-rdma-3-jx6tm,GPU-ed198df6-90a8-c0bf-17bb-f1171d39c5dd,DCGM_FI_DEV_DEC_UTIL,nvidia-dcgm-exporter,nvidia1,gpu-metrics,1,192.241.129.18:9400,nvidia-dcgm-exporter,NVIDIA A100-SXM4-80GB,nvidia-gpu-operator,nvidia-dcgm-exporter-xq25l,openshift-monitoring/k8s,nvidia-dcgm-exporter,0.0,,,
2024-05-21 17:11:13.667999983,NVIDIA,6.16,G506.0210.00.03,2.0,1652523003950,92.00.45.00.05,535.104.05,12.535.104.05,fmaas-devstage-backen-9cjgj-worker-a100-il-rdma-3-jx6tm,GPU-ed198df6-90a8-c0bf-17bb-f1171d39c5dd,DCGM_FI_DEV_DEC_UTIL,nvidia-dcgm-exporter,nvidia1,gpu-metrics,1,192.241.129.18:9400,nvidia-dcgm-exporter,NVIDIA A100-SXM4-80GB,nvidia-gpu-operator,nvidia-dcgm-exporter-xq25l,openshift-monitoring/k8s,nvidia-dcgm-exporter,0.0,,,
2024-05-21 17:11:43.667999983,NVIDIA,6.16,G506.0210.00.03,2.0,1652523003950,92.00.45.00.05,535.104.05,12.535.104.05,fmaas-devstage-backen-9cjgj-worker-a100-il-rdma-3-jx6tm,GPU-ed198df6-90a8-c0bf-17bb-f1171d39c5dd,DCGM_FI_DEV_DEC_UTIL,nvidia-dcgm-exporter,nvidia1,gpu-metrics,1,192.241.129.18:9400,nvidia-dcgm-exporter,NVIDIA A100-SXM4-80GB,nvidia-gpu-operator,nvidia-dcgm-exporter-xq25l,openshift-monitoring/k8s,nvidia-dcgm-exporter,0.0,,,
2024-05-21 17:12:13.667999983,NVIDIA,6.16,G506.0210.00.03,2.0,1652523003950,92.00.45.00.05,535.104.05,12.535.104.05,fmaas-devstage-backen-9cjgj-worker-a100-il-rdma-3-jx6tm,GPU-ed198df6-90a8-c0bf-17bb-f1171d39c5dd,DCGM_FI_DEV_DEC_UTIL,nvidia-dcgm-exporter,nvidia1,gpu-metrics,1,192.241.129.18:9400,nvidia-dcgm-exporter,NVIDIA A100-SXM4-80GB,nvidia-gpu-operator,nvidia-dcgm-exporter-xq25l,openshift-monitoring/k8s,nvidia-dcgm-exporter,0.0,,,
2024-05-21 17:12:43.667999983,NVIDIA,6.16,G506.0210.00.03,2.0,1652523003950,92.00.45.00.05,535.104.05,12.535.104.05,fmaas-devstage-backen-9cjgj-worker-a100-il-rdma-3-jx6tm,GPU-ed198df6-90a8-c0bf-17bb-f1171d39c5dd,DCGM_FI_DEV_DEC_UTIL,nvidia-dcgm-exporter,nvidia1,gpu-metrics,1,192.241.129.18:9400,nvidia-dcgm-exporter,NVIDIA A100-SXM4-80GB,nvidia-gpu-operator,nvidia-dcgm-exporter-xq25l,openshift-monitoring/k8s,nvidia-dcgm-exporter,0.0,,,
2024-05-21 17:13:13.667999983,NVIDIA,6.16,G506.0210.00.03,2.0,1652523003950,92.00.45.00.05,535.104.05,12.535.104.05,fmaas-devstage-backen-9cjgj-worker-a100-il-rdma-3-jx6tm,GPU-ed198df6-90a8-c0bf-17bb-f1171d39c5dd,DCGM_FI_DEV_DEC_UTIL,nvidia-dcgm-exporter,nvidia1,gpu-metrics,1,192.241.129.18:9400,nvidia-dcgm-exporter,NVIDIA A100-SXM4-80GB,nvidia-gpu-operator,nvidia-dcgm-exporter-xq25l,openshift-monitoring/k8s,nvidia-dcgm-exporter,0.0,,,
2024-05-21 17:13:43.667999983,NVIDIA,6.16,G506.0210.00.03,2.0,1652523003950,92.00.45.00.05,535.104.05,12.535.104.05,fmaas-devstage-backen-9cjgj-worker-a100-il-rdma-3-jx6tm,GPU-ed198df6-90a8-c0bf-17bb-f1171d39c5dd,DCGM_FI_DEV_DEC_UTIL,nvidia-dcgm-exporter,nvidia1,gpu-metrics,1,192.241.129.18:9400,nvidia-dcgm-exporter,NVIDIA A100-SXM4-80GB,nvidia-gpu-operator,nvidia-dcgm-exporter-xq25l,openshift-monitoring/k8s,nvidia-dcgm-exporter,0.0,,,
2024-05-21 17:14:13.667999983,NVIDIA,6.16,G506.0210.00.03,2.0,1652523003950,92.00.45.00.05,535.104.05,12.535.104.05,fmaas-devstage-backen-9cjgj-worker-a100-il-rdma-3-jx6tm,GPU-ed198df6-90a8-c0bf-17bb-f1171d39c5dd,DCGM_FI_DEV_DEC_UTIL,nvidia-dcgm-exporter,nvidia1,gpu-metrics,1,192.241.129.18:9400,nvidia-dcgm-exporter,NVIDIA A100-SXM4-80GB,nvidia-gpu-operator,nvidia-dcgm-exporter-xq25l,openshift-monitoring/k8s,nvidia-dcgm-exporter,0.0,,,
2024-05-21 17:14:43.667999983,NVIDIA,6.16,G506.0210.00.03,2.0,1652523003950,92.00.45.00.05,535.104.05,12.535.104.05,fmaas-devstage-backen-9cjgj-worker-a100-il-rdma-3-jx6tm,GPU-ed198df6-90a8-c0bf-17bb-f1171d39c5dd,DCGM_FI_DEV_DEC_UTIL,nvidia-dcgm-exporter,nvidia1,gpu-metrics,1,192.241.129.18:9400,nvidia-dcgm-exporter,NVIDIA A100-SXM4-80GB,nvidia-gpu-operator,nvidia-dcgm-exporter-xq25l,openshift-monitoring/k8s,nvidia-dcgm-exporter,0.0,,,
2024-05-21 17:15:13.667999983,NVIDIA,6.16,G506.0210.00.03,2.0,1652523003950,92.00.45.00.05,535.104.05,12.535.104.05,fmaas-devstage-backen-9cjgj-worker-a100-il-rdma-3-jx6tm,GPU-ed198df6-90a8-c0bf-17bb-f1171d39c5dd,DCGM_FI_DEV_DEC_UTIL,nvidia-dcgm-exporter,nvidia1,gpu-metrics,1,192.241.129.18:9400,nvidia-dcgm-exporter,NVIDIA A100-SXM4-80GB,nvidia-gpu-operator,nvidia-dcgm-exporter-xq25l,openshift-monitoring/k8s,nvidia-dcgm-exporter,0.0,,,
2024-05-21 17:15:43.667999983,NVIDIA,6.16,G506.0210.00.03,2.0,1652523003950,92.00.45.00.05,535.104.05,12.535.104.05,fmaas-devstage-backen-9cjgj-worker-a100-il-rdma-3-jx6tm,GPU-ed198df6-90a8-c0bf-17bb-f1171d39c5dd,DCGM_FI_DEV_DEC_UTIL,nvidia-dcgm-exporter,nvidia1,gpu-metrics,1,192.241.129.18:9400,nvidia-dcgm-exporter,NVIDIA A100-SXM4-80GB,nvidia-gpu-operator,nvidia-dcgm-exporter-xq25l,openshift-monitoring/k8s,nvidia-dcgm-exporter,0.0,,,
2024-05-21 17:06:00.772000074,NVIDIA,6.16,G506.0210.00.03,2.0,1652523003996,92.00.45.00.05,535.104.05,12.535.104.05,fmaas-devstage-backen-9cjgj-worker-a100-il-rdma-3-jx6tm,GPU-f94e20f3-b883-1dc9-1c93-9769594edc6a,DCGM_FI_DEV_DEC_UTIL,nvidia-dcgm-exporter,nvidia2,gpu-metrics,2,192.241.129.18:9400,nvidia-dcgm-exporter,NVIDIA A100-SXM4-80GB,nvidia-gpu-operator,nvidia-dcgm-exporter-xq25l,openshift-monitoring/k8s,nvidia-dcgm-exporter,0.0,base,fmaas-monitoring,llama3
2024-05-21 17:06:13.667999983,NVIDIA,6.16,G506.0210.00.03,2.0,1652523003996,92.00.45.00.05,535.104.05,12.535.104.05,fmaas-devstage-backen-9cjgj-worker-a100-il-rdma-3-jx6tm,GPU-f94e20f3-b883-1dc9-1c93-9769594edc6a,DCGM_FI_DEV_DEC_UTIL,nvidia-dcgm-exporter,nvidia2,gpu-metrics,2,192.241.129.18:9400,nvidia-dcgm-exporter,NVIDIA A100-SXM4-80GB,nvidia-gpu-operator,nvidia-dcgm-exporter-xq25l,openshift-monitoring/k8s,nvidia-dcgm-exporter,0.0,base,fmaas-monitoring,llama3
2024-05-21 17:06:43.667999983,NVIDIA,6.16,G506.0210.00.03,2.0,1652523003996,92.00.45.00.05,535.104.05,12.535.104.05,fmaas-devstage-backen-9cjgj-worker-a100-il-rdma-3-jx6tm,GPU-f94e20f3-b883-1dc9-1c93-9769594edc6a,DCGM_FI_DEV_DEC_UTIL,nvidia-dcgm-exporter,nvidia2,gpu-metrics,2,192.241.129.18:9400,nvidia-dcgm-exporter,NVIDIA A100-SXM4-80GB,nvidia-gpu-operator,nvidia-dcgm-exporter-xq25l,openshift-monitoring/k8s,nvidia-dcgm-exporter,0.0,base,fmaas-monitoring,llama3
2024-05-21 17:07:13.667999983,NVIDIA,6.16,G506.0210.00.03,2.0,1652523003996,92.00.45.00.05,535.104.05,12.535.104.05,fmaas-devstage-backen-9cjgj-worker-a100-il-rdma-3-jx6tm,GPU-f94e20f3-b883-1dc9-1c93-9769594edc6a,DCGM_FI_DEV_DEC_UTIL,nvidia-dcgm-exporter,nvidia2,gpu-metrics,2,192.241.129.18:9400,nvidia-dcgm-exporter,NVIDIA A100-SXM4-80GB,nvidia-gpu-operator,nvidia-dcgm-exporter-xq25l,openshift-monitoring/k8s,nvidia-dcgm-exporter,0.0,base,fmaas-monitoring,llama3
2024-05-21 17:07:43.667999983,NVIDIA,6.16,G506.0210.00.03,2.0,1652523003996,92.00.45.00.05,535.104.05,12.535.104.05,fmaas-devstage-backen-9cjgj-worker-a100-il-rdma-3-jx6tm,GPU-f94e20f3-b883-1dc9-1c93-9769594edc6a,DCGM_FI_DEV_DEC_UTIL,nvidia-dcgm-exporter,nvidia2,gpu-metrics,2,192.241.129.18:9400,nvidia-dcgm-exporter,NVIDIA A100-SXM4-80GB,nvidia-gpu-operator,nvidia-dcgm-exporter-xq25l,openshift-monitoring/k8s,nvidia-dcgm-exporter,0.0,base,fmaas-monitoring,llama3
2024-05-21 17:08:13.667999983,NVIDIA,6.16,G506.0210.00.03,2.0,1652523003996,92.00.45.00.05,535.104.05,12.535.104.05,fmaas-devstage-backen-9cjgj-worker-a100-il-rdma-3-jx6tm,GPU-f94e20f3-b883-1dc9-1c93-9769594edc6a,DCGM_FI_DEV_DEC_UTIL,nvidia-dcgm-exporter,nvidia2,gpu-metrics,2,192.241.129.18:9400,nvidia-dcgm-exporter,NVIDIA A100-SXM4-80GB,nvidia-gpu-operator,nvidia-dcgm-exporter-xq25l,openshift-monitoring/k8s,nvidia-dcgm-exporter,0.0,base,fmaas-monitoring,llama3
2024-05-21 17:08:43.667999983,NVIDIA,6.16,G506.0210.00.03,2.0,1652523003996,92.00.45.00.05,535.104.05,12.535.104.05,fmaas-devstage-backen-9cjgj-worker-a100-il-rdma-3-jx6tm,GPU-f94e20f3-b883-1dc9-1c93-9769594edc6a,DCGM_FI_DEV_DEC_UTIL,nvidia-dcgm-exporter,nvidia2,gpu-metrics,2,192.241.129.18:9400,nvidia-dcgm-exporter,NVIDIA A100-SXM4-80GB,nvidia-gpu-operator,nvidia-dcgm-exporter-xq25l,openshift-monitoring/k8s,nvidia-dcgm-exporter,0.0,base,fmaas-monitoring,llama3
2024-05-21 17:09:13.667999983,NVIDIA,6.16,G506.0210.00.03,2.0,1652523003996,92.00.45.00.05,535.104.05,12.535.104.05,fmaas-devstage-backen-9cjgj-worker-a100-il-rdma-3-jx6tm,GPU-f94e20f3-b883-1dc9-1c93-9769594edc6a,DCGM_FI_DEV_DEC_UTIL,nvidia-dcgm-exporter,nvidia2,gpu-metrics,2,192.241.129.18:9400,nvidia-dcgm-exporter,NVIDIA A100-SXM4-80GB,nvidia-gpu-operator,nvidia-dcgm-exporter-xq25l,openshift-monitoring/k8s,nvidia-dcgm-exporter,0.0,base,fmaas-monitoring,llama3
2024-05-21 17:09:43.667999983,NVIDIA,6.16,G506.0210.00.03,2.0,1652523003996,92.00.45.00.05,535.104.05,12.535.104.05,fmaas-devstage-backen-9cjgj-worker-a100-il-rdma-3-jx6tm,GPU-f94e20f3-b883-1dc9-1c93-9769594edc6a,DCGM_FI_DEV_DEC_UTIL,nvidia-dcgm-exporter,nvidia2,gpu-metrics,2,192.241.129.18:9400,nvidia-dcgm-exporter,NVIDIA A100-SXM4-80GB,nvidia-gpu-operator,nvidia-dcgm-exporter-xq25l,openshift-monitoring/k8s,nvidia-dcgm-exporter,0.0,base,fmaas-monitoring,llama3
2024-05-21 17:10:13.667999983,NVIDIA,6.16,G506.0210.00.03,2.0,1652523003996,92.00.45.00.05,535.104.05,12.535.104.05,fmaas-devstage-backen-9cjgj-worker-a100-il-rdma-3-jx6tm,GPU-f94e20f3-b883-1dc9-1c93-9769594edc6a,DCGM_FI_DEV_DEC_UTIL,nvidia-dcgm-exporter,nvidia2,gpu-metrics,2,192.241.129.18:9400,nvidia-dcgm-exporter,NVIDIA A100-SXM4-80GB,nvidia-gpu-operator,nvidia-dcgm-exporter-xq25l,openshift-monitoring/k8s,nvidia-dcgm-exporter,0.0,base,fmaas-monitoring,llama3
2024-05-21 17:10:43.667999983,NVIDIA,6.16,G506.0210.00.03,2.0,1652523003996,92.00.45.00.05,535.104.05,12.535.104.05,fmaas-devstage-backen-9cjgj-worker-a100-il-rdma-3-jx6tm,GPU-f94e20f3-b883-1dc9-1c93-9769594edc6a,DCGM_FI_DEV_DEC_UTIL,nvidia-dcgm-exporter,nvidia2,gpu-metrics,2,192.241.129.18:9400,nvidia-dcgm-exporter,NVIDIA A100-SXM4-80GB,nvidia-gpu-operator,nvidia-dcgm-exporter-xq25l,openshift-monitoring/k8s,nvidia-dcgm-exporter,0.0,base,fmaas-monitoring,llama3
2024-05-21 17:11:13.667999983,NVIDIA,6.16,G506.0210.00.03,2.0,1652523003996,92.00.45.00.05,535.104.05,12.535.104.05,fmaas-devstage-backen-9cjgj-worker-a100-il-rdma-3-jx6tm,GPU-f94e20f3-b883-1dc9-1c93-9769594edc6a,DCGM_FI_DEV_DEC_UTIL,nvidia-dcgm-exporter,nvidia2,gpu-metrics,2,192.241.129.18:9400,nvidia-dcgm-exporter,NVIDIA A100-SXM4-80GB,nvidia-gpu-operator,nvidia-dcgm-exporter-xq25l,openshift-monitoring/k8s,nvidia-dcgm-exporter,0.0,base,fmaas-monitoring,llama3
2024-05-21 17:11:43.667999983,NVIDIA,6.16,G506.0210.00.03,2.0,1652523003996,92.00.45.00.05,535.104.05,12.535.104.05,fmaas-devstage-backen-9cjgj-worker-a100-il-rdma-3-jx6tm,GPU-f94e20f3-b883-1dc9-1c93-9769594edc6a,DCGM_FI_DEV_DEC_UTIL,nvidia-dcgm-exporter,nvidia2,gpu-metrics,2,192.241.129.18:9400,nvidia-dcgm-exporter,NVIDIA A100-SXM4-80GB,nvidia-gpu-operator,nvidia-dcgm-exporter-xq25l,openshift-monitoring/k8s,nvidia-dcgm-exporter,0.0,base,fmaas-monitoring,llama3
2024-05-21 17:12:13.667999983,NVIDIA,6.16,G506.0210.00.03,2.0,1652523003996,92.00.45.00.05,535.104.05,12.535.104.05,fmaas-devstage-backen-9cjgj-worker-a100-il-rdma-3-jx6tm,GPU-f94e20f3-b883-1dc9-1c93-9769594edc6a,DCGM_FI_DEV_DEC_UTIL,nvidia-dcgm-exporter,nvidia2,gpu-metrics,2,192.241.129.18:9400,nvidia-dcgm-exporter,NVIDIA A100-SXM4-80GB,nvidia-gpu-operator,nvidia-dcgm-exporter-xq25l,openshift-monitoring/k8s,nvidia-dcgm-exporter,0.0,base,fmaas-monitoring,llama3
2024-05-21 17:12:43.667999983,NVIDIA,6.16,G506.0210.00.03,2.0,1652523003996,92.00.45.00.05,535.104.05,12.535.104.05,fmaas-devstage-backen-9cjgj-worker-a100-il-rdma-3-jx6tm,GPU-f94e20f3-b883-1dc9-1c93-9769594edc6a,DCGM_FI_DEV_DEC_UTIL,nvidia-dcgm-exporter,nvidia2,gpu-metrics,2,192.241.129.18:9400,nvidia-dcgm-exporter,NVIDIA A100-SXM4-80GB,nvidia-gpu-operator,nvidia-dcgm-exporter-xq25l,openshift-monitoring/k8s,nvidia-dcgm-exporter,0.0,base,fmaas-monitoring,llama3
2024-05-21 17:13:13.667999983,NVIDIA,6.16,G506.0210.00.03,2.0,1652523003996,92.00.45.00.05,535.104.05,12.535.104.05,fmaas-devstage-backen-9cjgj-worker-a100-il-rdma-3-jx6tm,GPU-f94e20f3-b883-1dc9-1c93-9769594edc6a,DCGM_FI_DEV_DEC_UTIL,nvidia-dcgm-exporter,nvidia2,gpu-metrics,2,192.241.129.18:9400,nvidia-dcgm-exporter,NVIDIA A100-SXM4-80GB,nvidia-gpu-operator,nvidia-dcgm-exporter-xq25l,openshift-monitoring/k8s,nvidia-dcgm-exporter,0.0,base,fmaas-monitoring,llama3
2024-05-21 17:13:43.667999983,NVIDIA,6.16,G506.0210.00.03,2.0,1652523003996,92.00.45.00.05,535.104.05,12.535.104.05,fmaas-devstage-backen-9cjgj-worker-a100-il-rdma-3-jx6tm,GPU-f94e20f3-b883-1dc9-1c93-9769594edc6a,DCGM_FI_DEV_DEC_UTIL,nvidia-dcgm-exporter,nvidia2,gpu-metrics,2,192.241.129.18:9400,nvidia-dcgm-exporter,NVIDIA A100-SXM4-80GB,nvidia-gpu-operator,nvidia-dcgm-exporter-xq25l,openshift-monitoring/k8s,nvidia-dcgm-exporter,0.0,base,fmaas-monitoring,llama3
2024-05-21 17:14:13.667999983,NVIDIA,6.16,G506.0210.00.03,2.0,1652523003996,92.00.45.00.05,535.104.05,12.535.104.05,fmaas-devstage-backen-9cjgj-worker-a100-il-rdma-3-jx6tm,GPU-f94e20f3-b883-1dc9-1c93-9769594edc6a,DCGM_FI_DEV_DEC_UTIL,nvidia-dcgm-exporter,nvidia2,gpu-metrics,2,192.241.129.18:9400,nvidia-dcgm-exporter,NVIDIA A100-SXM4-80GB,nvidia-gpu-operator,nvidia-dcgm-exporter-xq25l,openshift-monitoring/k8s,nvidia-dcgm-exporter,0.0,base,fmaas-monitoring,llama3
2024-05-21 17:14:43.667999983,NVIDIA,6.16,G506.0210.00.03,2.0,1652523003996,92.00.45.00.05,535.104.05,12.535.104.05,fmaas-devstage-backen-9cjgj-worker-a100-il-rdma-3-jx6tm,GPU-f94e20f3-b883-1dc9-1c93-9769594edc6a,DCGM_FI_DEV_DEC_UTIL,nvidia-dcgm-exporter,nvidia2,gpu-metrics,2,192.241.129.18:9400,nvidia-dcgm-exporter,NVIDIA A100-SXM4-80GB,nvidia-gpu-operator,nvidia-dcgm-exporter-xq25l,openshift-monitoring/k8s,nvidia-dcgm-exporter,0.0,base,fmaas-monitoring,llama3
2024-05-21 17:15:13.667999983,NVIDIA,6.16,G506.0210.00.03,2.0,1652523003996,92.00.45.00.05,535.104.05,12.535.104.05,fmaas-devstage-backen-9cjgj-worker-a100-il-rdma-3-jx6tm,GPU-f94e20f3-b883-1dc9-1c93-9769594edc6a,DCGM_FI_DEV_DEC_UTIL,nvidia-dcgm-exporter,nvidia2,gpu-metrics,2,192.241.129.18:9400,nvidia-dcgm-exporter,NVIDIA A100-SXM4-80GB,nvidia-gpu-operator,nvidia-dcgm-exporter-xq25l,openshift-monitoring/k8s,nvidia-dcgm-exporter,0.0,base,fmaas-monitoring,llama3
2024-05-21 17:15:43.667999983,NVIDIA,6.16,G506.0210.00.03,2.0,1652523003996,92.00.45.00.05,535.104.05,12.535.104.05,fmaas-devstage-backen-9cjgj-worker-a100-il-rdma-3-jx6tm,GPU-f94e20f3-b883-1dc9-1c93-9769594edc6a,DCGM_FI_DEV_DEC_UTIL,nvidia-dcgm-exporter,nvidia2,gpu-metrics,2,192.241.129.18:9400,nvidia-dcgm-exporter,NVIDIA A100-SXM4-80GB,nvidia-gpu-operator,nvidia-dcgm-exporter-xq25l,openshift-monitoring/k8s,nvidia-dcgm-exporter,0.0,base,fmaas-monitoring,llama3
2024-05-21 17:06:00.772000074,NVIDIA,6.16,G506.0210.00.03,2.0,1652523004560,92.00.45.00.05,535.104.05,12.535.104.05,fmaas-devstage-backen-9cjgj-worker-a100-il-rdma-3-jx6tm,GPU-fae4890e-cca3-f53f-3743-ba11e6e50022,DCGM_FI_DEV_DEC_UTIL,nvidia-dcgm-exporter,nvidia3,gpu-metrics,3,192.241.129.18:9400,nvidia-dcgm-exporter,NVIDIA A100-SXM4-80GB,nvidia-gpu-operator,nvidia-dcgm-exporter-xq25l,openshift-monitoring/k8s,nvidia-dcgm-exporter,0.0,,,
2024-05-21 17:06:13.667999983,NVIDIA,6.16,G506.0210.00.03,2.0,1652523004560,92.00.45.00.05,535.104.05,12.535.104.05,fmaas-devstage-backen-9cjgj-worker-a100-il-rdma-3-jx6tm,GPU-fae4890e-cca3-f53f-3743-ba11e6e50022,DCGM_FI_DEV_DEC_UTIL,nvidia-dcgm-exporter,nvidia3,gpu-metrics,3,192.241.129.18:9400,nvidia-dcgm-exporter,NVIDIA A100-SXM4-80GB,nvidia-gpu-operator,nvidia-dcgm-exporter-xq25l,openshift-monitoring/k8s,nvidia-dcgm-exporter,0.0,,,
2024-05-21 17:06:43.667999983,NVIDIA,6.16,G506.0210.00.03,2.0,1652523004560,92.00.45.00.05,535.104.05,12.535.104.05,fmaas-devstage-backen-9cjgj-worker-a100-il-rdma-3-jx6tm,GPU-fae4890e-cca3-f53f-3743-ba11e6e50022,DCGM_FI_DEV_DEC_UTIL,nvidia-dcgm-exporter,nvidia3,gpu-metrics,3,192.241.129.18:9400,nvidia-dcgm-exporter,NVIDIA A100-SXM4-80GB,nvidia-gpu-operator,nvidia-dcgm-exporter-xq25l,openshift-monitoring/k8s,nvidia-dcgm-exporter,0.0,,,
2024-05-21 17:07:13.667999983,NVIDIA,6.16,G506.0210.00.03,2.0,1652523004560,92.00.45.00.05,535.104.05,12.535.104.05,fmaas-devstage-backen-9cjgj-worker-a100-il-rdma-3-jx6tm,GPU-fae4890e-cca3-f53f-3743-ba11e6e50022,DCGM_FI_DEV_DEC_UTIL,nvidia-dcgm-exporter,nvidia3,gpu-metrics,3,192.241.129.18:9400,nvidia-dcgm-exporter,NVIDIA A100-SXM4-80GB,nvidia-gpu-operator,nvidia-dcgm-exporter-xq25l,openshift-monitoring/k8s,nvidia-dcgm-exporter,0.0,,,
2024-05-21 17:07:43.667999983,NVIDIA,6.16,G506.0210.00.03,2.0,1652523004560,92.00.45.00.05,535.104.05,12.535.104.05,fmaas-devstage-backen-9cjgj-worker-a100-il-rdma-3-jx6tm,GPU-fae4890e-cca3-f53f-3743-ba11e6e50022,DCGM_FI_DEV_DEC_UTIL,nvidia-dcgm-exporter,nvidia3,gpu-metrics,3,192.241.129.18:9400,nvidia-dcgm-exporter,NVIDIA A100-SXM4-80GB,nvidia-gpu-operator,nvidia-dcgm-exporter-xq25l,openshift-monitoring/k8s,nvidia-dcgm-exporter,0.0,,,
2024-05-21 17:08:13.667999983,NVIDIA,6.16,G506.0210.00.03,2.0,1652523004560,92.00.45.00.05,535.104.05,12.535.104.05,fmaas-devstage-backen-9cjgj-worker-a100-il-rdma-3-jx6tm,GPU-fae4890e-cca3-f53f-3743-ba11e6e50022,DCGM_FI_DEV_DEC_UTIL,nvidia-dcgm-exporter,nvidia3,gpu-metrics,3,192.241.129.18:9400,nvidia-dcgm-exporter,NVIDIA A100-SXM4-80GB,nvidia-gpu-operator,nvidia-dcgm-exporter-xq25l,openshift-monitoring/k8s,nvidia-dcgm-exporter,0.0,,,
2024-05-21 17:08:43.667999983,NVIDIA,6.16,G506.0210.00.03,2.0,1652523004560,92.00.45.00.05,535.104.05,12.535.104.05,fmaas-devstage-backen-9cjgj-worker-a100-il-rdma-3-jx6tm,GPU-fae4890e-cca3-f53f-3743-ba11e6e50022,DCGM_FI_DEV_DEC_UTIL,nvidia-dcgm-exporter,nvidia3,gpu-metrics,3,192.241.129.18:9400,nvidia-dcgm-exporter,NVIDIA A100-SXM4-80GB,nvidia-gpu-operator,nvidia-dcgm-exporter-xq25l,openshift-monitoring/k8s,nvidia-dcgm-exporter,0.0,,,
2024-05-21 17:09:13.667999983,NVIDIA,6.16,G506.0210.00.03,2.0,1652523004560,92.00.45.00.05,535.104.05,12.535.104.05,fmaas-devstage-backen-9cjgj-worker-a100-il-rdma-3-jx6tm,GPU-fae4890e-cca3-f53f-3743-ba11e6e50022,DCGM_FI_DEV_DEC_UTIL,nvidia-dcgm-exporter,nvidia3,gpu-metrics,3,192.241.129.18:9400,nvidia-dcgm-exporter,NVIDIA A100-SXM4-80GB,nvidia-gpu-operator,nvidia-dcgm-exporter-xq25l,openshift-monitoring/k8s,nvidia-dcgm-exporter,0.0,,,
2024-05-21 17:09:43.667999983,NVIDIA,6.16,G506.0210.00.03,2.0,1652523004560,92.00.45.00.05,535.104.05,12.535.104.05,fmaas-devstage-backen-9cjgj-worker-a100-il-rdma-3-jx6tm,GPU-fae4890e-cca3-f53f-3743-ba11e6e50022,DCGM_FI_DEV_DEC_UTIL,nvidia-dcgm-exporter,nvidia3,gpu-metrics,3,192.241.129.18:9400,nvidia-dcgm-exporter,NVIDIA A100-SXM4-80GB,nvidia-gpu-operator,nvidia-dcgm-exporter-xq25l,openshift-monitoring/k8s,nvidia-dcgm-exporter,0.0,,,
2024-05-21 17:10:13.667999983,NVIDIA,6.16,G506.0210.00.03,2.0,1652523004560,92.00.45.00.05,535.104.05,12.535.104.05,fmaas-devstage-backen-9cjgj-worker-a100-il-rdma-3-jx6tm,GPU-fae4890e-cca3-f53f-3743-ba11e6e50022,DCGM_FI_DEV_DEC_UTIL,nvidia-dcgm-exporter,nvidia3,gpu-metrics,3,192.241.129.18:9400,nvidia-dcgm-exporter,NVIDIA A100-SXM4-80GB,nvidia-gpu-operator,nvidia-dcgm-exporter-xq25l,openshift-monitoring/k8s,nvidia-dcgm-exporter,0.0,,,
2024-05-21 17:10:43.667999983,NVIDIA,6.16,G506.0210.00.03,2.0,1652523004560,92.00.45.00.05,535.104.05,12.535.104.05,fmaas-devstage-backen-9cjgj-worker-a100-il-rdma-3-jx6tm,GPU-fae4890e-cca3-f53f-3743-ba11e6e50022,DCGM_FI_DEV_DEC_UTIL,nvidia-dcgm-exporter,nvidia3,gpu-metrics,3,192.241.129.18:9400,nvidia-dcgm-exporter,NVIDIA A100-SXM4-80GB,nvidia-gpu-operator,nvidia-dcgm-exporter-xq25l,openshift-monitoring/k8s,nvidia-dcgm-exporter,0.0,,,
2024-05-21 17:11:13.667999983,NVIDIA,6.16,G506.0210.00.03,2.0,1652523004560,92.00.45.00.05,535.104.05,12.535.104.05,fmaas-devstage-backen-9cjgj-worker-a100-il-rdma-3-jx6tm,GPU-fae4890e-cca3-f53f-3743-ba11e6e50022,DCGM_FI_DEV_DEC_UTIL,nvidia-dcgm-exporter,nvidia3,gpu-metrics,3,192.241.129.18:9400,nvidia-dcgm-exporter,NVIDIA A100-SXM4-80GB,nvidia-gpu-operator,nvidia-dcgm-exporter-xq25l,openshift-monitoring/k8s,nvidia-dcgm-exporter,0.0,,,
2024-05-21 17:11:43.667999983,NVIDIA,6.16,G506.0210.00.03,2.0,1652523004560,92.00.45.00.05,535.104.05,12.535.104.05,fmaas-devstage-backen-9cjgj-worker-a100-il-rdma-3-jx6tm,GPU-fae4890e-cca3-f53f-3743-ba11e6e50022,DCGM_FI_DEV_DEC_UTIL,nvidia-dcgm-exporter,nvidia3,gpu-metrics,3,192.241.129.18:9400,nvidia-dcgm-exporter,NVIDIA A100-SXM4-80GB,nvidia-gpu-operator,nvidia-dcgm-exporter-xq25l,openshift-monitoring/k8s,nvidia-dcgm-exporter,0.0,,,
2024-05-21 17:12:13.667999983,NVIDIA,6.16,G506.0210.00.03,2.0,1652523004560,92.00.45.00.05,535.104.05,12.535.104.05,fmaas-devstage-backen-9cjgj-worker-a100-il-rdma-3-jx6tm,GPU-fae4890e-cca3-f53f-3743-ba11e6e50022,DCGM_FI_DEV_DEC_UTIL,nvidia-dcgm-exporter,nvidia3,gpu-metrics,3,192.241.129.18:9400,nvidia-dcgm-exporter,NVIDIA A100-SXM4-80GB,nvidia-gpu-operator,nvidia-dcgm-exporter-xq25l,openshift-monitoring/k8s,nvidia-dcgm-exporter,0.0,,,
2024-05-21 17:12:43.667999983,NVIDIA,6.16,G506.0210.00.03,2.0,1652523004560,92.00.45.00.05,535.104.05,12.535.104.05,fmaas-devstage-backen-9cjgj-worker-a100-il-rdma-3-jx6tm,GPU-fae4890e-cca3-f53f-3743-ba11e6e50022,DCGM_FI_DEV_DEC_UTIL,nvidia-dcgm-exporter,nvidia3,gpu-metrics,3,192.241.129.18:9400,nvidia-dcgm-exporter,NVIDIA A100-SXM4-80GB,nvidia-gpu-operator,nvidia-dcgm-exporter-xq25l,openshift-monitoring/k8s,nvidia-dcgm-exporter,0.0,,,
2024-05-21 17:13:13.667999983,NVIDIA,6.16,G506.0210.00.03,2.0,1652523004560,92.00.45.00.05,535.104.05,12.535.104.05,fmaas-devstage-backen-9cjgj-worker-a100-il-rdma-3-jx6tm,GPU-fae4890e-cca3-f53f-3743-ba11e6e50022,DCGM_FI_DEV_DEC_UTIL,nvidia-dcgm-exporter,nvidia3,gpu-metrics,3,192.241.129.18:9400,nvidia-dcgm-exporter,NVIDIA A100-SXM4-80GB,nvidia-gpu-operator,nvidia-dcgm-exporter-xq25l,openshift-monitoring/k8s,nvidia-dcgm-exporter,0.0,,,
2024-05-21 17:13:43.667999983,NVIDIA,6.16,G506.0210.00.03,2.0,1652523004560,92.00.45.00.05,535.104.05,12.535.104.05,fmaas-devstage-backen-9cjgj-worker-a100-il-rdma-3-jx6tm,GPU-fae4890e-cca3-f53f-3743-ba11e6e50022,DCGM_FI_DEV_DEC_UTIL,nvidia-dcgm-exporter,nvidia3,gpu-metrics,3,192.241.129.18:9400,nvidia-dcgm-exporter,NVIDIA A100-SXM4-80GB,nvidia-gpu-operator,nvidia-dcgm-exporter-xq25l,openshift-monitoring/k8s,nvidia-dcgm-exporter,0.0,,,
2024-05-21 17:14:13.667999983,NVIDIA,6.16,G506.0210.00.03,2.0,1652523004560,92.00.45.00.05,535.104.05,12.535.104.05,fmaas-devstage-backen-9cjgj-worker-a100-il-rdma-3-jx6tm,GPU-fae4890e-cca3-f53f-3743-ba11e6e50022,DCGM_FI_DEV_DEC_UTIL,nvidia-dcgm-exporter,nvidia3,gpu-metrics,3,192.241.129.18:9400,nvidia-dcgm-exporter,NVIDIA A100-SXM4-80GB,nvidia-gpu-operator,nvidia-dcgm-exporter-xq25l,openshift-monitoring/k8s,nvidia-dcgm-exporter,0.0,,,
2024-05-21 17:14:43.667999983,NVIDIA,6.16,G506.0210.00.03,2.0,1652523004560,92.00.45.00.05,535.104.05,12.535.104.05,fmaas-devstage-backen-9cjgj-worker-a100-il-rdma-3-jx6tm,GPU-fae4890e-cca3-f53f-3743-ba11e6e50022,DCGM_FI_DEV_DEC_UTIL,nvidia-dcgm-exporter,nvidia3,gpu-metrics,3,192.241.129.18:9400,nvidia-dcgm-exporter,NVIDIA A100-SXM4-80GB,nvidia-gpu-operator,nvidia-dcgm-exporter-xq25l,openshift-monitoring/k8s,nvidia-dcgm-exporter,0.0,,,
2024-05-21 17:15:13.667999983,NVIDIA,6.16,G506.0210.00.03,2.0,1652523004560,92.00.45.00.05,535.104.05,12.535.104.05,fmaas-devstage-backen-9cjgj-worker-a100-il-rdma-3-jx6tm,GPU-fae4890e-cca3-f53f-3743-ba11e6e50022,DCGM_FI_DEV_DEC_UTIL,nvidia-dcgm-exporter,nvidia3,gpu-metrics,3,192.241.129.18:9400,nvidia-dcgm-exporter,NVIDIA A100-SXM4-80GB,nvidia-gpu-operator,nvidia-dcgm-exporter-xq25l,openshift-monitoring/k8s,nvidia-dcgm-exporter,0.0,,,
2024-05-21 17:15:43.667999983,NVIDIA,6.16,G506.0210.00.03,2.0,1652523004560,92.00.45.00.05,535.104.05,12.535.104.05,fmaas-devstage-backen-9cjgj-worker-a100-il-rdma-3-jx6tm,GPU-fae4890e-cca3-f53f-3743-ba11e6e50022,DCGM_FI_DEV_DEC_UTIL,nvidia-dcgm-exporter,nvidia3,gpu-metrics,3,192.241.129.18:9400,nvidia-dcgm-exporter,NVIDIA A100-SXM4-80GB,nvidia-gpu-operator,nvidia-dcgm-exporter-xq25l,openshift-monitoring/k8s,nvidia-dcgm-exporter,0.0,,,
2024-05-21 17:06:00.772000074,NVIDIA,6.16,G506.0210.00.03,2.0,1652523004804,92.00.45.00.05,535.104.05,12.535.104.05,fmaas-devstage-backen-9cjgj-worker-a100-il-rdma-3-jx6tm,GPU-6813d4a5-a19a-6a1f-b0ae-7d70939dc17d,DCGM_FI_DEV_DEC_UTIL,nvidia-dcgm-exporter,nvidia5,gpu-metrics,5,192.241.129.18:9400,nvidia-dcgm-exporter,NVIDIA A100-SXM4-80GB,nvidia-gpu-operator,nvidia-dcgm-exporter-xq25l,openshift-monitoring/k8s,nvidia-dcgm-exporter,0.0,,,
2024-05-21 17:06:13.667999983,NVIDIA,6.16,G506.0210.00.03,2.0,1652523004804,92.00.45.00.05,535.104.05,12.535.104.05,fmaas-devstage-backen-9cjgj-worker-a100-il-rdma-3-jx6tm,GPU-6813d4a5-a19a-6a1f-b0ae-7d70939dc17d,DCGM_FI_DEV_DEC_UTIL,nvidia-dcgm-exporter,nvidia5,gpu-metrics,5,192.241.129.18:9400,nvidia-dcgm-exporter,NVIDIA A100-SXM4-80GB,nvidia-gpu-operator,nvidia-dcgm-exporter-xq25l,openshift-monitoring/k8s,nvidia-dcgm-exporter,0.0,,,
2024-05-21 17:06:43.667999983,NVIDIA,6.16,G506.0210.00.03,2.0,1652523004804,92.00.45.00.05,535.104.05,12.535.104.05,fmaas-devstage-backen-9cjgj-worker-a100-il-rdma-3-jx6tm,GPU-6813d4a5-a19a-6a1f-b0ae-7d70939dc17d,DCGM_FI_DEV_DEC_UTIL,nvidia-dcgm-exporter,nvidia5,gpu-metrics,5,192.241.129.18:9400,nvidia-dcgm-exporter,NVIDIA A100-SXM4-80GB,nvidia-gpu-operator,nvidia-dcgm-exporter-xq25l,openshift-monitoring/k8s,nvidia-dcgm-exporter,0.0,,,
2024-05-21 17:07:13.667999983,NVIDIA,6.16,G506.0210.00.03,2.0,1652523004804,92.00.45.00.05,535.104.05,12.535.104.05,fmaas-devstage-backen-9cjgj-worker-a100-il-rdma-3-jx6tm,GPU-6813d4a5-a19a-6a1f-b0ae-7d70939dc17d,DCGM_FI_DEV_DEC_UTIL,nvidia-dcgm-exporter,nvidia5,gpu-metrics,5,192.241.129.18:9400,nvidia-dcgm-exporter,NVIDIA A100-SXM4-80GB,nvidia-gpu-operator,nvidia-dcgm-exporter-xq25l,openshift-monitoring/k8s,nvidia-dcgm-exporter,0.0,,,
2024-05-21 17:07:43.667999983,NVIDIA,6.16,G506.0210.00.03,2.0,1652523004804,92.00.45.00.05,535.104.05,12.535.104.05,fmaas-devstage-backen-9cjgj-worker-a100-il-rdma-3-jx6tm,GPU-6813d4a5-a19a-6a1f-b0ae-7d70939dc17d,DCGM_FI_DEV_DEC_UTIL,nvidia-dcgm-exporter,nvidia5,gpu-metrics,5,192.241.129.18:9400,nvidia-dcgm-exporter,NVIDIA A100-SXM4-80GB,nvidia-gpu-operator,nvidia-dcgm-exporter-xq25l,openshift-monitoring/k8s,nvidia-dcgm-exporter,0.0,,,
2024-05-21 17:08:13.667999983,NVIDIA,6.16,G506.0210.00.03,2.0,1652523004804,92.00.45.00.05,535.104.05,12.535.104.05,fmaas-devstage-backen-9cjgj-worker-a100-il-rdma-3-jx6tm,GPU-6813d4a5-a19a-6a1f-b0ae-7d70939dc17d,DCGM_FI_DEV_DEC_UTIL,nvidia-dcgm-exporter,nvidia5,gpu-metrics,5,192.241.129.18:9400,nvidia-dcgm-exporter,NVIDIA A100-SXM4-80GB,nvidia-gpu-operator,nvidia-dcgm-exporter-xq25l,openshift-monitoring/k8s,nvidia-dcgm-exporter,0.0,,,
2024-05-21 17:08:43.667999983,NVIDIA,6.16,G506.0210.00.03,2.0,1652523004804,92.00.45.00.05,535.104.05,12.535.104.05,fmaas-devstage-backen-9cjgj-worker-a100-il-rdma-3-jx6tm,GPU-6813d4a5-a19a-6a1f-b0ae-7d70939dc17d,DCGM_FI_DEV_DEC_UTIL,nvidia-dcgm-exporter,nvidia5,gpu-metrics,5,192.241.129.18:9400,nvidia-dcgm-exporter,NVIDIA A100-SXM4-80GB,nvidia-gpu-operator,nvidia-dcgm-exporter-xq25l,openshift-monitoring/k8s,nvidia-dcgm-exporter,0.0,,,
2024-05-21 17:09:13.667999983,NVIDIA,6.16,G506.0210.00.03,2.0,1652523004804,92.00.45.00.05,535.104.05,12.535.104.05,fmaas-devstage-backen-9cjgj-worker-a100-il-rdma-3-jx6tm,GPU-6813d4a5-a19a-6a1f-b0ae-7d70939dc17d,DCGM_FI_DEV_DEC_UTIL,nvidia-dcgm-exporter,nvidia5,gpu-metrics,5,192.241.129.18:9400,nvidia-dcgm-exporter,NVIDIA A100-SXM4-80GB,nvidia-gpu-operator,nvidia-dcgm-exporter-xq25l,openshift-monitoring/k8s,nvidia-dcgm-exporter,0.0,,,
2024-05-21 17:09:43.667999983,NVIDIA,6.16,G506.0210.00.03,2.0,1652523004804,92.00.45.00.05,535.104.05,12.535.104.05,fmaas-devstage-backen-9cjgj-worker-a100-il-rdma-3-jx6tm,GPU-6813d4a5-a19a-6a1f-b0ae-7d70939dc17d,DCGM_FI_DEV_DEC_UTIL,nvidia-dcgm-exporter,nvidia5,gpu-metrics,5,192.241.129.18:9400,nvidia-dcgm-exporter,NVIDIA A100-SXM4-80GB,nvidia-gpu-operator,nvidia-dcgm-exporter-xq25l,openshift-monitoring/k8s,nvidia-dcgm-exporter,0.0,,,
2024-05-21 17:10:13.667999983,NVIDIA,6.16,G506.0210.00.03,2.0,1652523004804,92.00.45.00.05,535.104.05,12.535.104.05,fmaas-devstage-backen-9cjgj-worker-a100-il-rdma-3-jx6tm,GPU-6813d4a5-a19a-6a1f-b0ae-7d70939dc17d,DCGM_FI_DEV_DEC_UTIL,nvidia-dcgm-exporter,nvidia5,gpu-metrics,5,192.241.129.18:9400,nvidia-dcgm-exporter,NVIDIA A100-SXM4-80GB,nvidia-gpu-operator,nvidia-dcgm-exporter-xq25l,openshift-monitoring/k8s,nvidia-dcgm-exporter,0.0,,,
2024-05-21 17:10:43.667999983,NVIDIA,6.16,G506.0210.00.03,2.0,1652523004804,92.00.45.00.05,535.104.05,12.535.104.05,fmaas-devstage-backen-9cjgj-worker-a100-il-rdma-3-jx6tm,GPU-6813d4a5-a19a-6a1f-b0ae-7d70939dc17d,DCGM_FI_DEV_DEC_UTIL,nvidia-dcgm-exporter,nvidia5,gpu-metrics,5,192.241.129.18:9400,nvidia-dcgm-exporter,NVIDIA A100-SXM4-80GB,nvidia-gpu-operator,nvidia-dcgm-exporter-xq25l,openshift-monitoring/k8s,nvidia-dcgm-exporter,0.0,,,
2024-05-21 17:11:13.667999983,NVIDIA,6.16,G506.0210.00.03,2.0,1652523004804,92.00.45.00.05,535.104.05,12.535.104.05,fmaas-devstage-backen-9cjgj-worker-a100-il-rdma-3-jx6tm,GPU-6813d4a5-a19a-6a1f-b0ae-7d70939dc17d,DCGM_FI_DEV_DEC_UTIL,nvidia-dcgm-exporter,nvidia5,gpu-metrics,5,192.241.129.18:9400,nvidia-dcgm-exporter,NVIDIA A100-SXM4-80GB,nvidia-gpu-operator,nvidia-dcgm-exporter-xq25l,openshift-monitoring/k8s,nvidia-dcgm-exporter,0.0,,,
2024-05-21 17:11:43.667999983,NVIDIA,6.16,G506.0210.00.03,2.0,1652523004804,92.00.45.00.05,535.104.05,12.535.104.05,fmaas-devstage-backen-9cjgj-worker-a100-il-rdma-3-jx6tm,GPU-6813d4a5-a19a-6a1f-b0ae-7d70939dc17d,DCGM_FI_DEV_DEC_UTIL,nvidia-dcgm-exporter,nvidia5,gpu-metrics,5,192.241.129.18:9400,nvidia-dcgm-exporter,NVIDIA A100-SXM4-80GB,nvidia-gpu-operator,nvidia-dcgm-exporter-xq25l,openshift-monitoring/k8s,nvidia-dcgm-exporter,0.0,,,
2024-05-21 17:12:13.667999983,NVIDIA,6.16,G506.0210.00.03,2.0,1652523004804,92.00.45.00.05,535.104.05,12.535.104.05,fmaas-devstage-backen-9cjgj-worker-a100-il-rdma-3-jx6tm,GPU-6813d4a5-a19a-6a1f-b0ae-7d70939dc17d,DCGM_FI_DEV_DEC_UTIL,nvidia-dcgm-exporter,nvidia5,gpu-metrics,5,192.241.129.18:9400,nvidia-dcgm-exporter,NVIDIA A100-SXM4-80GB,nvidia-gpu-operator,nvidia-dcgm-exporter-xq25l,openshift-monitoring/k8s,nvidia-dcgm-exporter,0.0,,,
2024-05-21 17:12:43.667999983,NVIDIA,6.16,G506.0210.00.03,2.0,1652523004804,92.00.45.00.05,535.104.05,12.535.104.05,fmaas-devstage-backen-9cjgj-worker-a100-il-rdma-3-jx6tm,GPU-6813d4a5-a19a-6a1f-b0ae-7d70939dc17d,DCGM_FI_DEV_DEC_UTIL,nvidia-dcgm-exporter,nvidia5,gpu-metrics,5,192.241.129.18:9400,nvidia-dcgm-exporter,NVIDIA A100-SXM4-80GB,nvidia-gpu-operator,nvidia-dcgm-exporter-xq25l,openshift-monitoring/k8s,nvidia-dcgm-exporter,0.0,,,
2024-05-21 17:13:13.667999983,NVIDIA,6.16,G506.0210.00.03,2.0,1652523004804,92.00.45.00.05,535.104.05,12.535.104.05,fmaas-devstage-backen-9cjgj-worker-a100-il-rdma-3-jx6tm,GPU-6813d4a5-a19a-6a1f-b0ae-7d70939dc17d,DCGM_FI_DEV_DEC_UTIL,nvidia-dcgm-exporter,nvidia5,gpu-metrics,5,192.241.129.18:9400,nvidia-dcgm-exporter,NVIDIA A100-SXM4-80GB,nvidia-gpu-operator,nvidia-dcgm-exporter-xq25l,openshift-monitoring/k8s,nvidia-dcgm-exporter,0.0,,,
2024-05-21 17:13:43.667999983,NVIDIA,6.16,G506.0210.00.03,2.0,1652523004804,92.00.45.00.05,535.104.05,12.535.104.05,fmaas-devstage-backen-9cjgj-worker-a100-il-rdma-3-jx6tm,GPU-6813d4a5-a19a-6a1f-b0ae-7d70939dc17d,DCGM_FI_DEV_DEC_UTIL,nvidia-dcgm-exporter,nvidia5,gpu-metrics,5,192.241.129.18:9400,nvidia-dcgm-exporter,NVIDIA A100-SXM4-80GB,nvidia-gpu-operator,nvidia-dcgm-exporter-xq25l,openshift-monitoring/k8s,nvidia-dcgm-exporter,0.0,,,
2024-05-21 17:14:13.667999983,NVIDIA,6.16,G506.0210.00.03,2.0,1652523004804,92.00.45.00.05,535.104.05,12.535.104.05,fmaas-devstage-backen-9cjgj-worker-a100-il-rdma-3-jx6tm,GPU-6813d4a5-a19a-6a1f-b0ae-7d70939dc17d,DCGM_FI_DEV_DEC_UTIL,nvidia-dcgm-exporter,nvidia5,gpu-metrics,5,192.241.129.18:9400,nvidia-dcgm-exporter,NVIDIA A100-SXM4-80GB,nvidia-gpu-operator,nvidia-dcgm-exporter-xq25l,openshift-monitoring/k8s,nvidia-dcgm-exporter,0.0,,,
2024-05-21 17:14:43.667999983,NVIDIA,6.16,G506.0210.00.03,2.0,1652523004804,92.00.45.00.05,535.104.05,12.535.104.05,fmaas-devstage-backen-9cjgj-worker-a100-il-rdma-3-jx6tm,GPU-6813d4a5-a19a-6a1f-b0ae-7d70939dc17d,DCGM_FI_DEV_DEC_UTIL,nvidia-dcgm-exporter,nvidia5,gpu-metrics,5,192.241.129.18:9400,nvidia-dcgm-exporter,NVIDIA A100-SXM4-80GB,nvidia-gpu-operator,nvidia-dcgm-exporter-xq25l,openshift-monitoring/k8s,nvidia-dcgm-exporter,0.0,,,
2024-05-21 17:15:13.667999983,NVIDIA,6.16,G506.0210.00.03,2.0,1652523004804,92.00.45.00.05,535.104.05,12.535.104.05,fmaas-devstage-backen-9cjgj-worker-a100-il-rdma-3-jx6tm,GPU-6813d4a5-a19a-6a1f-b0ae-7d70939dc17d,DCGM_FI_DEV_DEC_UTIL,nvidia-dcgm-exporter,nvidia5,gpu-metrics,5,192.241.129.18:9400,nvidia-dcgm-exporter,NVIDIA A100-SXM4-80GB,nvidia-gpu-operator,nvidia-dcgm-exporter-xq25l,openshift-monitoring/k8s,nvidia-dcgm-exporter,0.0,,,
2024-05-21 17:15:43.667999983,NVIDIA,6.16,G506.0210.00.03,2.0,1652523004804,92.00.45.00.05,535.104.05,12.535.104.05,fmaas-devstage-backen-9cjgj-worker-a100-il-rdma-3-jx6tm,GPU-6813d4a5-a19a-6a1f-b0ae-7d70939dc17d,DCGM_FI_DEV_DEC_UTIL,nvidia-dcgm-exporter,nvidia5,gpu-metrics,5,192.241.129.18:9400,nvidia-dcgm-exporter,NVIDIA A100-SXM4-80GB,nvidia-gpu-operator,nvidia-dcgm-exporter-xq25l,openshift-monitoring/k8s,nvidia-dcgm-exporter,0.0,,,
2024-05-21 17:06:00.772000074,NVIDIA,6.16,G506.0210.00.03,2.0,1652523021837,92.00.45.00.05,535.104.05,12.535.104.05,fmaas-devstage-backen-9cjgj-worker-a100-il-rdma-3-jx6tm,GPU-b30541a1-5408-9bb3-d9fa-12665d1e7472,DCGM_FI_DEV_DEC_UTIL,nvidia-dcgm-exporter,nvidia4,gpu-metrics,4,192.241.129.18:9400,nvidia-dcgm-exporter,NVIDIA A100-SXM4-80GB,nvidia-gpu-operator,nvidia-dcgm-exporter-xq25l,openshift-monitoring/k8s,nvidia-dcgm-exporter,0.0,,,
2024-05-21 17:06:13.667999983,NVIDIA,6.16,G506.0210.00.03,2.0,1652523021837,92.00.45.00.05,535.104.05,12.535.104.05,fmaas-devstage-backen-9cjgj-worker-a100-il-rdma-3-jx6tm,GPU-b30541a1-5408-9bb3-d9fa-12665d1e7472,DCGM_FI_DEV_DEC_UTIL,nvidia-dcgm-exporter,nvidia4,gpu-metrics,4,192.241.129.18:9400,nvidia-dcgm-exporter,NVIDIA A100-SXM4-80GB,nvidia-gpu-operator,nvidia-dcgm-exporter-xq25l,openshift-monitoring/k8s,nvidia-dcgm-exporter,0.0,,,
2024-05-21 17:06:43.667999983,NVIDIA,6.16,G506.0210.00.03,2.0,1652523021837,92.00.45.00.05,535.104.05,12.535.104.05,fmaas-devstage-backen-9cjgj-worker-a100-il-rdma-3-jx6tm,GPU-b30541a1-5408-9bb3-d9fa-12665d1e7472,DCGM_FI_DEV_DEC_UTIL,nvidia-dcgm-exporter,nvidia4,gpu-metrics,4,192.241.129.18:9400,nvidia-dcgm-exporter,NVIDIA A100-SXM4-80GB,nvidia-gpu-operator,nvidia-dcgm-exporter-xq25l,openshift-monitoring/k8s,nvidia-dcgm-exporter,0.0,,,
2024-05-21 17:07:13.667999983,NVIDIA,6.16,G506.0210.00.03,2.0,1652523021837,92.00.45.00.05,535.104.05,12.535.104.05,fmaas-devstage-backen-9cjgj-worker-a100-il-rdma-3-jx6tm,GPU-b30541a1-5408-9bb3-d9fa-12665d1e7472,DCGM_FI_DEV_DEC_UTIL,nvidia-dcgm-exporter,nvidia4,gpu-metrics,4,192.241.129.18:9400,nvidia-dcgm-exporter,NVIDIA A100-SXM4-80GB,nvidia-gpu-operator,nvidia-dcgm-exporter-xq25l,openshift-monitoring/k8s,nvidia-dcgm-exporter,0.0,,,
2024-05-21 17:07:43.667999983,NVIDIA,6.16,G506.0210.00.03,2.0,1652523021837,92.00.45.00.05,535.104.05,12.535.104.05,fmaas-devstage-backen-9cjgj-worker-a100-il-rdma-3-jx6tm,GPU-b30541a1-5408-9bb3-d9fa-12665d1e7472,DCGM_FI_DEV_DEC_UTIL,nvidia-dcgm-exporter,nvidia4,gpu-metrics,4,192.241.129.18:9400,nvidia-dcgm-exporter,NVIDIA A100-SXM4-80GB,nvidia-gpu-operator,nvidia-dcgm-exporter-xq25l,openshift-monitoring/k8s,nvidia-dcgm-exporter,0.0,,,
2024-05-21 17:08:13.667999983,NVIDIA,6.16,G506.0210.00.03,2.0,1652523021837,92.00.45.00.05,535.104.05,12.535.104.05,fmaas-devstage-backen-9cjgj-worker-a100-il-rdma-3-jx6tm,GPU-b30541a1-5408-9bb3-d9fa-12665d1e7472,DCGM_FI_DEV_DEC_UTIL,nvidia-dcgm-exporter,nvidia4,gpu-metrics,4,192.241.129.18:9400,nvidia-dcgm-exporter,NVIDIA A100-SXM4-80GB,nvidia-gpu-operator,nvidia-dcgm-exporter-xq25l,openshift-monitoring/k8s,nvidia-dcgm-exporter,0.0,,,
2024-05-21 17:08:43.667999983,NVIDIA,6.16,G506.0210.00.03,2.0,1652523021837,92.00.45.00.05,535.104.05,12.535.104.05,fmaas-devstage-backen-9cjgj-worker-a100-il-rdma-3-jx6tm,GPU-b30541a1-5408-9bb3-d9fa-12665d1e7472,DCGM_FI_DEV_DEC_UTIL,nvidia-dcgm-exporter,nvidia4,gpu-metrics,4,192.241.129.18:9400,nvidia-dcgm-exporter,NVIDIA A100-SXM4-80GB,nvidia-gpu-operator,nvidia-dcgm-exporter-xq25l,openshift-monitoring/k8s,nvidia-dcgm-exporter,0.0,,,
2024-05-21 17:09:13.667999983,NVIDIA,6.16,G506.0210.00.03,2.0,1652523021837,92.00.45.00.05,535.104.05,12.535.104.05,fmaas-devstage-backen-9cjgj-worker-a100-il-rdma-3-jx6tm,GPU-b30541a1-5408-9bb3-d9fa-12665d1e7472,DCGM_FI_DEV_DEC_UTIL,nvidia-dcgm-exporter,nvidia4,gpu-metrics,4,192.241.129.18:9400,nvidia-dcgm-exporter,NVIDIA A100-SXM4-80GB,nvidia-gpu-operator,nvidia-dcgm-exporter-xq25l,openshift-monitoring/k8s,nvidia-dcgm-exporter,0.0,,,
2024-05-21 17:09:43.667999983,NVIDIA,6.16,G506.0210.00.03,2.0,1652523021837,92.00.45.00.05,535.104.05,12.535.104.05,fmaas-devstage-backen-9cjgj-worker-a100-il-rdma-3-jx6tm,GPU-b30541a1-5408-9bb3-d9fa-12665d1e7472,DCGM_FI_DEV_DEC_UTIL,nvidia-dcgm-exporter,nvidia4,gpu-metrics,4,192.241.129.18:9400,nvidia-dcgm-exporter,NVIDIA A100-SXM4-80GB,nvidia-gpu-operator,nvidia-dcgm-exporter-xq25l,openshift-monitoring/k8s,nvidia-dcgm-exporter,0.0,,,
2024-05-21 17:10:13.667999983,NVIDIA,6.16,G506.0210.00.03,2.0,1652523021837,92.00.45.00.05,535.104.05,12.535.104.05,fmaas-devstage-backen-9cjgj-worker-a100-il-rdma-3-jx6tm,GPU-b30541a1-5408-9bb3-d9fa-12665d1e7472,DCGM_FI_DEV_DEC_UTIL,nvidia-dcgm-exporter,nvidia4,gpu-metrics,4,192.241.129.18:9400,nvidia-dcgm-exporter,NVIDIA A100-SXM4-80GB,nvidia-gpu-operator,nvidia-dcgm-exporter-xq25l,openshift-monitoring/k8s,nvidia-dcgm-exporter,0.0,,,
2024-05-21 17:10:43.667999983,NVIDIA,6.16,G506.0210.00.03,2.0,1652523021837,92.00.45.00.05,535.104.05,12.535.104.05,fmaas-devstage-backen-9cjgj-worker-a100-il-rdma-3-jx6tm,GPU-b30541a1-5408-9bb3-d9fa-12665d1e7472,DCGM_FI_DEV_DEC_UTIL,nvidia-dcgm-exporter,nvidia4,gpu-metrics,4,192.241.129.18:9400,nvidia-dcgm-exporter,NVIDIA A100-SXM4-80GB,nvidia-gpu-operator,nvidia-dcgm-exporter-xq25l,openshift-monitoring/k8s,nvidia-dcgm-exporter,0.0,,,
2024-05-21 17:11:13.667999983,NVIDIA,6.16,G506.0210.00.03,2.0,1652523021837,92.00.45.00.05,535.104.05,12.535.104.05,fmaas-devstage-backen-9cjgj-worker-a100-il-rdma-3-jx6tm,GPU-b30541a1-5408-9bb3-d9fa-12665d1e7472,DCGM_FI_DEV_DEC_UTIL,nvidia-dcgm-exporter,nvidia4,gpu-metrics,4,192.241.129.18:9400,nvidia-dcgm-exporter,NVIDIA A100-SXM4-80GB,nvidia-gpu-operator,nvidia-dcgm-exporter-xq25l,openshift-monitoring/k8s,nvidia-dcgm-exporter,0.0,,,
2024-05-21 17:11:43.667999983,NVIDIA,6.16,G506.0210.00.03,2.0,1652523021837,92.00.45.00.05,535.104.05,12.535.104.05,fmaas-devstage-backen-9cjgj-worker-a100-il-rdma-3-jx6tm,GPU-b30541a1-5408-9bb3-d9fa-12665d1e7472,DCGM_FI_DEV_DEC_UTIL,nvidia-dcgm-exporter,nvidia4,gpu-metrics,4,192.241.129.18:9400,nvidia-dcgm-exporter,NVIDIA A100-SXM4-80GB,nvidia-gpu-operator,nvidia-dcgm-exporter-xq25l,openshift-monitoring/k8s,nvidia-dcgm-exporter,0.0,,,
2024-05-21 17:12:13.667999983,NVIDIA,6.16,G506.0210.00.03,2.0,1652523021837,92.00.45.00.05,535.104.05,12.535.104.05,fmaas-devstage-backen-9cjgj-worker-a100-il-rdma-3-jx6tm,GPU-b30541a1-5408-9bb3-d9fa-12665d1e7472,DCGM_FI_DEV_DEC_UTIL,nvidia-dcgm-exporter,nvidia4,gpu-metrics,4,192.241.129.18:9400,nvidia-dcgm-exporter,NVIDIA A100-SXM4-80GB,nvidia-gpu-operator,nvidia-dcgm-exporter-xq25l,openshift-monitoring/k8s,nvidia-dcgm-exporter,0.0,,,
2024-05-21 17:12:43.667999983,NVIDIA,6.16,G506.0210.00.03,2.0,1652523021837,92.00.45.00.05,535.104.05,12.535.104.05,fmaas-devstage-backen-9cjgj-worker-a100-il-rdma-3-jx6tm,GPU-b30541a1-5408-9bb3-d9fa-12665d1e7472,DCGM_FI_DEV_DEC_UTIL,nvidia-dcgm-exporter,nvidia4,gpu-metrics,4,192.241.129.18:9400,nvidia-dcgm-exporter,NVIDIA A100-SXM4-80GB,nvidia-gpu-operator,nvidia-dcgm-exporter-xq25l,openshift-monitoring/k8s,nvidia-dcgm-exporter,0.0,,,
2024-05-21 17:13:13.667999983,NVIDIA,6.16,G506.0210.00.03,2.0,1652523021837,92.00.45.00.05,535.104.05,12.535.104.05,fmaas-devstage-backen-9cjgj-worker-a100-il-rdma-3-jx6tm,GPU-b30541a1-5408-9bb3-d9fa-12665d1e7472,DCGM_FI_DEV_DEC_UTIL,nvidia-dcgm-exporter,nvidia4,gpu-metrics,4,192.241.129.18:9400,nvidia-dcgm-exporter,NVIDIA A100-SXM4-80GB,nvidia-gpu-operator,nvidia-dcgm-exporter-xq25l,openshift-monitoring/k8s,nvidia-dcgm-exporter,0.0,,,
2024-05-21 17:13:43.667999983,NVIDIA,6.16,G506.0210.00.03,2.0,1652523021837,92.00.45.00.05,535.104.05,12.535.104.05,fmaas-devstage-backen-9cjgj-worker-a100-il-rdma-3-jx6tm,GPU-b30541a1-5408-9bb3-d9fa-12665d1e7472,DCGM_FI_DEV_DEC_UTIL,nvidia-dcgm-exporter,nvidia4,gpu-metrics,4,192.241.129.18:9400,nvidia-dcgm-exporter,NVIDIA A100-SXM4-80GB,nvidia-gpu-operator,nvidia-dcgm-exporter-xq25l,openshift-monitoring/k8s,nvidia-dcgm-exporter,0.0,,,
2024-05-21 17:14:13.667999983,NVIDIA,6.16,G506.0210.00.03,2.0,1652523021837,92.00.45.00.05,535.104.05,12.535.104.05,fmaas-devstage-backen-9cjgj-worker-a100-il-rdma-3-jx6tm,GPU-b30541a1-5408-9bb3-d9fa-12665d1e7472,DCGM_FI_DEV_DEC_UTIL,nvidia-dcgm-exporter,nvidia4,gpu-metrics,4,192.241.129.18:9400,nvidia-dcgm-exporter,NVIDIA A100-SXM4-80GB,nvidia-gpu-operator,nvidia-dcgm-exporter-xq25l,openshift-monitoring/k8s,nvidia-dcgm-exporter,0.0,,,
2024-05-21 17:14:43.667999983,NVIDIA,6.16,G506.0210.00.03,2.0,1652523021837,92.00.45.00.05,535.104.05,12.535.104.05,fmaas-devstage-backen-9cjgj-worker-a100-il-rdma-3-jx6tm,GPU-b30541a1-5408-9bb3-d9fa-12665d1e7472,DCGM_FI_DEV_DEC_UTIL,nvidia-dcgm-exporter,nvidia4,gpu-metrics,4,192.241.129.18:9400,nvidia-dcgm-exporter,NVIDIA A100-SXM4-80GB,nvidia-gpu-operator,nvidia-dcgm-exporter-xq25l,openshift-monitoring/k8s,nvidia-dcgm-exporter,0.0,,,
2024-05-21 17:15:13.667999983,NVIDIA,6.16,G506.0210.00.03,2.0,1652523021837,92.00.45.00.05,535.104.05,12.535.104.05,fmaas-devstage-backen-9cjgj-worker-a100-il-rdma-3-jx6tm,GPU-b30541a1-5408-9bb3-d9fa-12665d1e7472,DCGM_FI_DEV_DEC_UTIL,nvidia-dcgm-exporter,nvidia4,gpu-metrics,4,192.241.129.18:9400,nvidia-dcgm-exporter,NVIDIA A100-SXM4-80GB,nvidia-gpu-operator,nvidia-dcgm-exporter-xq25l,openshift-monitoring/k8s,nvidia-dcgm-exporter,0.0,,,
2024-05-21 17:15:43.667999983,NVIDIA,6.16,G506.0210.00.03,2.0,1652523021837,92.00.45.00.05,535.104.05,12.535.104.05,fmaas-devstage-backen-9cjgj-worker-a100-il-rdma-3-jx6tm,GPU-b30541a1-5408-9bb3-d9fa-12665d1e7472,DCGM_FI_DEV_DEC_UTIL,nvidia-dcgm-exporter,nvidia4,gpu-metrics,4,192.241.129.18:9400,nvidia-dcgm-exporter,NVIDIA A100-SXM4-80GB,nvidia-gpu-operator,nvidia-dcgm-exporter-xq25l,openshift-monitoring/k8s,nvidia-dcgm-exporter,0.0,,,
2024-05-21 17:06:00.772000074,NVIDIA,6.16,G506.0210.00.03,2.0,1652523023451,92.00.45.00.05,535.104.05,12.535.104.05,fmaas-devstage-backen-9cjgj-worker-a100-il-rdma-3-jx6tm,GPU-5a7be2c2-efcc-3083-73b1-eee12a966584,DCGM_FI_DEV_DEC_UTIL,nvidia-dcgm-exporter,nvidia0,gpu-metrics,0,192.241.129.18:9400,nvidia-dcgm-exporter,NVIDIA A100-SXM4-80GB,nvidia-gpu-operator,nvidia-dcgm-exporter-xq25l,openshift-monitoring/k8s,nvidia-dcgm-exporter,0.0,,,
2024-05-21 17:06:13.667999983,NVIDIA,6.16,G506.0210.00.03,2.0,1652523023451,92.00.45.00.05,535.104.05,12.535.104.05,fmaas-devstage-backen-9cjgj-worker-a100-il-rdma-3-jx6tm,GPU-5a7be2c2-efcc-3083-73b1-eee12a966584,DCGM_FI_DEV_DEC_UTIL,nvidia-dcgm-exporter,nvidia0,gpu-metrics,0,192.241.129.18:9400,nvidia-dcgm-exporter,NVIDIA A100-SXM4-80GB,nvidia-gpu-operator,nvidia-dcgm-exporter-xq25l,openshift-monitoring/k8s,nvidia-dcgm-exporter,0.0,,,
2024-05-21 17:06:43.667999983,NVIDIA,6.16,G506.0210.00.03,2.0,1652523023451,92.00.45.00.05,535.104.05,12.535.104.05,fmaas-devstage-backen-9cjgj-worker-a100-il-rdma-3-jx6tm,GPU-5a7be2c2-efcc-3083-73b1-eee12a966584,DCGM_FI_DEV_DEC_UTIL,nvidia-dcgm-exporter,nvidia0,gpu-metrics,0,192.241.129.18:9400,nvidia-dcgm-exporter,NVIDIA A100-SXM4-80GB,nvidia-gpu-operator,nvidia-dcgm-exporter-xq25l,openshift-monitoring/k8s,nvidia-dcgm-exporter,0.0,,,
2024-05-21 17:07:13.667999983,NVIDIA,6.16,G506.0210.00.03,2.0,1652523023451,92.00.45.00.05,535.104.05,12.535.104.05,fmaas-devstage-backen-9cjgj-worker-a100-il-rdma-3-jx6tm,GPU-5a7be2c2-efcc-3083-73b1-eee12a966584,DCGM_FI_DEV_DEC_UTIL,nvidia-dcgm-exporter,nvidia0,gpu-metrics,0,192.241.129.18:9400,nvidia-dcgm-exporter,NVIDIA A100-SXM4-80GB,nvidia-gpu-operator,nvidia-dcgm-exporter-xq25l,openshift-monitoring/k8s,nvidia-dcgm-exporter,0.0,,,
2024-05-21 17:07:43.667999983,NVIDIA,6.16,G506.0210.00.03,2.0,1652523023451,92.00.45.00.05,535.104.05,12.535.104.05,fmaas-devstage-backen-9cjgj-worker-a100-il-rdma-3-jx6tm,GPU-5a7be2c2-efcc-3083-73b1-eee12a966584,DCGM_FI_DEV_DEC_UTIL,nvidia-dcgm-exporter,nvidia0,gpu-metrics,0,192.241.129.18:9400,nvidia-dcgm-exporter,NVIDIA A100-SXM4-80GB,nvidia-gpu-operator,nvidia-dcgm-exporter-xq25l,openshift-monitoring/k8s,nvidia-dcgm-exporter,0.0,,,
2024-05-21 17:08:13.667999983,NVIDIA,6.16,G506.0210.00.03,2.0,1652523023451,92.00.45.00.05,535.104.05,12.535.104.05,fmaas-devstage-backen-9cjgj-worker-a100-il-rdma-3-jx6tm,GPU-5a7be2c2-efcc-3083-73b1-eee12a966584,DCGM_FI_DEV_DEC_UTIL,nvidia-dcgm-exporter,nvidia0,gpu-metrics,0,192.241.129.18:9400,nvidia-dcgm-exporter,NVIDIA A100-SXM4-80GB,nvidia-gpu-operator,nvidia-dcgm-exporter-xq25l,openshift-monitoring/k8s,nvidia-dcgm-exporter,0.0,,,
2024-05-21 17:08:43.667999983,NVIDIA,6.16,G506.0210.00.03,2.0,1652523023451,92.00.45.00.05,535.104.05,12.535.104.05,fmaas-devstage-backen-9cjgj-worker-a100-il-rdma-3-jx6tm,GPU-5a7be2c2-efcc-3083-73b1-eee12a966584,DCGM_FI_DEV_DEC_UTIL,nvidia-dcgm-exporter,nvidia0,gpu-metrics,0,192.241.129.18:9400,nvidia-dcgm-exporter,NVIDIA A100-SXM4-80GB,nvidia-gpu-operator,nvidia-dcgm-exporter-xq25l,openshift-monitoring/k8s,nvidia-dcgm-exporter,0.0,,,
2024-05-21 17:09:13.667999983,NVIDIA,6.16,G506.0210.00.03,2.0,1652523023451,92.00.45.00.05,535.104.05,12.535.104.05,fmaas-devstage-backen-9cjgj-worker-a100-il-rdma-3-jx6tm,GPU-5a7be2c2-efcc-3083-73b1-eee12a966584,DCGM_FI_DEV_DEC_UTIL,nvidia-dcgm-exporter,nvidia0,gpu-metrics,0,192.241.129.18:9400,nvidia-dcgm-exporter,NVIDIA A100-SXM4-80GB,nvidia-gpu-operator,nvidia-dcgm-exporter-xq25l,openshift-monitoring/k8s,nvidia-dcgm-exporter,0.0,,,
2024-05-21 17:09:43.667999983,NVIDIA,6.16,G506.0210.00.03,2.0,1652523023451,92.00.45.00.05,535.104.05,12.535.104.05,fmaas-devstage-backen-9cjgj-worker-a100-il-rdma-3-jx6tm,GPU-5a7be2c2-efcc-3083-73b1-eee12a966584,DCGM_FI_DEV_DEC_UTIL,nvidia-dcgm-exporter,nvidia0,gpu-metrics,0,192.241.129.18:9400,nvidia-dcgm-exporter,NVIDIA A100-SXM4-80GB,nvidia-gpu-operator,nvidia-dcgm-exporter-xq25l,openshift-monitoring/k8s,nvidia-dcgm-exporter,0.0,,,
2024-05-21 17:10:13.667999983,NVIDIA,6.16,G506.0210.00.03,2.0,1652523023451,92.00.45.00.05,535.104.05,12.535.104.05,fmaas-devstage-backen-9cjgj-worker-a100-il-rdma-3-jx6tm,GPU-5a7be2c2-efcc-3083-73b1-eee12a966584,DCGM_FI_DEV_DEC_UTIL,nvidia-dcgm-exporter,nvidia0,gpu-metrics,0,192.241.129.18:9400,nvidia-dcgm-exporter,NVIDIA A100-SXM4-80GB,nvidia-gpu-operator,nvidia-dcgm-exporter-xq25l,openshift-monitoring/k8s,nvidia-dcgm-exporter,0.0,,,
2024-05-21 17:10:43.667999983,NVIDIA,6.16,G506.0210.00.03,2.0,1652523023451,92.00.45.00.05,535.104.05,12.535.104.05,fmaas-devstage-backen-9cjgj-worker-a100-il-rdma-3-jx6tm,GPU-5a7be2c2-efcc-3083-73b1-eee12a966584,DCGM_FI_DEV_DEC_UTIL,nvidia-dcgm-exporter,nvidia0,gpu-metrics,0,192.241.129.18:9400,nvidia-dcgm-exporter,NVIDIA A100-SXM4-80GB,nvidia-gpu-operator,nvidia-dcgm-exporter-xq25l,openshift-monitoring/k8s,nvidia-dcgm-exporter,0.0,,,
2024-05-21 17:11:13.667999983,NVIDIA,6.16,G506.0210.00.03,2.0,1652523023451,92.00.45.00.05,535.104.05,12.535.104.05,fmaas-devstage-backen-9cjgj-worker-a100-il-rdma-3-jx6tm,GPU-5a7be2c2-efcc-3083-73b1-eee12a966584,DCGM_FI_DEV_DEC_UTIL,nvidia-dcgm-exporter,nvidia0,gpu-metrics,0,192.241.129.18:9400,nvidia-dcgm-exporter,NVIDIA A100-SXM4-80GB,nvidia-gpu-operator,nvidia-dcgm-exporter-xq25l,openshift-monitoring/k8s,nvidia-dcgm-exporter,0.0,,,
2024-05-21 17:11:43.667999983,NVIDIA,6.16,G506.0210.00.03,2.0,1652523023451,92.00.45.00.05,535.104.05,12.535.104.05,fmaas-devstage-backen-9cjgj-worker-a100-il-rdma-3-jx6tm,GPU-5a7be2c2-efcc-3083-73b1-eee12a966584,DCGM_FI_DEV_DEC_UTIL,nvidia-dcgm-exporter,nvidia0,gpu-metrics,0,192.241.129.18:9400,nvidia-dcgm-exporter,NVIDIA A100-SXM4-80GB,nvidia-gpu-operator,nvidia-dcgm-exporter-xq25l,openshift-monitoring/k8s,nvidia-dcgm-exporter,0.0,,,
2024-05-21 17:12:13.667999983,NVIDIA,6.16,G506.0210.00.03,2.0,1652523023451,92.00.45.00.05,535.104.05,12.535.104.05,fmaas-devstage-backen-9cjgj-worker-a100-il-rdma-3-jx6tm,GPU-5a7be2c2-efcc-3083-73b1-eee12a966584,DCGM_FI_DEV_DEC_UTIL,nvidia-dcgm-exporter,nvidia0,gpu-metrics,0,192.241.129.18:9400,nvidia-dcgm-exporter,NVIDIA A100-SXM4-80GB,nvidia-gpu-operator,nvidia-dcgm-exporter-xq25l,openshift-monitoring/k8s,nvidia-dcgm-exporter,0.0,,,
2024-05-21 17:12:43.667999983,NVIDIA,6.16,G506.0210.00.03,2.0,1652523023451,92.00.45.00.05,535.104.05,12.535.104.05,fmaas-devstage-backen-9cjgj-worker-a100-il-rdma-3-jx6tm,GPU-5a7be2c2-efcc-3083-73b1-eee12a966584,DCGM_FI_DEV_DEC_UTIL,nvidia-dcgm-exporter,nvidia0,gpu-metrics,0,192.241.129.18:9400,nvidia-dcgm-exporter,NVIDIA A100-SXM4-80GB,nvidia-gpu-operator,nvidia-dcgm-exporter-xq25l,openshift-monitoring/k8s,nvidia-dcgm-exporter,0.0,,,
2024-05-21 17:13:13.667999983,NVIDIA,6.16,G506.0210.00.03,2.0,1652523023451,92.00.45.00.05,535.104.05,12.535.104.05,fmaas-devstage-backen-9cjgj-worker-a100-il-rdma-3-jx6tm,GPU-5a7be2c2-efcc-3083-73b1-eee12a966584,DCGM_FI_DEV_DEC_UTIL,nvidia-dcgm-exporter,nvidia0,gpu-metrics,0,192.241.129.18:9400,nvidia-dcgm-exporter,NVIDIA A100-SXM4-80GB,nvidia-gpu-operator,nvidia-dcgm-exporter-xq25l,openshift-monitoring/k8s,nvidia-dcgm-exporter,0.0,,,
2024-05-21 17:13:43.667999983,NVIDIA,6.16,G506.0210.00.03,2.0,1652523023451,92.00.45.00.05,535.104.05,12.535.104.05,fmaas-devstage-backen-9cjgj-worker-a100-il-rdma-3-jx6tm,GPU-5a7be2c2-efcc-3083-73b1-eee12a966584,DCGM_FI_DEV_DEC_UTIL,nvidia-dcgm-exporter,nvidia0,gpu-metrics,0,192.241.129.18:9400,nvidia-dcgm-exporter,NVIDIA A100-SXM4-80GB,nvidia-gpu-operator,nvidia-dcgm-exporter-xq25l,openshift-monitoring/k8s,nvidia-dcgm-exporter,0.0,,,
2024-05-21 17:14:13.667999983,NVIDIA,6.16,G506.0210.00.03,2.0,1652523023451,92.00.45.00.05,535.104.05,12.535.104.05,fmaas-devstage-backen-9cjgj-worker-a100-il-rdma-3-jx6tm,GPU-5a7be2c2-efcc-3083-73b1-eee12a966584,DCGM_FI_DEV_DEC_UTIL,nvidia-dcgm-exporter,nvidia0,gpu-metrics,0,192.241.129.18:9400,nvidia-dcgm-exporter,NVIDIA A100-SXM4-80GB,nvidia-gpu-operator,nvidia-dcgm-exporter-xq25l,openshift-monitoring/k8s,nvidia-dcgm-exporter,0.0,,,
2024-05-21 17:14:43.667999983,NVIDIA,6.16,G506.0210.00.03,2.0,1652523023451,92.00.45.00.05,535.104.05,12.535.104.05,fmaas-devstage-backen-9cjgj-worker-a100-il-rdma-3-jx6tm,GPU-5a7be2c2-efcc-3083-73b1-eee12a966584,DCGM_FI_DEV_DEC_UTIL,nvidia-dcgm-exporter,nvidia0,gpu-metrics,0,192.241.129.18:9400,nvidia-dcgm-exporter,NVIDIA A100-SXM4-80GB,nvidia-gpu-operator,nvidia-dcgm-exporter-xq25l,openshift-monitoring/k8s,nvidia-dcgm-exporter,0.0,,,
2024-05-21 17:15:13.667999983,NVIDIA,6.16,G506.0210.00.03,2.0,1652523023451,92.00.45.00.05,535.104.05,12.535.104.05,fmaas-devstage-backen-9cjgj-worker-a100-il-rdma-3-jx6tm,GPU-5a7be2c2-efcc-3083-73b1-eee12a966584,DCGM_FI_DEV_DEC_UTIL,nvidia-dcgm-exporter,nvidia0,gpu-metrics,0,192.241.129.18:9400,nvidia-dcgm-exporter,NVIDIA A100-SXM4-80GB,nvidia-gpu-operator,nvidia-dcgm-exporter-xq25l,openshift-monitoring/k8s,nvidia-dcgm-exporter,0.0,,,
2024-05-21 17:15:43.667999983,NVIDIA,6.16,G506.0210.00.03,2.0,1652523023451,92.00.45.00.05,535.104.05,12.535.104.05,fmaas-devstage-backen-9cjgj-worker-a100-il-rdma-3-jx6tm,GPU-5a7be2c2-efcc-3083-73b1-eee12a966584,DCGM_FI_DEV_DEC_UTIL,nvidia-dcgm-exporter,nvidia0,gpu-metrics,0,192.241.129.18:9400,nvidia-dcgm-exporter,NVIDIA A100-SXM4-80GB,nvidia-gpu-operator,nvidia-dcgm-exporter-xq25l,openshift-monitoring/k8s,nvidia-dcgm-exporter,0.0,,,
2024-05-21 17:16:00.772000074,NVIDIA,6.16,G506.0210.00.03,2.0,1652523001873,92.00.45.00.05,535.104.05,12.535.104.05,fmaas-devstage-backen-9cjgj-worker-a100-il-rdma-3-jx6tm,GPU-005a31d4-76ae-2dd3-af84-3b7039e24835,DCGM_FI_DEV_DEC_UTIL,nvidia-dcgm-exporter,nvidia6,gpu-metrics,6,192.241.129.18:9400,nvidia-dcgm-exporter,NVIDIA A100-SXM4-80GB,nvidia-gpu-operator,nvidia-dcgm-exporter-xq25l,openshift-monitoring/k8s,nvidia-dcgm-exporter,0.0,,,
2024-05-21 17:16:13.667999983,NVIDIA,6.16,G506.0210.00.03,2.0,1652523001873,92.00.45.00.05,535.104.05,12.535.104.05,fmaas-devstage-backen-9cjgj-worker-a100-il-rdma-3-jx6tm,GPU-005a31d4-76ae-2dd3-af84-3b7039e24835,DCGM_FI_DEV_DEC_UTIL,nvidia-dcgm-exporter,nvidia6,gpu-metrics,6,192.241.129.18:9400,nvidia-dcgm-exporter,NVIDIA A100-SXM4-80GB,nvidia-gpu-operator,nvidia-dcgm-exporter-xq25l,openshift-monitoring/k8s,nvidia-dcgm-exporter,0.0,,,
2024-05-21 17:16:43.667999983,NVIDIA,6.16,G506.0210.00.03,2.0,1652523001873,92.00.45.00.05,535.104.05,12.535.104.05,fmaas-devstage-backen-9cjgj-worker-a100-il-rdma-3-jx6tm,GPU-005a31d4-76ae-2dd3-af84-3b7039e24835,DCGM_FI_DEV_DEC_UTIL,nvidia-dcgm-exporter,nvidia6,gpu-metrics,6,192.241.129.18:9400,nvidia-dcgm-exporter,NVIDIA A100-SXM4-80GB,nvidia-gpu-operator,nvidia-dcgm-exporter-xq25l,openshift-monitoring/k8s,nvidia-dcgm-exporter,0.0,,,
2024-05-21 17:17:13.667999983,NVIDIA,6.16,G506.0210.00.03,2.0,1652523001873,92.00.45.00.05,535.104.05,12.535.104.05,fmaas-devstage-backen-9cjgj-worker-a100-il-rdma-3-jx6tm,GPU-005a31d4-76ae-2dd3-af84-3b7039e24835,DCGM_FI_DEV_DEC_UTIL,nvidia-dcgm-exporter,nvidia6,gpu-metrics,6,192.241.129.18:9400,nvidia-dcgm-exporter,NVIDIA A100-SXM4-80GB,nvidia-gpu-operator,nvidia-dcgm-exporter-xq25l,openshift-monitoring/k8s,nvidia-dcgm-exporter,0.0,,,
2024-05-21 17:17:43.667999983,NVIDIA,6.16,G506.0210.00.03,2.0,1652523001873,92.00.45.00.05,535.104.05,12.535.104.05,fmaas-devstage-backen-9cjgj-worker-a100-il-rdma-3-jx6tm,GPU-005a31d4-76ae-2dd3-af84-3b7039e24835,DCGM_FI_DEV_DEC_UTIL,nvidia-dcgm-exporter,nvidia6,gpu-metrics,6,192.241.129.18:9400,nvidia-dcgm-exporter,NVIDIA A100-SXM4-80GB,nvidia-gpu-operator,nvidia-dcgm-exporter-xq25l,openshift-monitoring/k8s,nvidia-dcgm-exporter,0.0,,,
2024-05-21 17:18:13.667999983,NVIDIA,6.16,G506.0210.00.03,2.0,1652523001873,92.00.45.00.05,535.104.05,12.535.104.05,fmaas-devstage-backen-9cjgj-worker-a100-il-rdma-3-jx6tm,GPU-005a31d4-76ae-2dd3-af84-3b7039e24835,DCGM_FI_DEV_DEC_UTIL,nvidia-dcgm-exporter,nvidia6,gpu-metrics,6,192.241.129.18:9400,nvidia-dcgm-exporter,NVIDIA A100-SXM4-80GB,nvidia-gpu-operator,nvidia-dcgm-exporter-xq25l,openshift-monitoring/k8s,nvidia-dcgm-exporter,0.0,,,
2024-05-21 17:18:43.667999983,NVIDIA,6.16,G506.0210.00.03,2.0,1652523001873,92.00.45.00.05,535.104.05,12.535.104.05,fmaas-devstage-backen-9cjgj-worker-a100-il-rdma-3-jx6tm,GPU-005a31d4-76ae-2dd3-af84-3b7039e24835,DCGM_FI_DEV_DEC_UTIL,nvidia-dcgm-exporter,nvidia6,gpu-metrics,6,192.241.129.18:9400,nvidia-dcgm-exporter,NVIDIA A100-SXM4-80GB,nvidia-gpu-operator,nvidia-dcgm-exporter-xq25l,openshift-monitoring/k8s,nvidia-dcgm-exporter,0.0,,,
2024-05-21 17:19:13.667999983,NVIDIA,6.16,G506.0210.00.03,2.0,1652523001873,92.00.45.00.05,535.104.05,12.535.104.05,fmaas-devstage-backen-9cjgj-worker-a100-il-rdma-3-jx6tm,GPU-005a31d4-76ae-2dd3-af84-3b7039e24835,DCGM_FI_DEV_DEC_UTIL,nvidia-dcgm-exporter,nvidia6,gpu-metrics,6,192.241.129.18:9400,nvidia-dcgm-exporter,NVIDIA A100-SXM4-80GB,nvidia-gpu-operator,nvidia-dcgm-exporter-xq25l,openshift-monitoring/k8s,nvidia-dcgm-exporter,0.0,,,
2024-05-21 17:19:43.667999983,NVIDIA,6.16,G506.0210.00.03,2.0,1652523001873,92.00.45.00.05,535.104.05,12.535.104.05,fmaas-devstage-backen-9cjgj-worker-a100-il-rdma-3-jx6tm,GPU-005a31d4-76ae-2dd3-af84-3b7039e24835,DCGM_FI_DEV_DEC_UTIL,nvidia-dcgm-exporter,nvidia6,gpu-metrics,6,192.241.129.18:9400,nvidia-dcgm-exporter,NVIDIA A100-SXM4-80GB,nvidia-gpu-operator,nvidia-dcgm-exporter-xq25l,openshift-monitoring/k8s,nvidia-dcgm-exporter,0.0,,,
2024-05-21 17:20:13.667999983,NVIDIA,6.16,G506.0210.00.03,2.0,1652523001873,92.00.45.00.05,535.104.05,12.535.104.05,fmaas-devstage-backen-9cjgj-worker-a100-il-rdma-3-jx6tm,GPU-005a31d4-76ae-2dd3-af84-3b7039e24835,DCGM_FI_DEV_DEC_UTIL,nvidia-dcgm-exporter,nvidia6,gpu-metrics,6,192.241.129.18:9400,nvidia-dcgm-exporter,NVIDIA A100-SXM4-80GB,nvidia-gpu-operator,nvidia-dcgm-exporter-xq25l,openshift-monitoring/k8s,nvidia-dcgm-exporter,0.0,,,
2024-05-21 17:20:43.667999983,NVIDIA,6.16,G506.0210.00.03,2.0,1652523001873,92.00.45.00.05,535.104.05,12.535.104.05,fmaas-devstage-backen-9cjgj-worker-a100-il-rdma-3-jx6tm,GPU-005a31d4-76ae-2dd3-af84-3b7039e24835,DCGM_FI_DEV_DEC_UTIL,nvidia-dcgm-exporter,nvidia6,gpu-metrics,6,192.241.129.18:9400,nvidia-dcgm-exporter,NVIDIA A100-SXM4-80GB,nvidia-gpu-operator,nvidia-dcgm-exporter-xq25l,openshift-monitoring/k8s,nvidia-dcgm-exporter,0.0,,,
2024-05-21 17:21:13.667999983,NVIDIA,6.16,G506.0210.00.03,2.0,1652523001873,92.00.45.00.05,535.104.05,12.535.104.05,fmaas-devstage-backen-9cjgj-worker-a100-il-rdma-3-jx6tm,GPU-005a31d4-76ae-2dd3-af84-3b7039e24835,DCGM_FI_DEV_DEC_UTIL,nvidia-dcgm-exporter,nvidia6,gpu-metrics,6,192.241.129.18:9400,nvidia-dcgm-exporter,NVIDIA A100-SXM4-80GB,nvidia-gpu-operator,nvidia-dcgm-exporter-xq25l,openshift-monitoring/k8s,nvidia-dcgm-exporter,0.0,,,
2024-05-21 17:21:43.667999983,NVIDIA,6.16,G506.0210.00.03,2.0,1652523001873,92.00.45.00.05,535.104.05,12.535.104.05,fmaas-devstage-backen-9cjgj-worker-a100-il-rdma-3-jx6tm,GPU-005a31d4-76ae-2dd3-af84-3b7039e24835,DCGM_FI_DEV_DEC_UTIL,nvidia-dcgm-exporter,nvidia6,gpu-metrics,6,192.241.129.18:9400,nvidia-dcgm-exporter,NVIDIA A100-SXM4-80GB,nvidia-gpu-operator,nvidia-dcgm-exporter-xq25l,openshift-monitoring/k8s,nvidia-dcgm-exporter,0.0,,,
2024-05-21 17:22:13.667999983,NVIDIA,6.16,G506.0210.00.03,2.0,1652523001873,92.00.45.00.05,535.104.05,12.535.104.05,fmaas-devstage-backen-9cjgj-worker-a100-il-rdma-3-jx6tm,GPU-005a31d4-76ae-2dd3-af84-3b7039e24835,DCGM_FI_DEV_DEC_UTIL,nvidia-dcgm-exporter,nvidia6,gpu-metrics,6,192.241.129.18:9400,nvidia-dcgm-exporter,NVIDIA A100-SXM4-80GB,nvidia-gpu-operator,nvidia-dcgm-exporter-xq25l,openshift-monitoring/k8s,nvidia-dcgm-exporter,0.0,,,
2024-05-21 17:22:43.667999983,NVIDIA,6.16,G506.0210.00.03,2.0,1652523001873,92.00.45.00.05,535.104.05,12.535.104.05,fmaas-devstage-backen-9cjgj-worker-a100-il-rdma-3-jx6tm,GPU-005a31d4-76ae-2dd3-af84-3b7039e24835,DCGM_FI_DEV_DEC_UTIL,nvidia-dcgm-exporter,nvidia6,gpu-metrics,6,192.241.129.18:9400,nvidia-dcgm-exporter,NVIDIA A100-SXM4-80GB,nvidia-gpu-operator,nvidia-dcgm-exporter-xq25l,openshift-monitoring/k8s,nvidia-dcgm-exporter,0.0,,,
2024-05-21 17:23:13.667999983,NVIDIA,6.16,G506.0210.00.03,2.0,1652523001873,92.00.45.00.05,535.104.05,12.535.104.05,fmaas-devstage-backen-9cjgj-worker-a100-il-rdma-3-jx6tm,GPU-005a31d4-76ae-2dd3-af84-3b7039e24835,DCGM_FI_DEV_DEC_UTIL,nvidia-dcgm-exporter,nvidia6,gpu-metrics,6,192.241.129.18:9400,nvidia-dcgm-exporter,NVIDIA A100-SXM4-80GB,nvidia-gpu-operator,nvidia-dcgm-exporter-xq25l,openshift-monitoring/k8s,nvidia-dcgm-exporter,0.0,,,
2024-05-21 17:23:43.667999983,NVIDIA,6.16,G506.0210.00.03,2.0,1652523001873,92.00.45.00.05,535.104.05,12.535.104.05,fmaas-devstage-backen-9cjgj-worker-a100-il-rdma-3-jx6tm,GPU-005a31d4-76ae-2dd3-af84-3b7039e24835,DCGM_FI_DEV_DEC_UTIL,nvidia-dcgm-exporter,nvidia6,gpu-metrics,6,192.241.129.18:9400,nvidia-dcgm-exporter,NVIDIA A100-SXM4-80GB,nvidia-gpu-operator,nvidia-dcgm-exporter-xq25l,openshift-monitoring/k8s,nvidia-dcgm-exporter,0.0,,,
2024-05-21 17:24:13.667999983,NVIDIA,6.16,G506.0210.00.03,2.0,1652523001873,92.00.45.00.05,535.104.05,12.535.104.05,fmaas-devstage-backen-9cjgj-worker-a100-il-rdma-3-jx6tm,GPU-005a31d4-76ae-2dd3-af84-3b7039e24835,DCGM_FI_DEV_DEC_UTIL,nvidia-dcgm-exporter,nvidia6,gpu-metrics,6,192.241.129.18:9400,nvidia-dcgm-exporter,NVIDIA A100-SXM4-80GB,nvidia-gpu-operator,nvidia-dcgm-exporter-xq25l,openshift-monitoring/k8s,nvidia-dcgm-exporter,0.0,,,
2024-05-21 17:24:43.667999983,NVIDIA,6.16,G506.0210.00.03,2.0,1652523001873,92.00.45.00.05,535.104.05,12.535.104.05,fmaas-devstage-backen-9cjgj-worker-a100-il-rdma-3-jx6tm,GPU-005a31d4-76ae-2dd3-af84-3b7039e24835,DCGM_FI_DEV_DEC_UTIL,nvidia-dcgm-exporter,nvidia6,gpu-metrics,6,192.241.129.18:9400,nvidia-dcgm-exporter,NVIDIA A100-SXM4-80GB,nvidia-gpu-operator,nvidia-dcgm-exporter-xq25l,openshift-monitoring/k8s,nvidia-dcgm-exporter,0.0,,,
2024-05-21 17:25:13.667999983,NVIDIA,6.16,G506.0210.00.03,2.0,1652523001873,92.00.45.00.05,535.104.05,12.535.104.05,fmaas-devstage-backen-9cjgj-worker-a100-il-rdma-3-jx6tm,GPU-005a31d4-76ae-2dd3-af84-3b7039e24835,DCGM_FI_DEV_DEC_UTIL,nvidia-dcgm-exporter,nvidia6,gpu-metrics,6,192.241.129.18:9400,nvidia-dcgm-exporter,NVIDIA A100-SXM4-80GB,nvidia-gpu-operator,nvidia-dcgm-exporter-xq25l,openshift-monitoring/k8s,nvidia-dcgm-exporter,0.0,,,
2024-05-21 17:25:43.667999983,NVIDIA,6.16,G506.0210.00.03,2.0,1652523001873,92.00.45.00.05,535.104.05,12.535.104.05,fmaas-devstage-backen-9cjgj-worker-a100-il-rdma-3-jx6tm,GPU-005a31d4-76ae-2dd3-af84-3b7039e24835,DCGM_FI_DEV_DEC_UTIL,nvidia-dcgm-exporter,nvidia6,gpu-metrics,6,192.241.129.18:9400,nvidia-dcgm-exporter,NVIDIA A100-SXM4-80GB,nvidia-gpu-operator,nvidia-dcgm-exporter-xq25l,openshift-monitoring/k8s,nvidia-dcgm-exporter,0.0,,,
2024-05-21 17:16:00.772000074,NVIDIA,6.16,G506.0210.00.03,2.0,1652523002864,92.00.45.00.05,535.104.05,12.535.104.05,fmaas-devstage-backen-9cjgj-worker-a100-il-rdma-3-jx6tm,GPU-bd65bd70-5a12-7002-a705-315758f75144,DCGM_FI_DEV_DEC_UTIL,nvidia-dcgm-exporter,nvidia7,gpu-metrics,7,192.241.129.18:9400,nvidia-dcgm-exporter,NVIDIA A100-SXM4-80GB,nvidia-gpu-operator,nvidia-dcgm-exporter-xq25l,openshift-monitoring/k8s,nvidia-dcgm-exporter,0.0,caikit-runtime,fmaas-tuning,devstage-cais-bcbf7c8fb-pxhmp
2024-05-21 17:16:13.667999983,NVIDIA,6.16,G506.0210.00.03,2.0,1652523002864,92.00.45.00.05,535.104.05,12.535.104.05,fmaas-devstage-backen-9cjgj-worker-a100-il-rdma-3-jx6tm,GPU-bd65bd70-5a12-7002-a705-315758f75144,DCGM_FI_DEV_DEC_UTIL,nvidia-dcgm-exporter,nvidia7,gpu-metrics,7,192.241.129.18:9400,nvidia-dcgm-exporter,NVIDIA A100-SXM4-80GB,nvidia-gpu-operator,nvidia-dcgm-exporter-xq25l,openshift-monitoring/k8s,nvidia-dcgm-exporter,0.0,caikit-runtime,fmaas-tuning,devstage-cais-bcbf7c8fb-pxhmp
2024-05-21 17:16:43.667999983,NVIDIA,6.16,G506.0210.00.03,2.0,1652523002864,92.00.45.00.05,535.104.05,12.535.104.05,fmaas-devstage-backen-9cjgj-worker-a100-il-rdma-3-jx6tm,GPU-bd65bd70-5a12-7002-a705-315758f75144,DCGM_FI_DEV_DEC_UTIL,nvidia-dcgm-exporter,nvidia7,gpu-metrics,7,192.241.129.18:9400,nvidia-dcgm-exporter,NVIDIA A100-SXM4-80GB,nvidia-gpu-operator,nvidia-dcgm-exporter-xq25l,openshift-monitoring/k8s,nvidia-dcgm-exporter,0.0,caikit-runtime,fmaas-tuning,devstage-cais-bcbf7c8fb-pxhmp
2024-05-21 17:17:13.667999983,NVIDIA,6.16,G506.0210.00.03,2.0,1652523002864,92.00.45.00.05,535.104.05,12.535.104.05,fmaas-devstage-backen-9cjgj-worker-a100-il-rdma-3-jx6tm,GPU-bd65bd70-5a12-7002-a705-315758f75144,DCGM_FI_DEV_DEC_UTIL,nvidia-dcgm-exporter,nvidia7,gpu-metrics,7,192.241.129.18:9400,nvidia-dcgm-exporter,NVIDIA A100-SXM4-80GB,nvidia-gpu-operator,nvidia-dcgm-exporter-xq25l,openshift-monitoring/k8s,nvidia-dcgm-exporter,0.0,caikit-runtime,fmaas-tuning,devstage-cais-bcbf7c8fb-pxhmp
2024-05-21 17:17:43.667999983,NVIDIA,6.16,G506.0210.00.03,2.0,1652523002864,92.00.45.00.05,535.104.05,12.535.104.05,fmaas-devstage-backen-9cjgj-worker-a100-il-rdma-3-jx6tm,GPU-bd65bd70-5a12-7002-a705-315758f75144,DCGM_FI_DEV_DEC_UTIL,nvidia-dcgm-exporter,nvidia7,gpu-metrics,7,192.241.129.18:9400,nvidia-dcgm-exporter,NVIDIA A100-SXM4-80GB,nvidia-gpu-operator,nvidia-dcgm-exporter-xq25l,openshift-monitoring/k8s,nvidia-dcgm-exporter,0.0,caikit-runtime,fmaas-tuning,devstage-cais-bcbf7c8fb-pxhmp
2024-05-21 17:18:13.667999983,NVIDIA,6.16,G506.0210.00.03,2.0,1652523002864,92.00.45.00.05,535.104.05,12.535.104.05,fmaas-devstage-backen-9cjgj-worker-a100-il-rdma-3-jx6tm,GPU-bd65bd70-5a12-7002-a705-315758f75144,DCGM_FI_DEV_DEC_UTIL,nvidia-dcgm-exporter,nvidia7,gpu-metrics,7,192.241.129.18:9400,nvidia-dcgm-exporter,NVIDIA A100-SXM4-80GB,nvidia-gpu-operator,nvidia-dcgm-exporter-xq25l,openshift-monitoring/k8s,nvidia-dcgm-exporter,0.0,caikit-runtime,fmaas-tuning,devstage-cais-bcbf7c8fb-pxhmp
2024-05-21 17:18:43.667999983,NVIDIA,6.16,G506.0210.00.03,2.0,1652523002864,92.00.45.00.05,535.104.05,12.535.104.05,fmaas-devstage-backen-9cjgj-worker-a100-il-rdma-3-jx6tm,GPU-bd65bd70-5a12-7002-a705-315758f75144,DCGM_FI_DEV_DEC_UTIL,nvidia-dcgm-exporter,nvidia7,gpu-metrics,7,192.241.129.18:9400,nvidia-dcgm-exporter,NVIDIA A100-SXM4-80GB,nvidia-gpu-operator,nvidia-dcgm-exporter-xq25l,openshift-monitoring/k8s,nvidia-dcgm-exporter,0.0,caikit-runtime,fmaas-tuning,devstage-cais-bcbf7c8fb-pxhmp
2024-05-21 17:19:13.667999983,NVIDIA,6.16,G506.0210.00.03,2.0,1652523002864,92.00.45.00.05,535.104.05,12.535.104.05,fmaas-devstage-backen-9cjgj-worker-a100-il-rdma-3-jx6tm,GPU-bd65bd70-5a12-7002-a705-315758f75144,DCGM_FI_DEV_DEC_UTIL,nvidia-dcgm-exporter,nvidia7,gpu-metrics,7,192.241.129.18:9400,nvidia-dcgm-exporter,NVIDIA A100-SXM4-80GB,nvidia-gpu-operator,nvidia-dcgm-exporter-xq25l,openshift-monitoring/k8s,nvidia-dcgm-exporter,0.0,caikit-runtime,fmaas-tuning,devstage-cais-bcbf7c8fb-pxhmp
2024-05-21 17:19:43.667999983,NVIDIA,6.16,G506.0210.00.03,2.0,1652523002864,92.00.45.00.05,535.104.05,12.535.104.05,fmaas-devstage-backen-9cjgj-worker-a100-il-rdma-3-jx6tm,GPU-bd65bd70-5a12-7002-a705-315758f75144,DCGM_FI_DEV_DEC_UTIL,nvidia-dcgm-exporter,nvidia7,gpu-metrics,7,192.241.129.18:9400,nvidia-dcgm-exporter,NVIDIA A100-SXM4-80GB,nvidia-gpu-operator,nvidia-dcgm-exporter-xq25l,openshift-monitoring/k8s,nvidia-dcgm-exporter,0.0,caikit-runtime,fmaas-tuning,devstage-cais-bcbf7c8fb-pxhmp
2024-05-21 17:20:13.667999983,NVIDIA,6.16,G506.0210.00.03,2.0,1652523002864,92.00.45.00.05,535.104.05,12.535.104.05,fmaas-devstage-backen-9cjgj-worker-a100-il-rdma-3-jx6tm,GPU-bd65bd70-5a12-7002-a705-315758f75144,DCGM_FI_DEV_DEC_UTIL,nvidia-dcgm-exporter,nvidia7,gpu-metrics,7,192.241.129.18:9400,nvidia-dcgm-exporter,NVIDIA A100-SXM4-80GB,nvidia-gpu-operator,nvidia-dcgm-exporter-xq25l,openshift-monitoring/k8s,nvidia-dcgm-exporter,0.0,caikit-runtime,fmaas-tuning,devstage-cais-bcbf7c8fb-pxhmp
2024-05-21 17:20:43.667999983,NVIDIA,6.16,G506.0210.00.03,2.0,1652523002864,92.00.45.00.05,535.104.05,12.535.104.05,fmaas-devstage-backen-9cjgj-worker-a100-il-rdma-3-jx6tm,GPU-bd65bd70-5a12-7002-a705-315758f75144,DCGM_FI_DEV_DEC_UTIL,nvidia-dcgm-exporter,nvidia7,gpu-metrics,7,192.241.129.18:9400,nvidia-dcgm-exporter,NVIDIA A100-SXM4-80GB,nvidia-gpu-operator,nvidia-dcgm-exporter-xq25l,openshift-monitoring/k8s,nvidia-dcgm-exporter,0.0,caikit-runtime,fmaas-tuning,devstage-cais-bcbf7c8fb-pxhmp
2024-05-21 17:21:13.667999983,NVIDIA,6.16,G506.0210.00.03,2.0,1652523002864,92.00.45.00.05,535.104.05,12.535.104.05,fmaas-devstage-backen-9cjgj-worker-a100-il-rdma-3-jx6tm,GPU-bd65bd70-5a12-7002-a705-315758f75144,DCGM_FI_DEV_DEC_UTIL,nvidia-dcgm-exporter,nvidia7,gpu-metrics,7,192.241.129.18:9400,nvidia-dcgm-exporter,NVIDIA A100-SXM4-80GB,nvidia-gpu-operator,nvidia-dcgm-exporter-xq25l,openshift-monitoring/k8s,nvidia-dcgm-exporter,0.0,caikit-runtime,fmaas-tuning,devstage-cais-bcbf7c8fb-pxhmp
2024-05-21 17:21:43.667999983,NVIDIA,6.16,G506.0210.00.03,2.0,1652523002864,92.00.45.00.05,535.104.05,12.535.104.05,fmaas-devstage-backen-9cjgj-worker-a100-il-rdma-3-jx6tm,GPU-bd65bd70-5a12-7002-a705-315758f75144,DCGM_FI_DEV_DEC_UTIL,nvidia-dcgm-exporter,nvidia7,gpu-metrics,7,192.241.129.18:9400,nvidia-dcgm-exporter,NVIDIA A100-SXM4-80GB,nvidia-gpu-operator,nvidia-dcgm-exporter-xq25l,openshift-monitoring/k8s,nvidia-dcgm-exporter,0.0,caikit-runtime,fmaas-tuning,devstage-cais-bcbf7c8fb-pxhmp
2024-05-21 17:22:13.667999983,NVIDIA,6.16,G506.0210.00.03,2.0,1652523002864,92.00.45.00.05,535.104.05,12.535.104.05,fmaas-devstage-backen-9cjgj-worker-a100-il-rdma-3-jx6tm,GPU-bd65bd70-5a12-7002-a705-315758f75144,DCGM_FI_DEV_DEC_UTIL,nvidia-dcgm-exporter,nvidia7,gpu-metrics,7,192.241.129.18:9400,nvidia-dcgm-exporter,NVIDIA A100-SXM4-80GB,nvidia-gpu-operator,nvidia-dcgm-exporter-xq25l,openshift-monitoring/k8s,nvidia-dcgm-exporter,0.0,caikit-runtime,fmaas-tuning,devstage-cais-bcbf7c8fb-pxhmp
2024-05-21 17:22:43.667999983,NVIDIA,6.16,G506.0210.00.03,2.0,1652523002864,92.00.45.00.05,535.104.05,12.535.104.05,fmaas-devstage-backen-9cjgj-worker-a100-il-rdma-3-jx6tm,GPU-bd65bd70-5a12-7002-a705-315758f75144,DCGM_FI_DEV_DEC_UTIL,nvidia-dcgm-exporter,nvidia7,gpu-metrics,7,192.241.129.18:9400,nvidia-dcgm-exporter,NVIDIA A100-SXM4-80GB,nvidia-gpu-operator,nvidia-dcgm-exporter-xq25l,openshift-monitoring/k8s,nvidia-dcgm-exporter,0.0,caikit-runtime,fmaas-tuning,devstage-cais-bcbf7c8fb-pxhmp
2024-05-21 17:23:13.667999983,NVIDIA,6.16,G506.0210.00.03,2.0,1652523002864,92.00.45.00.05,535.104.05,12.535.104.05,fmaas-devstage-backen-9cjgj-worker-a100-il-rdma-3-jx6tm,GPU-bd65bd70-5a12-7002-a705-315758f75144,DCGM_FI_DEV_DEC_UTIL,nvidia-dcgm-exporter,nvidia7,gpu-metrics,7,192.241.129.18:9400,nvidia-dcgm-exporter,NVIDIA A100-SXM4-80GB,nvidia-gpu-operator,nvidia-dcgm-exporter-xq25l,openshift-monitoring/k8s,nvidia-dcgm-exporter,0.0,caikit-runtime,fmaas-tuning,devstage-cais-bcbf7c8fb-pxhmp
2024-05-21 17:23:43.667999983,NVIDIA,6.16,G506.0210.00.03,2.0,1652523002864,92.00.45.00.05,535.104.05,12.535.104.05,fmaas-devstage-backen-9cjgj-worker-a100-il-rdma-3-jx6tm,GPU-bd65bd70-5a12-7002-a705-315758f75144,DCGM_FI_DEV_DEC_UTIL,nvidia-dcgm-exporter,nvidia7,gpu-metrics,7,192.241.129.18:9400,nvidia-dcgm-exporter,NVIDIA A100-SXM4-80GB,nvidia-gpu-operator,nvidia-dcgm-exporter-xq25l,openshift-monitoring/k8s,nvidia-dcgm-exporter,0.0,caikit-runtime,fmaas-tuning,devstage-cais-bcbf7c8fb-pxhmp
2024-05-21 17:24:13.667999983,NVIDIA,6.16,G506.0210.00.03,2.0,1652523002864,92.00.45.00.05,535.104.05,12.535.104.05,fmaas-devstage-backen-9cjgj-worker-a100-il-rdma-3-jx6tm,GPU-bd65bd70-5a12-7002-a705-315758f75144,DCGM_FI_DEV_DEC_UTIL,nvidia-dcgm-exporter,nvidia7,gpu-metrics,7,192.241.129.18:9400,nvidia-dcgm-exporter,NVIDIA A100-SXM4-80GB,nvidia-gpu-operator,nvidia-dcgm-exporter-xq25l,openshift-monitoring/k8s,nvidia-dcgm-exporter,0.0,caikit-runtime,fmaas-tuning,devstage-cais-bcbf7c8fb-pxhmp
2024-05-21 17:24:43.667999983,NVIDIA,6.16,G506.0210.00.03,2.0,1652523002864,92.00.45.00.05,535.104.05,12.535.104.05,fmaas-devstage-backen-9cjgj-worker-a100-il-rdma-3-jx6tm,GPU-bd65bd70-5a12-7002-a705-315758f75144,DCGM_FI_DEV_DEC_UTIL,nvidia-dcgm-exporter,nvidia7,gpu-metrics,7,192.241.129.18:9400,nvidia-dcgm-exporter,NVIDIA A100-SXM4-80GB,nvidia-gpu-operator,nvidia-dcgm-exporter-xq25l,openshift-monitoring/k8s,nvidia-dcgm-exporter,0.0,caikit-runtime,fmaas-tuning,devstage-cais-bcbf7c8fb-pxhmp
2024-05-21 17:25:13.667999983,NVIDIA,6.16,G506.0210.00.03,2.0,1652523002864,92.00.45.00.05,535.104.05,12.535.104.05,fmaas-devstage-backen-9cjgj-worker-a100-il-rdma-3-jx6tm,GPU-bd65bd70-5a12-7002-a705-315758f75144,DCGM_FI_DEV_DEC_UTIL,nvidia-dcgm-exporter,nvidia7,gpu-metrics,7,192.241.129.18:9400,nvidia-dcgm-exporter,NVIDIA A100-SXM4-80GB,nvidia-gpu-operator,nvidia-dcgm-exporter-xq25l,openshift-monitoring/k8s,nvidia-dcgm-exporter,0.0,caikit-runtime,fmaas-tuning,devstage-cais-bcbf7c8fb-pxhmp
2024-05-21 17:25:43.667999983,NVIDIA,6.16,G506.0210.00.03,2.0,1652523002864,92.00.45.00.05,535.104.05,12.535.104.05,fmaas-devstage-backen-9cjgj-worker-a100-il-rdma-3-jx6tm,GPU-bd65bd70-5a12-7002-a705-315758f75144,DCGM_FI_DEV_DEC_UTIL,nvidia-dcgm-exporter,nvidia7,gpu-metrics,7,192.241.129.18:9400,nvidia-dcgm-exporter,NVIDIA A100-SXM4-80GB,nvidia-gpu-operator,nvidia-dcgm-exporter-xq25l,openshift-monitoring/k8s,nvidia-dcgm-exporter,0.0,caikit-runtime,fmaas-tuning,devstage-cais-bcbf7c8fb-pxhmp
2024-05-21 17:16:00.772000074,NVIDIA,6.16,G506.0210.00.03,2.0,1652523003950,92.00.45.00.05,535.104.05,12.535.104.05,fmaas-devstage-backen-9cjgj-worker-a100-il-rdma-3-jx6tm,GPU-ed198df6-90a8-c0bf-17bb-f1171d39c5dd,DCGM_FI_DEV_DEC_UTIL,nvidia-dcgm-exporter,nvidia1,gpu-metrics,1,192.241.129.18:9400,nvidia-dcgm-exporter,NVIDIA A100-SXM4-80GB,nvidia-gpu-operator,nvidia-dcgm-exporter-xq25l,openshift-monitoring/k8s,nvidia-dcgm-exporter,0.0,,,
2024-05-21 17:16:13.667999983,NVIDIA,6.16,G506.0210.00.03,2.0,1652523003950,92.00.45.00.05,535.104.05,12.535.104.05,fmaas-devstage-backen-9cjgj-worker-a100-il-rdma-3-jx6tm,GPU-ed198df6-90a8-c0bf-17bb-f1171d39c5dd,DCGM_FI_DEV_DEC_UTIL,nvidia-dcgm-exporter,nvidia1,gpu-metrics,1,192.241.129.18:9400,nvidia-dcgm-exporter,NVIDIA A100-SXM4-80GB,nvidia-gpu-operator,nvidia-dcgm-exporter-xq25l,openshift-monitoring/k8s,nvidia-dcgm-exporter,0.0,,,
2024-05-21 17:16:43.667999983,NVIDIA,6.16,G506.0210.00.03,2.0,1652523003950,92.00.45.00.05,535.104.05,12.535.104.05,fmaas-devstage-backen-9cjgj-worker-a100-il-rdma-3-jx6tm,GPU-ed198df6-90a8-c0bf-17bb-f1171d39c5dd,DCGM_FI_DEV_DEC_UTIL,nvidia-dcgm-exporter,nvidia1,gpu-metrics,1,192.241.129.18:9400,nvidia-dcgm-exporter,NVIDIA A100-SXM4-80GB,nvidia-gpu-operator,nvidia-dcgm-exporter-xq25l,openshift-monitoring/k8s,nvidia-dcgm-exporter,0.0,,,
2024-05-21 17:17:13.667999983,NVIDIA,6.16,G506.0210.00.03,2.0,1652523003950,92.00.45.00.05,535.104.05,12.535.104.05,fmaas-devstage-backen-9cjgj-worker-a100-il-rdma-3-jx6tm,GPU-ed198df6-90a8-c0bf-17bb-f1171d39c5dd,DCGM_FI_DEV_DEC_UTIL,nvidia-dcgm-exporter,nvidia1,gpu-metrics,1,192.241.129.18:9400,nvidia-dcgm-exporter,NVIDIA A100-SXM4-80GB,nvidia-gpu-operator,nvidia-dcgm-exporter-xq25l,openshift-monitoring/k8s,nvidia-dcgm-exporter,0.0,,,
2024-05-21 17:17:43.667999983,NVIDIA,6.16,G506.0210.00.03,2.0,1652523003950,92.00.45.00.05,535.104.05,12.535.104.05,fmaas-devstage-backen-9cjgj-worker-a100-il-rdma-3-jx6tm,GPU-ed198df6-90a8-c0bf-17bb-f1171d39c5dd,DCGM_FI_DEV_DEC_UTIL,nvidia-dcgm-exporter,nvidia1,gpu-metrics,1,192.241.129.18:9400,nvidia-dcgm-exporter,NVIDIA A100-SXM4-80GB,nvidia-gpu-operator,nvidia-dcgm-exporter-xq25l,openshift-monitoring/k8s,nvidia-dcgm-exporter,0.0,,,
2024-05-21 17:18:13.667999983,NVIDIA,6.16,G506.0210.00.03,2.0,1652523003950,92.00.45.00.05,535.104.05,12.535.104.05,fmaas-devstage-backen-9cjgj-worker-a100-il-rdma-3-jx6tm,GPU-ed198df6-90a8-c0bf-17bb-f1171d39c5dd,DCGM_FI_DEV_DEC_UTIL,nvidia-dcgm-exporter,nvidia1,gpu-metrics,1,192.241.129.18:9400,nvidia-dcgm-exporter,NVIDIA A100-SXM4-80GB,nvidia-gpu-operator,nvidia-dcgm-exporter-xq25l,openshift-monitoring/k8s,nvidia-dcgm-exporter,0.0,,,
2024-05-21 17:18:43.667999983,NVIDIA,6.16,G506.0210.00.03,2.0,1652523003950,92.00.45.00.05,535.104.05,12.535.104.05,fmaas-devstage-backen-9cjgj-worker-a100-il-rdma-3-jx6tm,GPU-ed198df6-90a8-c0bf-17bb-f1171d39c5dd,DCGM_FI_DEV_DEC_UTIL,nvidia-dcgm-exporter,nvidia1,gpu-metrics,1,192.241.129.18:9400,nvidia-dcgm-exporter,NVIDIA A100-SXM4-80GB,nvidia-gpu-operator,nvidia-dcgm-exporter-xq25l,openshift-monitoring/k8s,nvidia-dcgm-exporter,0.0,,,
2024-05-21 17:19:13.667999983,NVIDIA,6.16,G506.0210.00.03,2.0,1652523003950,92.00.45.00.05,535.104.05,12.535.104.05,fmaas-devstage-backen-9cjgj-worker-a100-il-rdma-3-jx6tm,GPU-ed198df6-90a8-c0bf-17bb-f1171d39c5dd,DCGM_FI_DEV_DEC_UTIL,nvidia-dcgm-exporter,nvidia1,gpu-metrics,1,192.241.129.18:9400,nvidia-dcgm-exporter,NVIDIA A100-SXM4-80GB,nvidia-gpu-operator,nvidia-dcgm-exporter-xq25l,openshift-monitoring/k8s,nvidia-dcgm-exporter,0.0,,,
2024-05-21 17:19:43.667999983,NVIDIA,6.16,G506.0210.00.03,2.0,1652523003950,92.00.45.00.05,535.104.05,12.535.104.05,fmaas-devstage-backen-9cjgj-worker-a100-il-rdma-3-jx6tm,GPU-ed198df6-90a8-c0bf-17bb-f1171d39c5dd,DCGM_FI_DEV_DEC_UTIL,nvidia-dcgm-exporter,nvidia1,gpu-metrics,1,192.241.129.18:9400,nvidia-dcgm-exporter,NVIDIA A100-SXM4-80GB,nvidia-gpu-operator,nvidia-dcgm-exporter-xq25l,openshift-monitoring/k8s,nvidia-dcgm-exporter,0.0,,,
2024-05-21 17:20:13.667999983,NVIDIA,6.16,G506.0210.00.03,2.0,1652523003950,92.00.45.00.05,535.104.05,12.535.104.05,fmaas-devstage-backen-9cjgj-worker-a100-il-rdma-3-jx6tm,GPU-ed198df6-90a8-c0bf-17bb-f1171d39c5dd,DCGM_FI_DEV_DEC_UTIL,nvidia-dcgm-exporter,nvidia1,gpu-metrics,1,192.241.129.18:9400,nvidia-dcgm-exporter,NVIDIA A100-SXM4-80GB,nvidia-gpu-operator,nvidia-dcgm-exporter-xq25l,openshift-monitoring/k8s,nvidia-dcgm-exporter,0.0,,,
2024-05-21 17:20:43.667999983,NVIDIA,6.16,G506.0210.00.03,2.0,1652523003950,92.00.45.00.05,535.104.05,12.535.104.05,fmaas-devstage-backen-9cjgj-worker-a100-il-rdma-3-jx6tm,GPU-ed198df6-90a8-c0bf-17bb-f1171d39c5dd,DCGM_FI_DEV_DEC_UTIL,nvidia-dcgm-exporter,nvidia1,gpu-metrics,1,192.241.129.18:9400,nvidia-dcgm-exporter,NVIDIA A100-SXM4-80GB,nvidia-gpu-operator,nvidia-dcgm-exporter-xq25l,openshift-monitoring/k8s,nvidia-dcgm-exporter,0.0,,,
2024-05-21 17:21:13.667999983,NVIDIA,6.16,G506.0210.00.03,2.0,1652523003950,92.00.45.00.05,535.104.05,12.535.104.05,fmaas-devstage-backen-9cjgj-worker-a100-il-rdma-3-jx6tm,GPU-ed198df6-90a8-c0bf-17bb-f1171d39c5dd,DCGM_FI_DEV_DEC_UTIL,nvidia-dcgm-exporter,nvidia1,gpu-metrics,1,192.241.129.18:9400,nvidia-dcgm-exporter,NVIDIA A100-SXM4-80GB,nvidia-gpu-operator,nvidia-dcgm-exporter-xq25l,openshift-monitoring/k8s,nvidia-dcgm-exporter,0.0,,,
2024-05-21 17:21:43.667999983,NVIDIA,6.16,G506.0210.00.03,2.0,1652523003950,92.00.45.00.05,535.104.05,12.535.104.05,fmaas-devstage-backen-9cjgj-worker-a100-il-rdma-3-jx6tm,GPU-ed198df6-90a8-c0bf-17bb-f1171d39c5dd,DCGM_FI_DEV_DEC_UTIL,nvidia-dcgm-exporter,nvidia1,gpu-metrics,1,192.241.129.18:9400,nvidia-dcgm-exporter,NVIDIA A100-SXM4-80GB,nvidia-gpu-operator,nvidia-dcgm-exporter-xq25l,openshift-monitoring/k8s,nvidia-dcgm-exporter,0.0,,,
2024-05-21 17:22:13.667999983,NVIDIA,6.16,G506.0210.00.03,2.0,1652523003950,92.00.45.00.05,535.104.05,12.535.104.05,fmaas-devstage-backen-9cjgj-worker-a100-il-rdma-3-jx6tm,GPU-ed198df6-90a8-c0bf-17bb-f1171d39c5dd,DCGM_FI_DEV_DEC_UTIL,nvidia-dcgm-exporter,nvidia1,gpu-metrics,1,192.241.129.18:9400,nvidia-dcgm-exporter,NVIDIA A100-SXM4-80GB,nvidia-gpu-operator,nvidia-dcgm-exporter-xq25l,openshift-monitoring/k8s,nvidia-dcgm-exporter,0.0,,,
2024-05-21 17:22:43.667999983,NVIDIA,6.16,G506.0210.00.03,2.0,1652523003950,92.00.45.00.05,535.104.05,12.535.104.05,fmaas-devstage-backen-9cjgj-worker-a100-il-rdma-3-jx6tm,GPU-ed198df6-90a8-c0bf-17bb-f1171d39c5dd,DCGM_FI_DEV_DEC_UTIL,nvidia-dcgm-exporter,nvidia1,gpu-metrics,1,192.241.129.18:9400,nvidia-dcgm-exporter,NVIDIA A100-SXM4-80GB,nvidia-gpu-operator,nvidia-dcgm-exporter-xq25l,openshift-monitoring/k8s,nvidia-dcgm-exporter,0.0,,,
2024-05-21 17:23:13.667999983,NVIDIA,6.16,G506.0210.00.03,2.0,1652523003950,92.00.45.00.05,535.104.05,12.535.104.05,fmaas-devstage-backen-9cjgj-worker-a100-il-rdma-3-jx6tm,GPU-ed198df6-90a8-c0bf-17bb-f1171d39c5dd,DCGM_FI_DEV_DEC_UTIL,nvidia-dcgm-exporter,nvidia1,gpu-metrics,1,192.241.129.18:9400,nvidia-dcgm-exporter,NVIDIA A100-SXM4-80GB,nvidia-gpu-operator,nvidia-dcgm-exporter-xq25l,openshift-monitoring/k8s,nvidia-dcgm-exporter,0.0,,,
2024-05-21 17:23:43.667999983,NVIDIA,6.16,G506.0210.00.03,2.0,1652523003950,92.00.45.00.05,535.104.05,12.535.104.05,fmaas-devstage-backen-9cjgj-worker-a100-il-rdma-3-jx6tm,GPU-ed198df6-90a8-c0bf-17bb-f1171d39c5dd,DCGM_FI_DEV_DEC_UTIL,nvidia-dcgm-exporter,nvidia1,gpu-metrics,1,192.241.129.18:9400,nvidia-dcgm-exporter,NVIDIA A100-SXM4-80GB,nvidia-gpu-operator,nvidia-dcgm-exporter-xq25l,openshift-monitoring/k8s,nvidia-dcgm-exporter,0.0,,,
2024-05-21 17:24:13.667999983,NVIDIA,6.16,G506.0210.00.03,2.0,1652523003950,92.00.45.00.05,535.104.05,12.535.104.05,fmaas-devstage-backen-9cjgj-worker-a100-il-rdma-3-jx6tm,GPU-ed198df6-90a8-c0bf-17bb-f1171d39c5dd,DCGM_FI_DEV_DEC_UTIL,nvidia-dcgm-exporter,nvidia1,gpu-metrics,1,192.241.129.18:9400,nvidia-dcgm-exporter,NVIDIA A100-SXM4-80GB,nvidia-gpu-operator,nvidia-dcgm-exporter-xq25l,openshift-monitoring/k8s,nvidia-dcgm-exporter,0.0,,,
2024-05-21 17:24:43.667999983,NVIDIA,6.16,G506.0210.00.03,2.0,1652523003950,92.00.45.00.05,535.104.05,12.535.104.05,fmaas-devstage-backen-9cjgj-worker-a100-il-rdma-3-jx6tm,GPU-ed198df6-90a8-c0bf-17bb-f1171d39c5dd,DCGM_FI_DEV_DEC_UTIL,nvidia-dcgm-exporter,nvidia1,gpu-metrics,1,192.241.129.18:9400,nvidia-dcgm-exporter,NVIDIA A100-SXM4-80GB,nvidia-gpu-operator,nvidia-dcgm-exporter-xq25l,openshift-monitoring/k8s,nvidia-dcgm-exporter,0.0,,,
2024-05-21 17:25:13.667999983,NVIDIA,6.16,G506.0210.00.03,2.0,1652523003950,92.00.45.00.05,535.104.05,12.535.104.05,fmaas-devstage-backen-9cjgj-worker-a100-il-rdma-3-jx6tm,GPU-ed198df6-90a8-c0bf-17bb-f1171d39c5dd,DCGM_FI_DEV_DEC_UTIL,nvidia-dcgm-exporter,nvidia1,gpu-metrics,1,192.241.129.18:9400,nvidia-dcgm-exporter,NVIDIA A100-SXM4-80GB,nvidia-gpu-operator,nvidia-dcgm-exporter-xq25l,openshift-monitoring/k8s,nvidia-dcgm-exporter,0.0,,,
2024-05-21 17:25:43.667999983,NVIDIA,6.16,G506.0210.00.03,2.0,1652523003950,92.00.45.00.05,535.104.05,12.535.104.05,fmaas-devstage-backen-9cjgj-worker-a100-il-rdma-3-jx6tm,GPU-ed198df6-90a8-c0bf-17bb-f1171d39c5dd,DCGM_FI_DEV_DEC_UTIL,nvidia-dcgm-exporter,nvidia1,gpu-metrics,1,192.241.129.18:9400,nvidia-dcgm-exporter,NVIDIA A100-SXM4-80GB,nvidia-gpu-operator,nvidia-dcgm-exporter-xq25l,openshift-monitoring/k8s,nvidia-dcgm-exporter,0.0,,,
2024-05-21 17:16:00.772000074,NVIDIA,6.16,G506.0210.00.03,2.0,1652523003996,92.00.45.00.05,535.104.05,12.535.104.05,fmaas-devstage-backen-9cjgj-worker-a100-il-rdma-3-jx6tm,GPU-f94e20f3-b883-1dc9-1c93-9769594edc6a,DCGM_FI_DEV_DEC_UTIL,nvidia-dcgm-exporter,nvidia2,gpu-metrics,2,192.241.129.18:9400,nvidia-dcgm-exporter,NVIDIA A100-SXM4-80GB,nvidia-gpu-operator,nvidia-dcgm-exporter-xq25l,openshift-monitoring/k8s,nvidia-dcgm-exporter,0.0,base,fmaas-monitoring,llama3
2024-05-21 17:16:13.667999983,NVIDIA,6.16,G506.0210.00.03,2.0,1652523003996,92.00.45.00.05,535.104.05,12.535.104.05,fmaas-devstage-backen-9cjgj-worker-a100-il-rdma-3-jx6tm,GPU-f94e20f3-b883-1dc9-1c93-9769594edc6a,DCGM_FI_DEV_DEC_UTIL,nvidia-dcgm-exporter,nvidia2,gpu-metrics,2,192.241.129.18:9400,nvidia-dcgm-exporter,NVIDIA A100-SXM4-80GB,nvidia-gpu-operator,nvidia-dcgm-exporter-xq25l,openshift-monitoring/k8s,nvidia-dcgm-exporter,0.0,base,fmaas-monitoring,llama3
2024-05-21 17:16:43.667999983,NVIDIA,6.16,G506.0210.00.03,2.0,1652523003996,92.00.45.00.05,535.104.05,12.535.104.05,fmaas-devstage-backen-9cjgj-worker-a100-il-rdma-3-jx6tm,GPU-f94e20f3-b883-1dc9-1c93-9769594edc6a,DCGM_FI_DEV_DEC_UTIL,nvidia-dcgm-exporter,nvidia2,gpu-metrics,2,192.241.129.18:9400,nvidia-dcgm-exporter,NVIDIA A100-SXM4-80GB,nvidia-gpu-operator,nvidia-dcgm-exporter-xq25l,openshift-monitoring/k8s,nvidia-dcgm-exporter,0.0,base,fmaas-monitoring,llama3
2024-05-21 17:17:13.667999983,NVIDIA,6.16,G506.0210.00.03,2.0,1652523003996,92.00.45.00.05,535.104.05,12.535.104.05,fmaas-devstage-backen-9cjgj-worker-a100-il-rdma-3-jx6tm,GPU-f94e20f3-b883-1dc9-1c93-9769594edc6a,DCGM_FI_DEV_DEC_UTIL,nvidia-dcgm-exporter,nvidia2,gpu-metrics,2,192.241.129.18:9400,nvidia-dcgm-exporter,NVIDIA A100-SXM4-80GB,nvidia-gpu-operator,nvidia-dcgm-exporter-xq25l,openshift-monitoring/k8s,nvidia-dcgm-exporter,0.0,base,fmaas-monitoring,llama3
2024-05-21 17:17:43.667999983,NVIDIA,6.16,G506.0210.00.03,2.0,1652523003996,92.00.45.00.05,535.104.05,12.535.104.05,fmaas-devstage-backen-9cjgj-worker-a100-il-rdma-3-jx6tm,GPU-f94e20f3-b883-1dc9-1c93-9769594edc6a,DCGM_FI_DEV_DEC_UTIL,nvidia-dcgm-exporter,nvidia2,gpu-metrics,2,192.241.129.18:9400,nvidia-dcgm-exporter,NVIDIA A100-SXM4-80GB,nvidia-gpu-operator,nvidia-dcgm-exporter-xq25l,openshift-monitoring/k8s,nvidia-dcgm-exporter,0.0,base,fmaas-monitoring,llama3
2024-05-21 17:18:13.667999983,NVIDIA,6.16,G506.0210.00.03,2.0,1652523003996,92.00.45.00.05,535.104.05,12.535.104.05,fmaas-devstage-backen-9cjgj-worker-a100-il-rdma-3-jx6tm,GPU-f94e20f3-b883-1dc9-1c93-9769594edc6a,DCGM_FI_DEV_DEC_UTIL,nvidia-dcgm-exporter,nvidia2,gpu-metrics,2,192.241.129.18:9400,nvidia-dcgm-exporter,NVIDIA A100-SXM4-80GB,nvidia-gpu-operator,nvidia-dcgm-exporter-xq25l,openshift-monitoring/k8s,nvidia-dcgm-exporter,0.0,base,fmaas-monitoring,llama3
2024-05-21 17:18:43.667999983,NVIDIA,6.16,G506.0210.00.03,2.0,1652523003996,92.00.45.00.05,535.104.05,12.535.104.05,fmaas-devstage-backen-9cjgj-worker-a100-il-rdma-3-jx6tm,GPU-f94e20f3-b883-1dc9-1c93-9769594edc6a,DCGM_FI_DEV_DEC_UTIL,nvidia-dcgm-exporter,nvidia2,gpu-metrics,2,192.241.129.18:9400,nvidia-dcgm-exporter,NVIDIA A100-SXM4-80GB,nvidia-gpu-operator,nvidia-dcgm-exporter-xq25l,openshift-monitoring/k8s,nvidia-dcgm-exporter,0.0,base,fmaas-monitoring,llama3
2024-05-21 17:19:13.667999983,NVIDIA,6.16,G506.0210.00.03,2.0,1652523003996,92.00.45.00.05,535.104.05,12.535.104.05,fmaas-devstage-backen-9cjgj-worker-a100-il-rdma-3-jx6tm,GPU-f94e20f3-b883-1dc9-1c93-9769594edc6a,DCGM_FI_DEV_DEC_UTIL,nvidia-dcgm-exporter,nvidia2,gpu-metrics,2,192.241.129.18:9400,nvidia-dcgm-exporter,NVIDIA A100-SXM4-80GB,nvidia-gpu-operator,nvidia-dcgm-exporter-xq25l,openshift-monitoring/k8s,nvidia-dcgm-exporter,0.0,base,fmaas-monitoring,llama3
2024-05-21 17:19:43.667999983,NVIDIA,6.16,G506.0210.00.03,2.0,1652523003996,92.00.45.00.05,535.104.05,12.535.104.05,fmaas-devstage-backen-9cjgj-worker-a100-il-rdma-3-jx6tm,GPU-f94e20f3-b883-1dc9-1c93-9769594edc6a,DCGM_FI_DEV_DEC_UTIL,nvidia-dcgm-exporter,nvidia2,gpu-metrics,2,192.241.129.18:9400,nvidia-dcgm-exporter,NVIDIA A100-SXM4-80GB,nvidia-gpu-operator,nvidia-dcgm-exporter-xq25l,openshift-monitoring/k8s,nvidia-dcgm-exporter,0.0,base,fmaas-monitoring,llama3
2024-05-21 17:20:13.667999983,NVIDIA,6.16,G506.0210.00.03,2.0,1652523003996,92.00.45.00.05,535.104.05,12.535.104.05,fmaas-devstage-backen-9cjgj-worker-a100-il-rdma-3-jx6tm,GPU-f94e20f3-b883-1dc9-1c93-9769594edc6a,DCGM_FI_DEV_DEC_UTIL,nvidia-dcgm-exporter,nvidia2,gpu-metrics,2,192.241.129.18:9400,nvidia-dcgm-exporter,NVIDIA A100-SXM4-80GB,nvidia-gpu-operator,nvidia-dcgm-exporter-xq25l,openshift-monitoring/k8s,nvidia-dcgm-exporter,0.0,base,fmaas-monitoring,llama3
2024-05-21 17:20:43.667999983,NVIDIA,6.16,G506.0210.00.03,2.0,1652523003996,92.00.45.00.05,535.104.05,12.535.104.05,fmaas-devstage-backen-9cjgj-worker-a100-il-rdma-3-jx6tm,GPU-f94e20f3-b883-1dc9-1c93-9769594edc6a,DCGM_FI_DEV_DEC_UTIL,nvidia-dcgm-exporter,nvidia2,gpu-metrics,2,192.241.129.18:9400,nvidia-dcgm-exporter,NVIDIA A100-SXM4-80GB,nvidia-gpu-operator,nvidia-dcgm-exporter-xq25l,openshift-monitoring/k8s,nvidia-dcgm-exporter,0.0,base,fmaas-monitoring,llama3
2024-05-21 17:21:13.667999983,NVIDIA,6.16,G506.0210.00.03,2.0,1652523003996,92.00.45.00.05,535.104.05,12.535.104.05,fmaas-devstage-backen-9cjgj-worker-a100-il-rdma-3-jx6tm,GPU-f94e20f3-b883-1dc9-1c93-9769594edc6a,DCGM_FI_DEV_DEC_UTIL,nvidia-dcgm-exporter,nvidia2,gpu-metrics,2,192.241.129.18:9400,nvidia-dcgm-exporter,NVIDIA A100-SXM4-80GB,nvidia-gpu-operator,nvidia-dcgm-exporter-xq25l,openshift-monitoring/k8s,nvidia-dcgm-exporter,0.0,base,fmaas-monitoring,llama3
2024-05-21 17:21:43.667999983,NVIDIA,6.16,G506.0210.00.03,2.0,1652523003996,92.00.45.00.05,535.104.05,12.535.104.05,fmaas-devstage-backen-9cjgj-worker-a100-il-rdma-3-jx6tm,GPU-f94e20f3-b883-1dc9-1c93-9769594edc6a,DCGM_FI_DEV_DEC_UTIL,nvidia-dcgm-exporter,nvidia2,gpu-metrics,2,192.241.129.18:9400,nvidia-dcgm-exporter,NVIDIA A100-SXM4-80GB,nvidia-gpu-operator,nvidia-dcgm-exporter-xq25l,openshift-monitoring/k8s,nvidia-dcgm-exporter,0.0,base,fmaas-monitoring,llama3
2024-05-21 17:22:13.667999983,NVIDIA,6.16,G506.0210.00.03,2.0,1652523003996,92.00.45.00.05,535.104.05,12.535.104.05,fmaas-devstage-backen-9cjgj-worker-a100-il-rdma-3-jx6tm,GPU-f94e20f3-b883-1dc9-1c93-9769594edc6a,DCGM_FI_DEV_DEC_UTIL,nvidia-dcgm-exporter,nvidia2,gpu-metrics,2,192.241.129.18:9400,nvidia-dcgm-exporter,NVIDIA A100-SXM4-80GB,nvidia-gpu-operator,nvidia-dcgm-exporter-xq25l,openshift-monitoring/k8s,nvidia-dcgm-exporter,0.0,base,fmaas-monitoring,llama3
2024-05-21 17:22:43.667999983,NVIDIA,6.16,G506.0210.00.03,2.0,1652523003996,92.00.45.00.05,535.104.05,12.535.104.05,fmaas-devstage-backen-9cjgj-worker-a100-il-rdma-3-jx6tm,GPU-f94e20f3-b883-1dc9-1c93-9769594edc6a,DCGM_FI_DEV_DEC_UTIL,nvidia-dcgm-exporter,nvidia2,gpu-metrics,2,192.241.129.18:9400,nvidia-dcgm-exporter,NVIDIA A100-SXM4-80GB,nvidia-gpu-operator,nvidia-dcgm-exporter-xq25l,openshift-monitoring/k8s,nvidia-dcgm-exporter,0.0,base,fmaas-monitoring,llama3
2024-05-21 17:23:13.667999983,NVIDIA,6.16,G506.0210.00.03,2.0,1652523003996,92.00.45.00.05,535.104.05,12.535.104.05,fmaas-devstage-backen-9cjgj-worker-a100-il-rdma-3-jx6tm,GPU-f94e20f3-b883-1dc9-1c93-9769594edc6a,DCGM_FI_DEV_DEC_UTIL,nvidia-dcgm-exporter,nvidia2,gpu-metrics,2,192.241.129.18:9400,nvidia-dcgm-exporter,NVIDIA A100-SXM4-80GB,nvidia-gpu-operator,nvidia-dcgm-exporter-xq25l,openshift-monitoring/k8s,nvidia-dcgm-exporter,0.0,base,fmaas-monitoring,llama3
2024-05-21 17:23:43.667999983,NVIDIA,6.16,G506.0210.00.03,2.0,1652523003996,92.00.45.00.05,535.104.05,12.535.104.05,fmaas-devstage-backen-9cjgj-worker-a100-il-rdma-3-jx6tm,GPU-f94e20f3-b883-1dc9-1c93-9769594edc6a,DCGM_FI_DEV_DEC_UTIL,nvidia-dcgm-exporter,nvidia2,gpu-metrics,2,192.241.129.18:9400,nvidia-dcgm-exporter,NVIDIA A100-SXM4-80GB,nvidia-gpu-operator,nvidia-dcgm-exporter-xq25l,openshift-monitoring/k8s,nvidia-dcgm-exporter,0.0,base,fmaas-monitoring,llama3
2024-05-21 17:24:13.667999983,NVIDIA,6.16,G506.0210.00.03,2.0,1652523003996,92.00.45.00.05,535.104.05,12.535.104.05,fmaas-devstage-backen-9cjgj-worker-a100-il-rdma-3-jx6tm,GPU-f94e20f3-b883-1dc9-1c93-9769594edc6a,DCGM_FI_DEV_DEC_UTIL,nvidia-dcgm-exporter,nvidia2,gpu-metrics,2,192.241.129.18:9400,nvidia-dcgm-exporter,NVIDIA A100-SXM4-80GB,nvidia-gpu-operator,nvidia-dcgm-exporter-xq25l,openshift-monitoring/k8s,nvidia-dcgm-exporter,0.0,base,fmaas-monitoring,llama3
2024-05-21 17:24:43.667999983,NVIDIA,6.16,G506.0210.00.03,2.0,1652523003996,92.00.45.00.05,535.104.05,12.535.104.05,fmaas-devstage-backen-9cjgj-worker-a100-il-rdma-3-jx6tm,GPU-f94e20f3-b883-1dc9-1c93-9769594edc6a,DCGM_FI_DEV_DEC_UTIL,nvidia-dcgm-exporter,nvidia2,gpu-metrics,2,192.241.129.18:9400,nvidia-dcgm-exporter,NVIDIA A100-SXM4-80GB,nvidia-gpu-operator,nvidia-dcgm-exporter-xq25l,openshift-monitoring/k8s,nvidia-dcgm-exporter,0.0,base,fmaas-monitoring,llama3
2024-05-21 17:25:13.667999983,NVIDIA,6.16,G506.0210.00.03,2.0,1652523003996,92.00.45.00.05,535.104.05,12.535.104.05,fmaas-devstage-backen-9cjgj-worker-a100-il-rdma-3-jx6tm,GPU-f94e20f3-b883-1dc9-1c93-9769594edc6a,DCGM_FI_DEV_DEC_UTIL,nvidia-dcgm-exporter,nvidia2,gpu-metrics,2,192.241.129.18:9400,nvidia-dcgm-exporter,NVIDIA A100-SXM4-80GB,nvidia-gpu-operator,nvidia-dcgm-exporter-xq25l,openshift-monitoring/k8s,nvidia-dcgm-exporter,0.0,base,fmaas-monitoring,llama3
2024-05-21 17:25:43.667999983,NVIDIA,6.16,G506.0210.00.03,2.0,1652523003996,92.00.45.00.05,535.104.05,12.535.104.05,fmaas-devstage-backen-9cjgj-worker-a100-il-rdma-3-jx6tm,GPU-f94e20f3-b883-1dc9-1c93-9769594edc6a,DCGM_FI_DEV_DEC_UTIL,nvidia-dcgm-exporter,nvidia2,gpu-metrics,2,192.241.129.18:9400,nvidia-dcgm-exporter,NVIDIA A100-SXM4-80GB,nvidia-gpu-operator,nvidia-dcgm-exporter-xq25l,openshift-monitoring/k8s,nvidia-dcgm-exporter,0.0,base,fmaas-monitoring,llama3
2024-05-21 17:16:00.772000074,NVIDIA,6.16,G506.0210.00.03,2.0,1652523004560,92.00.45.00.05,535.104.05,12.535.104.05,fmaas-devstage-backen-9cjgj-worker-a100-il-rdma-3-jx6tm,GPU-fae4890e-cca3-f53f-3743-ba11e6e50022,DCGM_FI_DEV_DEC_UTIL,nvidia-dcgm-exporter,nvidia3,gpu-metrics,3,192.241.129.18:9400,nvidia-dcgm-exporter,NVIDIA A100-SXM4-80GB,nvidia-gpu-operator,nvidia-dcgm-exporter-xq25l,openshift-monitoring/k8s,nvidia-dcgm-exporter,0.0,,,
2024-05-21 17:16:13.667999983,NVIDIA,6.16,G506.0210.00.03,2.0,1652523004560,92.00.45.00.05,535.104.05,12.535.104.05,fmaas-devstage-backen-9cjgj-worker-a100-il-rdma-3-jx6tm,GPU-fae4890e-cca3-f53f-3743-ba11e6e50022,DCGM_FI_DEV_DEC_UTIL,nvidia-dcgm-exporter,nvidia3,gpu-metrics,3,192.241.129.18:9400,nvidia-dcgm-exporter,NVIDIA A100-SXM4-80GB,nvidia-gpu-operator,nvidia-dcgm-exporter-xq25l,openshift-monitoring/k8s,nvidia-dcgm-exporter,0.0,,,
2024-05-21 17:16:43.667999983,NVIDIA,6.16,G506.0210.00.03,2.0,1652523004560,92.00.45.00.05,535.104.05,12.535.104.05,fmaas-devstage-backen-9cjgj-worker-a100-il-rdma-3-jx6tm,GPU-fae4890e-cca3-f53f-3743-ba11e6e50022,DCGM_FI_DEV_DEC_UTIL,nvidia-dcgm-exporter,nvidia3,gpu-metrics,3,192.241.129.18:9400,nvidia-dcgm-exporter,NVIDIA A100-SXM4-80GB,nvidia-gpu-operator,nvidia-dcgm-exporter-xq25l,openshift-monitoring/k8s,nvidia-dcgm-exporter,0.0,,,
2024-05-21 17:17:13.667999983,NVIDIA,6.16,G506.0210.00.03,2.0,1652523004560,92.00.45.00.05,535.104.05,12.535.104.05,fmaas-devstage-backen-9cjgj-worker-a100-il-rdma-3-jx6tm,GPU-fae4890e-cca3-f53f-3743-ba11e6e50022,DCGM_FI_DEV_DEC_UTIL,nvidia-dcgm-exporter,nvidia3,gpu-metrics,3,192.241.129.18:9400,nvidia-dcgm-exporter,NVIDIA A100-SXM4-80GB,nvidia-gpu-operator,nvidia-dcgm-exporter-xq25l,openshift-monitoring/k8s,nvidia-dcgm-exporter,0.0,,,
2024-05-21 17:17:43.667999983,NVIDIA,6.16,G506.0210.00.03,2.0,1652523004560,92.00.45.00.05,535.104.05,12.535.104.05,fmaas-devstage-backen-9cjgj-worker-a100-il-rdma-3-jx6tm,GPU-fae4890e-cca3-f53f-3743-ba11e6e50022,DCGM_FI_DEV_DEC_UTIL,nvidia-dcgm-exporter,nvidia3,gpu-metrics,3,192.241.129.18:9400,nvidia-dcgm-exporter,NVIDIA A100-SXM4-80GB,nvidia-gpu-operator,nvidia-dcgm-exporter-xq25l,openshift-monitoring/k8s,nvidia-dcgm-exporter,0.0,,,
2024-05-21 17:18:13.667999983,NVIDIA,6.16,G506.0210.00.03,2.0,1652523004560,92.00.45.00.05,535.104.05,12.535.104.05,fmaas-devstage-backen-9cjgj-worker-a100-il-rdma-3-jx6tm,GPU-fae4890e-cca3-f53f-3743-ba11e6e50022,DCGM_FI_DEV_DEC_UTIL,nvidia-dcgm-exporter,nvidia3,gpu-metrics,3,192.241.129.18:9400,nvidia-dcgm-exporter,NVIDIA A100-SXM4-80GB,nvidia-gpu-operator,nvidia-dcgm-exporter-xq25l,openshift-monitoring/k8s,nvidia-dcgm-exporter,0.0,,,
2024-05-21 17:18:43.667999983,NVIDIA,6.16,G506.0210.00.03,2.0,1652523004560,92.00.45.00.05,535.104.05,12.535.104.05,fmaas-devstage-backen-9cjgj-worker-a100-il-rdma-3-jx6tm,GPU-fae4890e-cca3-f53f-3743-ba11e6e50022,DCGM_FI_DEV_DEC_UTIL,nvidia-dcgm-exporter,nvidia3,gpu-metrics,3,192.241.129.18:9400,nvidia-dcgm-exporter,NVIDIA A100-SXM4-80GB,nvidia-gpu-operator,nvidia-dcgm-exporter-xq25l,openshift-monitoring/k8s,nvidia-dcgm-exporter,0.0,,,
2024-05-21 17:19:13.667999983,NVIDIA,6.16,G506.0210.00.03,2.0,1652523004560,92.00.45.00.05,535.104.05,12.535.104.05,fmaas-devstage-backen-9cjgj-worker-a100-il-rdma-3-jx6tm,GPU-fae4890e-cca3-f53f-3743-ba11e6e50022,DCGM_FI_DEV_DEC_UTIL,nvidia-dcgm-exporter,nvidia3,gpu-metrics,3,192.241.129.18:9400,nvidia-dcgm-exporter,NVIDIA A100-SXM4-80GB,nvidia-gpu-operator,nvidia-dcgm-exporter-xq25l,openshift-monitoring/k8s,nvidia-dcgm-exporter,0.0,,,
2024-05-21 17:19:43.667999983,NVIDIA,6.16,G506.0210.00.03,2.0,1652523004560,92.00.45.00.05,535.104.05,12.535.104.05,fmaas-devstage-backen-9cjgj-worker-a100-il-rdma-3-jx6tm,GPU-fae4890e-cca3-f53f-3743-ba11e6e50022,DCGM_FI_DEV_DEC_UTIL,nvidia-dcgm-exporter,nvidia3,gpu-metrics,3,192.241.129.18:9400,nvidia-dcgm-exporter,NVIDIA A100-SXM4-80GB,nvidia-gpu-operator,nvidia-dcgm-exporter-xq25l,openshift-monitoring/k8s,nvidia-dcgm-exporter,0.0,,,
2024-05-21 17:20:13.667999983,NVIDIA,6.16,G506.0210.00.03,2.0,1652523004560,92.00.45.00.05,535.104.05,12.535.104.05,fmaas-devstage-backen-9cjgj-worker-a100-il-rdma-3-jx6tm,GPU-fae4890e-cca3-f53f-3743-ba11e6e50022,DCGM_FI_DEV_DEC_UTIL,nvidia-dcgm-exporter,nvidia3,gpu-metrics,3,192.241.129.18:9400,nvidia-dcgm-exporter,NVIDIA A100-SXM4-80GB,nvidia-gpu-operator,nvidia-dcgm-exporter-xq25l,openshift-monitoring/k8s,nvidia-dcgm-exporter,0.0,,,
2024-05-21 17:20:43.667999983,NVIDIA,6.16,G506.0210.00.03,2.0,1652523004560,92.00.45.00.05,535.104.05,12.535.104.05,fmaas-devstage-backen-9cjgj-worker-a100-il-rdma-3-jx6tm,GPU-fae4890e-cca3-f53f-3743-ba11e6e50022,DCGM_FI_DEV_DEC_UTIL,nvidia-dcgm-exporter,nvidia3,gpu-metrics,3,192.241.129.18:9400,nvidia-dcgm-exporter,NVIDIA A100-SXM4-80GB,nvidia-gpu-operator,nvidia-dcgm-exporter-xq25l,openshift-monitoring/k8s,nvidia-dcgm-exporter,0.0,,,
2024-05-21 17:21:13.667999983,NVIDIA,6.16,G506.0210.00.03,2.0,1652523004560,92.00.45.00.05,535.104.05,12.535.104.05,fmaas-devstage-backen-9cjgj-worker-a100-il-rdma-3-jx6tm,GPU-fae4890e-cca3-f53f-3743-ba11e6e50022,DCGM_FI_DEV_DEC_UTIL,nvidia-dcgm-exporter,nvidia3,gpu-metrics,3,192.241.129.18:9400,nvidia-dcgm-exporter,NVIDIA A100-SXM4-80GB,nvidia-gpu-operator,nvidia-dcgm-exporter-xq25l,openshift-monitoring/k8s,nvidia-dcgm-exporter,0.0,,,
2024-05-21 17:21:43.667999983,NVIDIA,6.16,G506.0210.00.03,2.0,1652523004560,92.00.45.00.05,535.104.05,12.535.104.05,fmaas-devstage-backen-9cjgj-worker-a100-il-rdma-3-jx6tm,GPU-fae4890e-cca3-f53f-3743-ba11e6e50022,DCGM_FI_DEV_DEC_UTIL,nvidia-dcgm-exporter,nvidia3,gpu-metrics,3,192.241.129.18:9400,nvidia-dcgm-exporter,NVIDIA A100-SXM4-80GB,nvidia-gpu-operator,nvidia-dcgm-exporter-xq25l,openshift-monitoring/k8s,nvidia-dcgm-exporter,0.0,,,
2024-05-21 17:22:13.667999983,NVIDIA,6.16,G506.0210.00.03,2.0,1652523004560,92.00.45.00.05,535.104.05,12.535.104.05,fmaas-devstage-backen-9cjgj-worker-a100-il-rdma-3-jx6tm,GPU-fae4890e-cca3-f53f-3743-ba11e6e50022,DCGM_FI_DEV_DEC_UTIL,nvidia-dcgm-exporter,nvidia3,gpu-metrics,3,192.241.129.18:9400,nvidia-dcgm-exporter,NVIDIA A100-SXM4-80GB,nvidia-gpu-operator,nvidia-dcgm-exporter-xq25l,openshift-monitoring/k8s,nvidia-dcgm-exporter,0.0,,,
2024-05-21 17:22:43.667999983,NVIDIA,6.16,G506.0210.00.03,2.0,1652523004560,92.00.45.00.05,535.104.05,12.535.104.05,fmaas-devstage-backen-9cjgj-worker-a100-il-rdma-3-jx6tm,GPU-fae4890e-cca3-f53f-3743-ba11e6e50022,DCGM_FI_DEV_DEC_UTIL,nvidia-dcgm-exporter,nvidia3,gpu-metrics,3,192.241.129.18:9400,nvidia-dcgm-exporter,NVIDIA A100-SXM4-80GB,nvidia-gpu-operator,nvidia-dcgm-exporter-xq25l,openshift-monitoring/k8s,nvidia-dcgm-exporter,0.0,,,
2024-05-21 17:23:13.667999983,NVIDIA,6.16,G506.0210.00.03,2.0,1652523004560,92.00.45.00.05,535.104.05,12.535.104.05,fmaas-devstage-backen-9cjgj-worker-a100-il-rdma-3-jx6tm,GPU-fae4890e-cca3-f53f-3743-ba11e6e50022,DCGM_FI_DEV_DEC_UTIL,nvidia-dcgm-exporter,nvidia3,gpu-metrics,3,192.241.129.18:9400,nvidia-dcgm-exporter,NVIDIA A100-SXM4-80GB,nvidia-gpu-operator,nvidia-dcgm-exporter-xq25l,openshift-monitoring/k8s,nvidia-dcgm-exporter,0.0,,,
2024-05-21 17:23:43.667999983,NVIDIA,6.16,G506.0210.00.03,2.0,1652523004560,92.00.45.00.05,535.104.05,12.535.104.05,fmaas-devstage-backen-9cjgj-worker-a100-il-rdma-3-jx6tm,GPU-fae4890e-cca3-f53f-3743-ba11e6e50022,DCGM_FI_DEV_DEC_UTIL,nvidia-dcgm-exporter,nvidia3,gpu-metrics,3,192.241.129.18:9400,nvidia-dcgm-exporter,NVIDIA A100-SXM4-80GB,nvidia-gpu-operator,nvidia-dcgm-exporter-xq25l,openshift-monitoring/k8s,nvidia-dcgm-exporter,0.0,,,
2024-05-21 17:24:13.667999983,NVIDIA,6.16,G506.0210.00.03,2.0,1652523004560,92.00.45.00.05,535.104.05,12.535.104.05,fmaas-devstage-backen-9cjgj-worker-a100-il-rdma-3-jx6tm,GPU-fae4890e-cca3-f53f-3743-ba11e6e50022,DCGM_FI_DEV_DEC_UTIL,nvidia-dcgm-exporter,nvidia3,gpu-metrics,3,192.241.129.18:9400,nvidia-dcgm-exporter,NVIDIA A100-SXM4-80GB,nvidia-gpu-operator,nvidia-dcgm-exporter-xq25l,openshift-monitoring/k8s,nvidia-dcgm-exporter,0.0,,,
2024-05-21 17:24:43.667999983,NVIDIA,6.16,G506.0210.00.03,2.0,1652523004560,92.00.45.00.05,535.104.05,12.535.104.05,fmaas-devstage-backen-9cjgj-worker-a100-il-rdma-3-jx6tm,GPU-fae4890e-cca3-f53f-3743-ba11e6e50022,DCGM_FI_DEV_DEC_UTIL,nvidia-dcgm-exporter,nvidia3,gpu-metrics,3,192.241.129.18:9400,nvidia-dcgm-exporter,NVIDIA A100-SXM4-80GB,nvidia-gpu-operator,nvidia-dcgm-exporter-xq25l,openshift-monitoring/k8s,nvidia-dcgm-exporter,0.0,,,
2024-05-21 17:25:13.667999983,NVIDIA,6.16,G506.0210.00.03,2.0,1652523004560,92.00.45.00.05,535.104.05,12.535.104.05,fmaas-devstage-backen-9cjgj-worker-a100-il-rdma-3-jx6tm,GPU-fae4890e-cca3-f53f-3743-ba11e6e50022,DCGM_FI_DEV_DEC_UTIL,nvidia-dcgm-exporter,nvidia3,gpu-metrics,3,192.241.129.18:9400,nvidia-dcgm-exporter,NVIDIA A100-SXM4-80GB,nvidia-gpu-operator,nvidia-dcgm-exporter-xq25l,openshift-monitoring/k8s,nvidia-dcgm-exporter,0.0,,,
2024-05-21 17:25:43.667999983,NVIDIA,6.16,G506.0210.00.03,2.0,1652523004560,92.00.45.00.05,535.104.05,12.535.104.05,fmaas-devstage-backen-9cjgj-worker-a100-il-rdma-3-jx6tm,GPU-fae4890e-cca3-f53f-3743-ba11e6e50022,DCGM_FI_DEV_DEC_UTIL,nvidia-dcgm-exporter,nvidia3,gpu-metrics,3,192.241.129.18:9400,nvidia-dcgm-exporter,NVIDIA A100-SXM4-80GB,nvidia-gpu-operator,nvidia-dcgm-exporter-xq25l,openshift-monitoring/k8s,nvidia-dcgm-exporter,0.0,,,
2024-05-21 17:16:00.772000074,NVIDIA,6.16,G506.0210.00.03,2.0,1652523004804,92.00.45.00.05,535.104.05,12.535.104.05,fmaas-devstage-backen-9cjgj-worker-a100-il-rdma-3-jx6tm,GPU-6813d4a5-a19a-6a1f-b0ae-7d70939dc17d,DCGM_FI_DEV_DEC_UTIL,nvidia-dcgm-exporter,nvidia5,gpu-metrics,5,192.241.129.18:9400,nvidia-dcgm-exporter,NVIDIA A100-SXM4-80GB,nvidia-gpu-operator,nvidia-dcgm-exporter-xq25l,openshift-monitoring/k8s,nvidia-dcgm-exporter,0.0,,,
2024-05-21 17:16:13.667999983,NVIDIA,6.16,G506.0210.00.03,2.0,1652523004804,92.00.45.00.05,535.104.05,12.535.104.05,fmaas-devstage-backen-9cjgj-worker-a100-il-rdma-3-jx6tm,GPU-6813d4a5-a19a-6a1f-b0ae-7d70939dc17d,DCGM_FI_DEV_DEC_UTIL,nvidia-dcgm-exporter,nvidia5,gpu-metrics,5,192.241.129.18:9400,nvidia-dcgm-exporter,NVIDIA A100-SXM4-80GB,nvidia-gpu-operator,nvidia-dcgm-exporter-xq25l,openshift-monitoring/k8s,nvidia-dcgm-exporter,0.0,,,
2024-05-21 17:16:43.667999983,NVIDIA,6.16,G506.0210.00.03,2.0,1652523004804,92.00.45.00.05,535.104.05,12.535.104.05,fmaas-devstage-backen-9cjgj-worker-a100-il-rdma-3-jx6tm,GPU-6813d4a5-a19a-6a1f-b0ae-7d70939dc17d,DCGM_FI_DEV_DEC_UTIL,nvidia-dcgm-exporter,nvidia5,gpu-metrics,5,192.241.129.18:9400,nvidia-dcgm-exporter,NVIDIA A100-SXM4-80GB,nvidia-gpu-operator,nvidia-dcgm-exporter-xq25l,openshift-monitoring/k8s,nvidia-dcgm-exporter,0.0,,,
2024-05-21 17:17:13.667999983,NVIDIA,6.16,G506.0210.00.03,2.0,1652523004804,92.00.45.00.05,535.104.05,12.535.104.05,fmaas-devstage-backen-9cjgj-worker-a100-il-rdma-3-jx6tm,GPU-6813d4a5-a19a-6a1f-b0ae-7d70939dc17d,DCGM_FI_DEV_DEC_UTIL,nvidia-dcgm-exporter,nvidia5,gpu-metrics,5,192.241.129.18:9400,nvidia-dcgm-exporter,NVIDIA A100-SXM4-80GB,nvidia-gpu-operator,nvidia-dcgm-exporter-xq25l,openshift-monitoring/k8s,nvidia-dcgm-exporter,0.0,,,
2024-05-21 17:17:43.667999983,NVIDIA,6.16,G506.0210.00.03,2.0,1652523004804,92.00.45.00.05,535.104.05,12.535.104.05,fmaas-devstage-backen-9cjgj-worker-a100-il-rdma-3-jx6tm,GPU-6813d4a5-a19a-6a1f-b0ae-7d70939dc17d,DCGM_FI_DEV_DEC_UTIL,nvidia-dcgm-exporter,nvidia5,gpu-metrics,5,192.241.129.18:9400,nvidia-dcgm-exporter,NVIDIA A100-SXM4-80GB,nvidia-gpu-operator,nvidia-dcgm-exporter-xq25l,openshift-monitoring/k8s,nvidia-dcgm-exporter,0.0,,,
2024-05-21 17:18:13.667999983,NVIDIA,6.16,G506.0210.00.03,2.0,1652523004804,92.00.45.00.05,535.104.05,12.535.104.05,fmaas-devstage-backen-9cjgj-worker-a100-il-rdma-3-jx6tm,GPU-6813d4a5-a19a-6a1f-b0ae-7d70939dc17d,DCGM_FI_DEV_DEC_UTIL,nvidia-dcgm-exporter,nvidia5,gpu-metrics,5,192.241.129.18:9400,nvidia-dcgm-exporter,NVIDIA A100-SXM4-80GB,nvidia-gpu-operator,nvidia-dcgm-exporter-xq25l,openshift-monitoring/k8s,nvidia-dcgm-exporter,0.0,,,
2024-05-21 17:18:43.667999983,NVIDIA,6.16,G506.0210.00.03,2.0,1652523004804,92.00.45.00.05,535.104.05,12.535.104.05,fmaas-devstage-backen-9cjgj-worker-a100-il-rdma-3-jx6tm,GPU-6813d4a5-a19a-6a1f-b0ae-7d70939dc17d,DCGM_FI_DEV_DEC_UTIL,nvidia-dcgm-exporter,nvidia5,gpu-metrics,5,192.241.129.18:9400,nvidia-dcgm-exporter,NVIDIA A100-SXM4-80GB,nvidia-gpu-operator,nvidia-dcgm-exporter-xq25l,openshift-monitoring/k8s,nvidia-dcgm-exporter,0.0,,,
2024-05-21 17:19:13.667999983,NVIDIA,6.16,G506.0210.00.03,2.0,1652523004804,92.00.45.00.05,535.104.05,12.535.104.05,fmaas-devstage-backen-9cjgj-worker-a100-il-rdma-3-jx6tm,GPU-6813d4a5-a19a-6a1f-b0ae-7d70939dc17d,DCGM_FI_DEV_DEC_UTIL,nvidia-dcgm-exporter,nvidia5,gpu-metrics,5,192.241.129.18:9400,nvidia-dcgm-exporter,NVIDIA A100-SXM4-80GB,nvidia-gpu-operator,nvidia-dcgm-exporter-xq25l,openshift-monitoring/k8s,nvidia-dcgm-exporter,0.0,,,
2024-05-21 17:19:43.667999983,NVIDIA,6.16,G506.0210.00.03,2.0,1652523004804,92.00.45.00.05,535.104.05,12.535.104.05,fmaas-devstage-backen-9cjgj-worker-a100-il-rdma-3-jx6tm,GPU-6813d4a5-a19a-6a1f-b0ae-7d70939dc17d,DCGM_FI_DEV_DEC_UTIL,nvidia-dcgm-exporter,nvidia5,gpu-metrics,5,192.241.129.18:9400,nvidia-dcgm-exporter,NVIDIA A100-SXM4-80GB,nvidia-gpu-operator,nvidia-dcgm-exporter-xq25l,openshift-monitoring/k8s,nvidia-dcgm-exporter,0.0,,,
2024-05-21 17:20:13.667999983,NVIDIA,6.16,G506.0210.00.03,2.0,1652523004804,92.00.45.00.05,535.104.05,12.535.104.05,fmaas-devstage-backen-9cjgj-worker-a100-il-rdma-3-jx6tm,GPU-6813d4a5-a19a-6a1f-b0ae-7d70939dc17d,DCGM_FI_DEV_DEC_UTIL,nvidia-dcgm-exporter,nvidia5,gpu-metrics,5,192.241.129.18:9400,nvidia-dcgm-exporter,NVIDIA A100-SXM4-80GB,nvidia-gpu-operator,nvidia-dcgm-exporter-xq25l,openshift-monitoring/k8s,nvidia-dcgm-exporter,0.0,,,
2024-05-21 17:20:43.667999983,NVIDIA,6.16,G506.0210.00.03,2.0,1652523004804,92.00.45.00.05,535.104.05,12.535.104.05,fmaas-devstage-backen-9cjgj-worker-a100-il-rdma-3-jx6tm,GPU-6813d4a5-a19a-6a1f-b0ae-7d70939dc17d,DCGM_FI_DEV_DEC_UTIL,nvidia-dcgm-exporter,nvidia5,gpu-metrics,5,192.241.129.18:9400,nvidia-dcgm-exporter,NVIDIA A100-SXM4-80GB,nvidia-gpu-operator,nvidia-dcgm-exporter-xq25l,openshift-monitoring/k8s,nvidia-dcgm-exporter,0.0,,,
2024-05-21 17:21:13.667999983,NVIDIA,6.16,G506.0210.00.03,2.0,1652523004804,92.00.45.00.05,535.104.05,12.535.104.05,fmaas-devstage-backen-9cjgj-worker-a100-il-rdma-3-jx6tm,GPU-6813d4a5-a19a-6a1f-b0ae-7d70939dc17d,DCGM_FI_DEV_DEC_UTIL,nvidia-dcgm-exporter,nvidia5,gpu-metrics,5,192.241.129.18:9400,nvidia-dcgm-exporter,NVIDIA A100-SXM4-80GB,nvidia-gpu-operator,nvidia-dcgm-exporter-xq25l,openshift-monitoring/k8s,nvidia-dcgm-exporter,0.0,,,
2024-05-21 17:21:43.667999983,NVIDIA,6.16,G506.0210.00.03,2.0,1652523004804,92.00.45.00.05,535.104.05,12.535.104.05,fmaas-devstage-backen-9cjgj-worker-a100-il-rdma-3-jx6tm,GPU-6813d4a5-a19a-6a1f-b0ae-7d70939dc17d,DCGM_FI_DEV_DEC_UTIL,nvidia-dcgm-exporter,nvidia5,gpu-metrics,5,192.241.129.18:9400,nvidia-dcgm-exporter,NVIDIA A100-SXM4-80GB,nvidia-gpu-operator,nvidia-dcgm-exporter-xq25l,openshift-monitoring/k8s,nvidia-dcgm-exporter,0.0,,,
2024-05-21 17:22:13.667999983,NVIDIA,6.16,G506.0210.00.03,2.0,1652523004804,92.00.45.00.05,535.104.05,12.535.104.05,fmaas-devstage-backen-9cjgj-worker-a100-il-rdma-3-jx6tm,GPU-6813d4a5-a19a-6a1f-b0ae-7d70939dc17d,DCGM_FI_DEV_DEC_UTIL,nvidia-dcgm-exporter,nvidia5,gpu-metrics,5,192.241.129.18:9400,nvidia-dcgm-exporter,NVIDIA A100-SXM4-80GB,nvidia-gpu-operator,nvidia-dcgm-exporter-xq25l,openshift-monitoring/k8s,nvidia-dcgm-exporter,0.0,,,
2024-05-21 17:22:43.667999983,NVIDIA,6.16,G506.0210.00.03,2.0,1652523004804,92.00.45.00.05,535.104.05,12.535.104.05,fmaas-devstage-backen-9cjgj-worker-a100-il-rdma-3-jx6tm,GPU-6813d4a5-a19a-6a1f-b0ae-7d70939dc17d,DCGM_FI_DEV_DEC_UTIL,nvidia-dcgm-exporter,nvidia5,gpu-metrics,5,192.241.129.18:9400,nvidia-dcgm-exporter,NVIDIA A100-SXM4-80GB,nvidia-gpu-operator,nvidia-dcgm-exporter-xq25l,openshift-monitoring/k8s,nvidia-dcgm-exporter,0.0,,,
2024-05-21 17:23:13.667999983,NVIDIA,6.16,G506.0210.00.03,2.0,1652523004804,92.00.45.00.05,535.104.05,12.535.104.05,fmaas-devstage-backen-9cjgj-worker-a100-il-rdma-3-jx6tm,GPU-6813d4a5-a19a-6a1f-b0ae-7d70939dc17d,DCGM_FI_DEV_DEC_UTIL,nvidia-dcgm-exporter,nvidia5,gpu-metrics,5,192.241.129.18:9400,nvidia-dcgm-exporter,NVIDIA A100-SXM4-80GB,nvidia-gpu-operator,nvidia-dcgm-exporter-xq25l,openshift-monitoring/k8s,nvidia-dcgm-exporter,0.0,,,
2024-05-21 17:23:43.667999983,NVIDIA,6.16,G506.0210.00.03,2.0,1652523004804,92.00.45.00.05,535.104.05,12.535.104.05,fmaas-devstage-backen-9cjgj-worker-a100-il-rdma-3-jx6tm,GPU-6813d4a5-a19a-6a1f-b0ae-7d70939dc17d,DCGM_FI_DEV_DEC_UTIL,nvidia-dcgm-exporter,nvidia5,gpu-metrics,5,192.241.129.18:9400,nvidia-dcgm-exporter,NVIDIA A100-SXM4-80GB,nvidia-gpu-operator,nvidia-dcgm-exporter-xq25l,openshift-monitoring/k8s,nvidia-dcgm-exporter,0.0,,,
2024-05-21 17:24:13.667999983,NVIDIA,6.16,G506.0210.00.03,2.0,1652523004804,92.00.45.00.05,535.104.05,12.535.104.05,fmaas-devstage-backen-9cjgj-worker-a100-il-rdma-3-jx6tm,GPU-6813d4a5-a19a-6a1f-b0ae-7d70939dc17d,DCGM_FI_DEV_DEC_UTIL,nvidia-dcgm-exporter,nvidia5,gpu-metrics,5,192.241.129.18:9400,nvidia-dcgm-exporter,NVIDIA A100-SXM4-80GB,nvidia-gpu-operator,nvidia-dcgm-exporter-xq25l,openshift-monitoring/k8s,nvidia-dcgm-exporter,0.0,,,
2024-05-21 17:24:43.667999983,NVIDIA,6.16,G506.0210.00.03,2.0,1652523004804,92.00.45.00.05,535.104.05,12.535.104.05,fmaas-devstage-backen-9cjgj-worker-a100-il-rdma-3-jx6tm,GPU-6813d4a5-a19a-6a1f-b0ae-7d70939dc17d,DCGM_FI_DEV_DEC_UTIL,nvidia-dcgm-exporter,nvidia5,gpu-metrics,5,192.241.129.18:9400,nvidia-dcgm-exporter,NVIDIA A100-SXM4-80GB,nvidia-gpu-operator,nvidia-dcgm-exporter-xq25l,openshift-monitoring/k8s,nvidia-dcgm-exporter,0.0,,,
2024-05-21 17:25:13.667999983,NVIDIA,6.16,G506.0210.00.03,2.0,1652523004804,92.00.45.00.05,535.104.05,12.535.104.05,fmaas-devstage-backen-9cjgj-worker-a100-il-rdma-3-jx6tm,GPU-6813d4a5-a19a-6a1f-b0ae-7d70939dc17d,DCGM_FI_DEV_DEC_UTIL,nvidia-dcgm-exporter,nvidia5,gpu-metrics,5,192.241.129.18:9400,nvidia-dcgm-exporter,NVIDIA A100-SXM4-80GB,nvidia-gpu-operator,nvidia-dcgm-exporter-xq25l,openshift-monitoring/k8s,nvidia-dcgm-exporter,0.0,,,
2024-05-21 17:25:43.667999983,NVIDIA,6.16,G506.0210.00.03,2.0,1652523004804,92.00.45.00.05,535.104.05,12.535.104.05,fmaas-devstage-backen-9cjgj-worker-a100-il-rdma-3-jx6tm,GPU-6813d4a5-a19a-6a1f-b0ae-7d70939dc17d,DCGM_FI_DEV_DEC_UTIL,nvidia-dcgm-exporter,nvidia5,gpu-metrics,5,192.241.129.18:9400,nvidia-dcgm-exporter,NVIDIA A100-SXM4-80GB,nvidia-gpu-operator,nvidia-dcgm-exporter-xq25l,openshift-monitoring/k8s,nvidia-dcgm-exporter,0.0,,,
2024-05-21 17:16:00.772000074,NVIDIA,6.16,G506.0210.00.03,2.0,1652523021837,92.00.45.00.05,535.104.05,12.535.104.05,fmaas-devstage-backen-9cjgj-worker-a100-il-rdma-3-jx6tm,GPU-b30541a1-5408-9bb3-d9fa-12665d1e7472,DCGM_FI_DEV_DEC_UTIL,nvidia-dcgm-exporter,nvidia4,gpu-metrics,4,192.241.129.18:9400,nvidia-dcgm-exporter,NVIDIA A100-SXM4-80GB,nvidia-gpu-operator,nvidia-dcgm-exporter-xq25l,openshift-monitoring/k8s,nvidia-dcgm-exporter,0.0,,,
2024-05-21 17:16:13.667999983,NVIDIA,6.16,G506.0210.00.03,2.0,1652523021837,92.00.45.00.05,535.104.05,12.535.104.05,fmaas-devstage-backen-9cjgj-worker-a100-il-rdma-3-jx6tm,GPU-b30541a1-5408-9bb3-d9fa-12665d1e7472,DCGM_FI_DEV_DEC_UTIL,nvidia-dcgm-exporter,nvidia4,gpu-metrics,4,192.241.129.18:9400,nvidia-dcgm-exporter,NVIDIA A100-SXM4-80GB,nvidia-gpu-operator,nvidia-dcgm-exporter-xq25l,openshift-monitoring/k8s,nvidia-dcgm-exporter,0.0,,,
2024-05-21 17:16:43.667999983,NVIDIA,6.16,G506.0210.00.03,2.0,1652523021837,92.00.45.00.05,535.104.05,12.535.104.05,fmaas-devstage-backen-9cjgj-worker-a100-il-rdma-3-jx6tm,GPU-b30541a1-5408-9bb3-d9fa-12665d1e7472,DCGM_FI_DEV_DEC_UTIL,nvidia-dcgm-exporter,nvidia4,gpu-metrics,4,192.241.129.18:9400,nvidia-dcgm-exporter,NVIDIA A100-SXM4-80GB,nvidia-gpu-operator,nvidia-dcgm-exporter-xq25l,openshift-monitoring/k8s,nvidia-dcgm-exporter,0.0,,,
2024-05-21 17:17:13.667999983,NVIDIA,6.16,G506.0210.00.03,2.0,1652523021837,92.00.45.00.05,535.104.05,12.535.104.05,fmaas-devstage-backen-9cjgj-worker-a100-il-rdma-3-jx6tm,GPU-b30541a1-5408-9bb3-d9fa-12665d1e7472,DCGM_FI_DEV_DEC_UTIL,nvidia-dcgm-exporter,nvidia4,gpu-metrics,4,192.241.129.18:9400,nvidia-dcgm-exporter,NVIDIA A100-SXM4-80GB,nvidia-gpu-operator,nvidia-dcgm-exporter-xq25l,openshift-monitoring/k8s,nvidia-dcgm-exporter,0.0,,,
2024-05-21 17:17:43.667999983,NVIDIA,6.16,G506.0210.00.03,2.0,1652523021837,92.00.45.00.05,535.104.05,12.535.104.05,fmaas-devstage-backen-9cjgj-worker-a100-il-rdma-3-jx6tm,GPU-b30541a1-5408-9bb3-d9fa-12665d1e7472,DCGM_FI_DEV_DEC_UTIL,nvidia-dcgm-exporter,nvidia4,gpu-metrics,4,192.241.129.18:9400,nvidia-dcgm-exporter,NVIDIA A100-SXM4-80GB,nvidia-gpu-operator,nvidia-dcgm-exporter-xq25l,openshift-monitoring/k8s,nvidia-dcgm-exporter,0.0,,,
2024-05-21 17:18:13.667999983,NVIDIA,6.16,G506.0210.00.03,2.0,1652523021837,92.00.45.00.05,535.104.05,12.535.104.05,fmaas-devstage-backen-9cjgj-worker-a100-il-rdma-3-jx6tm,GPU-b30541a1-5408-9bb3-d9fa-12665d1e7472,DCGM_FI_DEV_DEC_UTIL,nvidia-dcgm-exporter,nvidia4,gpu-metrics,4,192.241.129.18:9400,nvidia-dcgm-exporter,NVIDIA A100-SXM4-80GB,nvidia-gpu-operator,nvidia-dcgm-exporter-xq25l,openshift-monitoring/k8s,nvidia-dcgm-exporter,0.0,,,
2024-05-21 17:18:43.667999983,NVIDIA,6.16,G506.0210.00.03,2.0,1652523021837,92.00.45.00.05,535.104.05,12.535.104.05,fmaas-devstage-backen-9cjgj-worker-a100-il-rdma-3-jx6tm,GPU-b30541a1-5408-9bb3-d9fa-12665d1e7472,DCGM_FI_DEV_DEC_UTIL,nvidia-dcgm-exporter,nvidia4,gpu-metrics,4,192.241.129.18:9400,nvidia-dcgm-exporter,NVIDIA A100-SXM4-80GB,nvidia-gpu-operator,nvidia-dcgm-exporter-xq25l,openshift-monitoring/k8s,nvidia-dcgm-exporter,0.0,,,
2024-05-21 17:19:13.667999983,NVIDIA,6.16,G506.0210.00.03,2.0,1652523021837,92.00.45.00.05,535.104.05,12.535.104.05,fmaas-devstage-backen-9cjgj-worker-a100-il-rdma-3-jx6tm,GPU-b30541a1-5408-9bb3-d9fa-12665d1e7472,DCGM_FI_DEV_DEC_UTIL,nvidia-dcgm-exporter,nvidia4,gpu-metrics,4,192.241.129.18:9400,nvidia-dcgm-exporter,NVIDIA A100-SXM4-80GB,nvidia-gpu-operator,nvidia-dcgm-exporter-xq25l,openshift-monitoring/k8s,nvidia-dcgm-exporter,0.0,,,
2024-05-21 17:19:43.667999983,NVIDIA,6.16,G506.0210.00.03,2.0,1652523021837,92.00.45.00.05,535.104.05,12.535.104.05,fmaas-devstage-backen-9cjgj-worker-a100-il-rdma-3-jx6tm,GPU-b30541a1-5408-9bb3-d9fa-12665d1e7472,DCGM_FI_DEV_DEC_UTIL,nvidia-dcgm-exporter,nvidia4,gpu-metrics,4,192.241.129.18:9400,nvidia-dcgm-exporter,NVIDIA A100-SXM4-80GB,nvidia-gpu-operator,nvidia-dcgm-exporter-xq25l,openshift-monitoring/k8s,nvidia-dcgm-exporter,0.0,,,
2024-05-21 17:20:13.667999983,NVIDIA,6.16,G506.0210.00.03,2.0,1652523021837,92.00.45.00.05,535.104.05,12.535.104.05,fmaas-devstage-backen-9cjgj-worker-a100-il-rdma-3-jx6tm,GPU-b30541a1-5408-9bb3-d9fa-12665d1e7472,DCGM_FI_DEV_DEC_UTIL,nvidia-dcgm-exporter,nvidia4,gpu-metrics,4,192.241.129.18:9400,nvidia-dcgm-exporter,NVIDIA A100-SXM4-80GB,nvidia-gpu-operator,nvidia-dcgm-exporter-xq25l,openshift-monitoring/k8s,nvidia-dcgm-exporter,0.0,,,
2024-05-21 17:20:43.667999983,NVIDIA,6.16,G506.0210.00.03,2.0,1652523021837,92.00.45.00.05,535.104.05,12.535.104.05,fmaas-devstage-backen-9cjgj-worker-a100-il-rdma-3-jx6tm,GPU-b30541a1-5408-9bb3-d9fa-12665d1e7472,DCGM_FI_DEV_DEC_UTIL,nvidia-dcgm-exporter,nvidia4,gpu-metrics,4,192.241.129.18:9400,nvidia-dcgm-exporter,NVIDIA A100-SXM4-80GB,nvidia-gpu-operator,nvidia-dcgm-exporter-xq25l,openshift-monitoring/k8s,nvidia-dcgm-exporter,0.0,,,
2024-05-21 17:21:13.667999983,NVIDIA,6.16,G506.0210.00.03,2.0,1652523021837,92.00.45.00.05,535.104.05,12.535.104.05,fmaas-devstage-backen-9cjgj-worker-a100-il-rdma-3-jx6tm,GPU-b30541a1-5408-9bb3-d9fa-12665d1e7472,DCGM_FI_DEV_DEC_UTIL,nvidia-dcgm-exporter,nvidia4,gpu-metrics,4,192.241.129.18:9400,nvidia-dcgm-exporter,NVIDIA A100-SXM4-80GB,nvidia-gpu-operator,nvidia-dcgm-exporter-xq25l,openshift-monitoring/k8s,nvidia-dcgm-exporter,0.0,,,
2024-05-21 17:21:43.667999983,NVIDIA,6.16,G506.0210.00.03,2.0,1652523021837,92.00.45.00.05,535.104.05,12.535.104.05,fmaas-devstage-backen-9cjgj-worker-a100-il-rdma-3-jx6tm,GPU-b30541a1-5408-9bb3-d9fa-12665d1e7472,DCGM_FI_DEV_DEC_UTIL,nvidia-dcgm-exporter,nvidia4,gpu-metrics,4,192.241.129.18:9400,nvidia-dcgm-exporter,NVIDIA A100-SXM4-80GB,nvidia-gpu-operator,nvidia-dcgm-exporter-xq25l,openshift-monitoring/k8s,nvidia-dcgm-exporter,0.0,,,
2024-05-21 17:22:13.667999983,NVIDIA,6.16,G506.0210.00.03,2.0,1652523021837,92.00.45.00.05,535.104.05,12.535.104.05,fmaas-devstage-backen-9cjgj-worker-a100-il-rdma-3-jx6tm,GPU-b30541a1-5408-9bb3-d9fa-12665d1e7472,DCGM_FI_DEV_DEC_UTIL,nvidia-dcgm-exporter,nvidia4,gpu-metrics,4,192.241.129.18:9400,nvidia-dcgm-exporter,NVIDIA A100-SXM4-80GB,nvidia-gpu-operator,nvidia-dcgm-exporter-xq25l,openshift-monitoring/k8s,nvidia-dcgm-exporter,0.0,,,
2024-05-21 17:22:43.667999983,NVIDIA,6.16,G506.0210.00.03,2.0,1652523021837,92.00.45.00.05,535.104.05,12.535.104.05,fmaas-devstage-backen-9cjgj-worker-a100-il-rdma-3-jx6tm,GPU-b30541a1-5408-9bb3-d9fa-12665d1e7472,DCGM_FI_DEV_DEC_UTIL,nvidia-dcgm-exporter,nvidia4,gpu-metrics,4,192.241.129.18:9400,nvidia-dcgm-exporter,NVIDIA A100-SXM4-80GB,nvidia-gpu-operator,nvidia-dcgm-exporter-xq25l,openshift-monitoring/k8s,nvidia-dcgm-exporter,0.0,,,
2024-05-21 17:23:13.667999983,NVIDIA,6.16,G506.0210.00.03,2.0,1652523021837,92.00.45.00.05,535.104.05,12.535.104.05,fmaas-devstage-backen-9cjgj-worker-a100-il-rdma-3-jx6tm,GPU-b30541a1-5408-9bb3-d9fa-12665d1e7472,DCGM_FI_DEV_DEC_UTIL,nvidia-dcgm-exporter,nvidia4,gpu-metrics,4,192.241.129.18:9400,nvidia-dcgm-exporter,NVIDIA A100-SXM4-80GB,nvidia-gpu-operator,nvidia-dcgm-exporter-xq25l,openshift-monitoring/k8s,nvidia-dcgm-exporter,0.0,,,
2024-05-21 17:23:43.667999983,NVIDIA,6.16,G506.0210.00.03,2.0,1652523021837,92.00.45.00.05,535.104.05,12.535.104.05,fmaas-devstage-backen-9cjgj-worker-a100-il-rdma-3-jx6tm,GPU-b30541a1-5408-9bb3-d9fa-12665d1e7472,DCGM_FI_DEV_DEC_UTIL,nvidia-dcgm-exporter,nvidia4,gpu-metrics,4,192.241.129.18:9400,nvidia-dcgm-exporter,NVIDIA A100-SXM4-80GB,nvidia-gpu-operator,nvidia-dcgm-exporter-xq25l,openshift-monitoring/k8s,nvidia-dcgm-exporter,0.0,,,
2024-05-21 17:24:13.667999983,NVIDIA,6.16,G506.0210.00.03,2.0,1652523021837,92.00.45.00.05,535.104.05,12.535.104.05,fmaas-devstage-backen-9cjgj-worker-a100-il-rdma-3-jx6tm,GPU-b30541a1-5408-9bb3-d9fa-12665d1e7472,DCGM_FI_DEV_DEC_UTIL,nvidia-dcgm-exporter,nvidia4,gpu-metrics,4,192.241.129.18:9400,nvidia-dcgm-exporter,NVIDIA A100-SXM4-80GB,nvidia-gpu-operator,nvidia-dcgm-exporter-xq25l,openshift-monitoring/k8s,nvidia-dcgm-exporter,0.0,,,
2024-05-21 17:24:43.667999983,NVIDIA,6.16,G506.0210.00.03,2.0,1652523021837,92.00.45.00.05,535.104.05,12.535.104.05,fmaas-devstage-backen-9cjgj-worker-a100-il-rdma-3-jx6tm,GPU-b30541a1-5408-9bb3-d9fa-12665d1e7472,DCGM_FI_DEV_DEC_UTIL,nvidia-dcgm-exporter,nvidia4,gpu-metrics,4,192.241.129.18:9400,nvidia-dcgm-exporter,NVIDIA A100-SXM4-80GB,nvidia-gpu-operator,nvidia-dcgm-exporter-xq25l,openshift-monitoring/k8s,nvidia-dcgm-exporter,0.0,,,
2024-05-21 17:25:13.667999983,NVIDIA,6.16,G506.0210.00.03,2.0,1652523021837,92.00.45.00.05,535.104.05,12.535.104.05,fmaas-devstage-backen-9cjgj-worker-a100-il-rdma-3-jx6tm,GPU-b30541a1-5408-9bb3-d9fa-12665d1e7472,DCGM_FI_DEV_DEC_UTIL,nvidia-dcgm-exporter,nvidia4,gpu-metrics,4,192.241.129.18:9400,nvidia-dcgm-exporter,NVIDIA A100-SXM4-80GB,nvidia-gpu-operator,nvidia-dcgm-exporter-xq25l,openshift-monitoring/k8s,nvidia-dcgm-exporter,0.0,,,
2024-05-21 17:25:43.667999983,NVIDIA,6.16,G506.0210.00.03,2.0,1652523021837,92.00.45.00.05,535.104.05,12.535.104.05,fmaas-devstage-backen-9cjgj-worker-a100-il-rdma-3-jx6tm,GPU-b30541a1-5408-9bb3-d9fa-12665d1e7472,DCGM_FI_DEV_DEC_UTIL,nvidia-dcgm-exporter,nvidia4,gpu-metrics,4,192.241.129.18:9400,nvidia-dcgm-exporter,NVIDIA A100-SXM4-80GB,nvidia-gpu-operator,nvidia-dcgm-exporter-xq25l,openshift-monitoring/k8s,nvidia-dcgm-exporter,0.0,,,
2024-05-21 17:16:00.772000074,NVIDIA,6.16,G506.0210.00.03,2.0,1652523023451,92.00.45.00.05,535.104.05,12.535.104.05,fmaas-devstage-backen-9cjgj-worker-a100-il-rdma-3-jx6tm,GPU-5a7be2c2-efcc-3083-73b1-eee12a966584,DCGM_FI_DEV_DEC_UTIL,nvidia-dcgm-exporter,nvidia0,gpu-metrics,0,192.241.129.18:9400,nvidia-dcgm-exporter,NVIDIA A100-SXM4-80GB,nvidia-gpu-operator,nvidia-dcgm-exporter-xq25l,openshift-monitoring/k8s,nvidia-dcgm-exporter,0.0,,,
2024-05-21 17:16:13.667999983,NVIDIA,6.16,G506.0210.00.03,2.0,1652523023451,92.00.45.00.05,535.104.05,12.535.104.05,fmaas-devstage-backen-9cjgj-worker-a100-il-rdma-3-jx6tm,GPU-5a7be2c2-efcc-3083-73b1-eee12a966584,DCGM_FI_DEV_DEC_UTIL,nvidia-dcgm-exporter,nvidia0,gpu-metrics,0,192.241.129.18:9400,nvidia-dcgm-exporter,NVIDIA A100-SXM4-80GB,nvidia-gpu-operator,nvidia-dcgm-exporter-xq25l,openshift-monitoring/k8s,nvidia-dcgm-exporter,0.0,,,
2024-05-21 17:16:43.667999983,NVIDIA,6.16,G506.0210.00.03,2.0,1652523023451,92.00.45.00.05,535.104.05,12.535.104.05,fmaas-devstage-backen-9cjgj-worker-a100-il-rdma-3-jx6tm,GPU-5a7be2c2-efcc-3083-73b1-eee12a966584,DCGM_FI_DEV_DEC_UTIL,nvidia-dcgm-exporter,nvidia0,gpu-metrics,0,192.241.129.18:9400,nvidia-dcgm-exporter,NVIDIA A100-SXM4-80GB,nvidia-gpu-operator,nvidia-dcgm-exporter-xq25l,openshift-monitoring/k8s,nvidia-dcgm-exporter,0.0,,,
2024-05-21 17:17:13.667999983,NVIDIA,6.16,G506.0210.00.03,2.0,1652523023451,92.00.45.00.05,535.104.05,12.535.104.05,fmaas-devstage-backen-9cjgj-worker-a100-il-rdma-3-jx6tm,GPU-5a7be2c2-efcc-3083-73b1-eee12a966584,DCGM_FI_DEV_DEC_UTIL,nvidia-dcgm-exporter,nvidia0,gpu-metrics,0,192.241.129.18:9400,nvidia-dcgm-exporter,NVIDIA A100-SXM4-80GB,nvidia-gpu-operator,nvidia-dcgm-exporter-xq25l,openshift-monitoring/k8s,nvidia-dcgm-exporter,0.0,,,
2024-05-21 17:17:43.667999983,NVIDIA,6.16,G506.0210.00.03,2.0,1652523023451,92.00.45.00.05,535.104.05,12.535.104.05,fmaas-devstage-backen-9cjgj-worker-a100-il-rdma-3-jx6tm,GPU-5a7be2c2-efcc-3083-73b1-eee12a966584,DCGM_FI_DEV_DEC_UTIL,nvidia-dcgm-exporter,nvidia0,gpu-metrics,0,192.241.129.18:9400,nvidia-dcgm-exporter,NVIDIA A100-SXM4-80GB,nvidia-gpu-operator,nvidia-dcgm-exporter-xq25l,openshift-monitoring/k8s,nvidia-dcgm-exporter,0.0,,,
2024-05-21 17:18:13.667999983,NVIDIA,6.16,G506.0210.00.03,2.0,1652523023451,92.00.45.00.05,535.104.05,12.535.104.05,fmaas-devstage-backen-9cjgj-worker-a100-il-rdma-3-jx6tm,GPU-5a7be2c2-efcc-3083-73b1-eee12a966584,DCGM_FI_DEV_DEC_UTIL,nvidia-dcgm-exporter,nvidia0,gpu-metrics,0,192.241.129.18:9400,nvidia-dcgm-exporter,NVIDIA A100-SXM4-80GB,nvidia-gpu-operator,nvidia-dcgm-exporter-xq25l,openshift-monitoring/k8s,nvidia-dcgm-exporter,0.0,,,
2024-05-21 17:18:43.667999983,NVIDIA,6.16,G506.0210.00.03,2.0,1652523023451,92.00.45.00.05,535.104.05,12.535.104.05,fmaas-devstage-backen-9cjgj-worker-a100-il-rdma-3-jx6tm,GPU-5a7be2c2-efcc-3083-73b1-eee12a966584,DCGM_FI_DEV_DEC_UTIL,nvidia-dcgm-exporter,nvidia0,gpu-metrics,0,192.241.129.18:9400,nvidia-dcgm-exporter,NVIDIA A100-SXM4-80GB,nvidia-gpu-operator,nvidia-dcgm-exporter-xq25l,openshift-monitoring/k8s,nvidia-dcgm-exporter,0.0,,,
2024-05-21 17:19:13.667999983,NVIDIA,6.16,G506.0210.00.03,2.0,1652523023451,92.00.45.00.05,535.104.05,12.535.104.05,fmaas-devstage-backen-9cjgj-worker-a100-il-rdma-3-jx6tm,GPU-5a7be2c2-efcc-3083-73b1-eee12a966584,DCGM_FI_DEV_DEC_UTIL,nvidia-dcgm-exporter,nvidia0,gpu-metrics,0,192.241.129.18:9400,nvidia-dcgm-exporter,NVIDIA A100-SXM4-80GB,nvidia-gpu-operator,nvidia-dcgm-exporter-xq25l,openshift-monitoring/k8s,nvidia-dcgm-exporter,0.0,,,
2024-05-21 17:19:43.667999983,NVIDIA,6.16,G506.0210.00.03,2.0,1652523023451,92.00.45.00.05,535.104.05,12.535.104.05,fmaas-devstage-backen-9cjgj-worker-a100-il-rdma-3-jx6tm,GPU-5a7be2c2-efcc-3083-73b1-eee12a966584,DCGM_FI_DEV_DEC_UTIL,nvidia-dcgm-exporter,nvidia0,gpu-metrics,0,192.241.129.18:9400,nvidia-dcgm-exporter,NVIDIA A100-SXM4-80GB,nvidia-gpu-operator,nvidia-dcgm-exporter-xq25l,openshift-monitoring/k8s,nvidia-dcgm-exporter,0.0,,,
2024-05-21 17:20:13.667999983,NVIDIA,6.16,G506.0210.00.03,2.0,1652523023451,92.00.45.00.05,535.104.05,12.535.104.05,fmaas-devstage-backen-9cjgj-worker-a100-il-rdma-3-jx6tm,GPU-5a7be2c2-efcc-3083-73b1-eee12a966584,DCGM_FI_DEV_DEC_UTIL,nvidia-dcgm-exporter,nvidia0,gpu-metrics,0,192.241.129.18:9400,nvidia-dcgm-exporter,NVIDIA A100-SXM4-80GB,nvidia-gpu-operator,nvidia-dcgm-exporter-xq25l,openshift-monitoring/k8s,nvidia-dcgm-exporter,0.0,,,
2024-05-21 17:20:43.667999983,NVIDIA,6.16,G506.0210.00.03,2.0,1652523023451,92.00.45.00.05,535.104.05,12.535.104.05,fmaas-devstage-backen-9cjgj-worker-a100-il-rdma-3-jx6tm,GPU-5a7be2c2-efcc-3083-73b1-eee12a966584,DCGM_FI_DEV_DEC_UTIL,nvidia-dcgm-exporter,nvidia0,gpu-metrics,0,192.241.129.18:9400,nvidia-dcgm-exporter,NVIDIA A100-SXM4-80GB,nvidia-gpu-operator,nvidia-dcgm-exporter-xq25l,openshift-monitoring/k8s,nvidia-dcgm-exporter,0.0,,,
2024-05-21 17:21:13.667999983,NVIDIA,6.16,G506.0210.00.03,2.0,1652523023451,92.00.45.00.05,535.104.05,12.535.104.05,fmaas-devstage-backen-9cjgj-worker-a100-il-rdma-3-jx6tm,GPU-5a7be2c2-efcc-3083-73b1-eee12a966584,DCGM_FI_DEV_DEC_UTIL,nvidia-dcgm-exporter,nvidia0,gpu-metrics,0,192.241.129.18:9400,nvidia-dcgm-exporter,NVIDIA A100-SXM4-80GB,nvidia-gpu-operator,nvidia-dcgm-exporter-xq25l,openshift-monitoring/k8s,nvidia-dcgm-exporter,0.0,,,
2024-05-21 17:21:43.667999983,NVIDIA,6.16,G506.0210.00.03,2.0,1652523023451,92.00.45.00.05,535.104.05,12.535.104.05,fmaas-devstage-backen-9cjgj-worker-a100-il-rdma-3-jx6tm,GPU-5a7be2c2-efcc-3083-73b1-eee12a966584,DCGM_FI_DEV_DEC_UTIL,nvidia-dcgm-exporter,nvidia0,gpu-metrics,0,192.241.129.18:9400,nvidia-dcgm-exporter,NVIDIA A100-SXM4-80GB,nvidia-gpu-operator,nvidia-dcgm-exporter-xq25l,openshift-monitoring/k8s,nvidia-dcgm-exporter,0.0,,,
2024-05-21 17:22:13.667999983,NVIDIA,6.16,G506.0210.00.03,2.0,1652523023451,92.00.45.00.05,535.104.05,12.535.104.05,fmaas-devstage-backen-9cjgj-worker-a100-il-rdma-3-jx6tm,GPU-5a7be2c2-efcc-3083-73b1-eee12a966584,DCGM_FI_DEV_DEC_UTIL,nvidia-dcgm-exporter,nvidia0,gpu-metrics,0,192.241.129.18:9400,nvidia-dcgm-exporter,NVIDIA A100-SXM4-80GB,nvidia-gpu-operator,nvidia-dcgm-exporter-xq25l,openshift-monitoring/k8s,nvidia-dcgm-exporter,0.0,,,
2024-05-21 17:22:43.667999983,NVIDIA,6.16,G506.0210.00.03,2.0,1652523023451,92.00.45.00.05,535.104.05,12.535.104.05,fmaas-devstage-backen-9cjgj-worker-a100-il-rdma-3-jx6tm,GPU-5a7be2c2-efcc-3083-73b1-eee12a966584,DCGM_FI_DEV_DEC_UTIL,nvidia-dcgm-exporter,nvidia0,gpu-metrics,0,192.241.129.18:9400,nvidia-dcgm-exporter,NVIDIA A100-SXM4-80GB,nvidia-gpu-operator,nvidia-dcgm-exporter-xq25l,openshift-monitoring/k8s,nvidia-dcgm-exporter,0.0,,,
2024-05-21 17:23:13.667999983,NVIDIA,6.16,G506.0210.00.03,2.0,1652523023451,92.00.45.00.05,535.104.05,12.535.104.05,fmaas-devstage-backen-9cjgj-worker-a100-il-rdma-3-jx6tm,GPU-5a7be2c2-efcc-3083-73b1-eee12a966584,DCGM_FI_DEV_DEC_UTIL,nvidia-dcgm-exporter,nvidia0,gpu-metrics,0,192.241.129.18:9400,nvidia-dcgm-exporter,NVIDIA A100-SXM4-80GB,nvidia-gpu-operator,nvidia-dcgm-exporter-xq25l,openshift-monitoring/k8s,nvidia-dcgm-exporter,0.0,,,
2024-05-21 17:23:43.667999983,NVIDIA,6.16,G506.0210.00.03,2.0,1652523023451,92.00.45.00.05,535.104.05,12.535.104.05,fmaas-devstage-backen-9cjgj-worker-a100-il-rdma-3-jx6tm,GPU-5a7be2c2-efcc-3083-73b1-eee12a966584,DCGM_FI_DEV_DEC_UTIL,nvidia-dcgm-exporter,nvidia0,gpu-metrics,0,192.241.129.18:9400,nvidia-dcgm-exporter,NVIDIA A100-SXM4-80GB,nvidia-gpu-operator,nvidia-dcgm-exporter-xq25l,openshift-monitoring/k8s,nvidia-dcgm-exporter,0.0,,,
2024-05-21 17:24:13.667999983,NVIDIA,6.16,G506.0210.00.03,2.0,1652523023451,92.00.45.00.05,535.104.05,12.535.104.05,fmaas-devstage-backen-9cjgj-worker-a100-il-rdma-3-jx6tm,GPU-5a7be2c2-efcc-3083-73b1-eee12a966584,DCGM_FI_DEV_DEC_UTIL,nvidia-dcgm-exporter,nvidia0,gpu-metrics,0,192.241.129.18:9400,nvidia-dcgm-exporter,NVIDIA A100-SXM4-80GB,nvidia-gpu-operator,nvidia-dcgm-exporter-xq25l,openshift-monitoring/k8s,nvidia-dcgm-exporter,0.0,,,
2024-05-21 17:24:43.667999983,NVIDIA,6.16,G506.0210.00.03,2.0,1652523023451,92.00.45.00.05,535.104.05,12.535.104.05,fmaas-devstage-backen-9cjgj-worker-a100-il-rdma-3-jx6tm,GPU-5a7be2c2-efcc-3083-73b1-eee12a966584,DCGM_FI_DEV_DEC_UTIL,nvidia-dcgm-exporter,nvidia0,gpu-metrics,0,192.241.129.18:9400,nvidia-dcgm-exporter,NVIDIA A100-SXM4-80GB,nvidia-gpu-operator,nvidia-dcgm-exporter-xq25l,openshift-monitoring/k8s,nvidia-dcgm-exporter,0.0,,,
2024-05-21 17:25:13.667999983,NVIDIA,6.16,G506.0210.00.03,2.0,1652523023451,92.00.45.00.05,535.104.05,12.535.104.05,fmaas-devstage-backen-9cjgj-worker-a100-il-rdma-3-jx6tm,GPU-5a7be2c2-efcc-3083-73b1-eee12a966584,DCGM_FI_DEV_DEC_UTIL,nvidia-dcgm-exporter,nvidia0,gpu-metrics,0,192.241.129.18:9400,nvidia-dcgm-exporter,NVIDIA A100-SXM4-80GB,nvidia-gpu-operator,nvidia-dcgm-exporter-xq25l,openshift-monitoring/k8s,nvidia-dcgm-exporter,0.0,,,
2024-05-21 17:25:43.667999983,NVIDIA,6.16,G506.0210.00.03,2.0,1652523023451,92.00.45.00.05,535.104.05,12.535.104.05,fmaas-devstage-backen-9cjgj-worker-a100-il-rdma-3-jx6tm,GPU-5a7be2c2-efcc-3083-73b1-eee12a966584,DCGM_FI_DEV_DEC_UTIL,nvidia-dcgm-exporter,nvidia0,gpu-metrics,0,192.241.129.18:9400,nvidia-dcgm-exporter,NVIDIA A100-SXM4-80GB,nvidia-gpu-operator,nvidia-dcgm-exporter-xq25l,openshift-monitoring/k8s,nvidia-dcgm-exporter,0.0,,,
2024-05-21 17:26:00.772000074,NVIDIA,6.16,G506.0210.00.03,2.0,1652523001873,92.00.45.00.05,535.104.05,12.535.104.05,fmaas-devstage-backen-9cjgj-worker-a100-il-rdma-3-jx6tm,GPU-005a31d4-76ae-2dd3-af84-3b7039e24835,DCGM_FI_DEV_DEC_UTIL,nvidia-dcgm-exporter,nvidia6,gpu-metrics,6,192.241.129.18:9400,nvidia-dcgm-exporter,NVIDIA A100-SXM4-80GB,nvidia-gpu-operator,nvidia-dcgm-exporter-xq25l,openshift-monitoring/k8s,nvidia-dcgm-exporter,0.0,,,
2024-05-21 17:26:13.667999983,NVIDIA,6.16,G506.0210.00.03,2.0,1652523001873,92.00.45.00.05,535.104.05,12.535.104.05,fmaas-devstage-backen-9cjgj-worker-a100-il-rdma-3-jx6tm,GPU-005a31d4-76ae-2dd3-af84-3b7039e24835,DCGM_FI_DEV_DEC_UTIL,nvidia-dcgm-exporter,nvidia6,gpu-metrics,6,192.241.129.18:9400,nvidia-dcgm-exporter,NVIDIA A100-SXM4-80GB,nvidia-gpu-operator,nvidia-dcgm-exporter-xq25l,openshift-monitoring/k8s,nvidia-dcgm-exporter,0.0,,,
2024-05-21 17:26:43.667999983,NVIDIA,6.16,G506.0210.00.03,2.0,1652523001873,92.00.45.00.05,535.104.05,12.535.104.05,fmaas-devstage-backen-9cjgj-worker-a100-il-rdma-3-jx6tm,GPU-005a31d4-76ae-2dd3-af84-3b7039e24835,DCGM_FI_DEV_DEC_UTIL,nvidia-dcgm-exporter,nvidia6,gpu-metrics,6,192.241.129.18:9400,nvidia-dcgm-exporter,NVIDIA A100-SXM4-80GB,nvidia-gpu-operator,nvidia-dcgm-exporter-xq25l,openshift-monitoring/k8s,nvidia-dcgm-exporter,0.0,,,
2024-05-21 17:27:13.667999983,NVIDIA,6.16,G506.0210.00.03,2.0,1652523001873,92.00.45.00.05,535.104.05,12.535.104.05,fmaas-devstage-backen-9cjgj-worker-a100-il-rdma-3-jx6tm,GPU-005a31d4-76ae-2dd3-af84-3b7039e24835,DCGM_FI_DEV_DEC_UTIL,nvidia-dcgm-exporter,nvidia6,gpu-metrics,6,192.241.129.18:9400,nvidia-dcgm-exporter,NVIDIA A100-SXM4-80GB,nvidia-gpu-operator,nvidia-dcgm-exporter-xq25l,openshift-monitoring/k8s,nvidia-dcgm-exporter,0.0,,,
2024-05-21 17:27:43.667999983,NVIDIA,6.16,G506.0210.00.03,2.0,1652523001873,92.00.45.00.05,535.104.05,12.535.104.05,fmaas-devstage-backen-9cjgj-worker-a100-il-rdma-3-jx6tm,GPU-005a31d4-76ae-2dd3-af84-3b7039e24835,DCGM_FI_DEV_DEC_UTIL,nvidia-dcgm-exporter,nvidia6,gpu-metrics,6,192.241.129.18:9400,nvidia-dcgm-exporter,NVIDIA A100-SXM4-80GB,nvidia-gpu-operator,nvidia-dcgm-exporter-xq25l,openshift-monitoring/k8s,nvidia-dcgm-exporter,0.0,,,
2024-05-21 17:28:13.667999983,NVIDIA,6.16,G506.0210.00.03,2.0,1652523001873,92.00.45.00.05,535.104.05,12.535.104.05,fmaas-devstage-backen-9cjgj-worker-a100-il-rdma-3-jx6tm,GPU-005a31d4-76ae-2dd3-af84-3b7039e24835,DCGM_FI_DEV_DEC_UTIL,nvidia-dcgm-exporter,nvidia6,gpu-metrics,6,192.241.129.18:9400,nvidia-dcgm-exporter,NVIDIA A100-SXM4-80GB,nvidia-gpu-operator,nvidia-dcgm-exporter-xq25l,openshift-monitoring/k8s,nvidia-dcgm-exporter,0.0,,,
2024-05-21 17:28:43.667999983,NVIDIA,6.16,G506.0210.00.03,2.0,1652523001873,92.00.45.00.05,535.104.05,12.535.104.05,fmaas-devstage-backen-9cjgj-worker-a100-il-rdma-3-jx6tm,GPU-005a31d4-76ae-2dd3-af84-3b7039e24835,DCGM_FI_DEV_DEC_UTIL,nvidia-dcgm-exporter,nvidia6,gpu-metrics,6,192.241.129.18:9400,nvidia-dcgm-exporter,NVIDIA A100-SXM4-80GB,nvidia-gpu-operator,nvidia-dcgm-exporter-xq25l,openshift-monitoring/k8s,nvidia-dcgm-exporter,0.0,,,
2024-05-21 17:29:13.667999983,NVIDIA,6.16,G506.0210.00.03,2.0,1652523001873,92.00.45.00.05,535.104.05,12.535.104.05,fmaas-devstage-backen-9cjgj-worker-a100-il-rdma-3-jx6tm,GPU-005a31d4-76ae-2dd3-af84-3b7039e24835,DCGM_FI_DEV_DEC_UTIL,nvidia-dcgm-exporter,nvidia6,gpu-metrics,6,192.241.129.18:9400,nvidia-dcgm-exporter,NVIDIA A100-SXM4-80GB,nvidia-gpu-operator,nvidia-dcgm-exporter-xq25l,openshift-monitoring/k8s,nvidia-dcgm-exporter,0.0,,,
2024-05-21 17:29:43.667999983,NVIDIA,6.16,G506.0210.00.03,2.0,1652523001873,92.00.45.00.05,535.104.05,12.535.104.05,fmaas-devstage-backen-9cjgj-worker-a100-il-rdma-3-jx6tm,GPU-005a31d4-76ae-2dd3-af84-3b7039e24835,DCGM_FI_DEV_DEC_UTIL,nvidia-dcgm-exporter,nvidia6,gpu-metrics,6,192.241.129.18:9400,nvidia-dcgm-exporter,NVIDIA A100-SXM4-80GB,nvidia-gpu-operator,nvidia-dcgm-exporter-xq25l,openshift-monitoring/k8s,nvidia-dcgm-exporter,0.0,,,
2024-05-21 17:30:13.667999983,NVIDIA,6.16,G506.0210.00.03,2.0,1652523001873,92.00.45.00.05,535.104.05,12.535.104.05,fmaas-devstage-backen-9cjgj-worker-a100-il-rdma-3-jx6tm,GPU-005a31d4-76ae-2dd3-af84-3b7039e24835,DCGM_FI_DEV_DEC_UTIL,nvidia-dcgm-exporter,nvidia6,gpu-metrics,6,192.241.129.18:9400,nvidia-dcgm-exporter,NVIDIA A100-SXM4-80GB,nvidia-gpu-operator,nvidia-dcgm-exporter-xq25l,openshift-monitoring/k8s,nvidia-dcgm-exporter,0.0,,,
2024-05-21 17:30:43.667999983,NVIDIA,6.16,G506.0210.00.03,2.0,1652523001873,92.00.45.00.05,535.104.05,12.535.104.05,fmaas-devstage-backen-9cjgj-worker-a100-il-rdma-3-jx6tm,GPU-005a31d4-76ae-2dd3-af84-3b7039e24835,DCGM_FI_DEV_DEC_UTIL,nvidia-dcgm-exporter,nvidia6,gpu-metrics,6,192.241.129.18:9400,nvidia-dcgm-exporter,NVIDIA A100-SXM4-80GB,nvidia-gpu-operator,nvidia-dcgm-exporter-xq25l,openshift-monitoring/k8s,nvidia-dcgm-exporter,0.0,,,
2024-05-21 17:31:13.667999983,NVIDIA,6.16,G506.0210.00.03,2.0,1652523001873,92.00.45.00.05,535.104.05,12.535.104.05,fmaas-devstage-backen-9cjgj-worker-a100-il-rdma-3-jx6tm,GPU-005a31d4-76ae-2dd3-af84-3b7039e24835,DCGM_FI_DEV_DEC_UTIL,nvidia-dcgm-exporter,nvidia6,gpu-metrics,6,192.241.129.18:9400,nvidia-dcgm-exporter,NVIDIA A100-SXM4-80GB,nvidia-gpu-operator,nvidia-dcgm-exporter-xq25l,openshift-monitoring/k8s,nvidia-dcgm-exporter,0.0,,,
2024-05-21 17:31:43.667999983,NVIDIA,6.16,G506.0210.00.03,2.0,1652523001873,92.00.45.00.05,535.104.05,12.535.104.05,fmaas-devstage-backen-9cjgj-worker-a100-il-rdma-3-jx6tm,GPU-005a31d4-76ae-2dd3-af84-3b7039e24835,DCGM_FI_DEV_DEC_UTIL,nvidia-dcgm-exporter,nvidia6,gpu-metrics,6,192.241.129.18:9400,nvidia-dcgm-exporter,NVIDIA A100-SXM4-80GB,nvidia-gpu-operator,nvidia-dcgm-exporter-xq25l,openshift-monitoring/k8s,nvidia-dcgm-exporter,0.0,,,
2024-05-21 17:32:13.667999983,NVIDIA,6.16,G506.0210.00.03,2.0,1652523001873,92.00.45.00.05,535.104.05,12.535.104.05,fmaas-devstage-backen-9cjgj-worker-a100-il-rdma-3-jx6tm,GPU-005a31d4-76ae-2dd3-af84-3b7039e24835,DCGM_FI_DEV_DEC_UTIL,nvidia-dcgm-exporter,nvidia6,gpu-metrics,6,192.241.129.18:9400,nvidia-dcgm-exporter,NVIDIA A100-SXM4-80GB,nvidia-gpu-operator,nvidia-dcgm-exporter-xq25l,openshift-monitoring/k8s,nvidia-dcgm-exporter,0.0,,,
2024-05-21 17:32:43.667999983,NVIDIA,6.16,G506.0210.00.03,2.0,1652523001873,92.00.45.00.05,535.104.05,12.535.104.05,fmaas-devstage-backen-9cjgj-worker-a100-il-rdma-3-jx6tm,GPU-005a31d4-76ae-2dd3-af84-3b7039e24835,DCGM_FI_DEV_DEC_UTIL,nvidia-dcgm-exporter,nvidia6,gpu-metrics,6,192.241.129.18:9400,nvidia-dcgm-exporter,NVIDIA A100-SXM4-80GB,nvidia-gpu-operator,nvidia-dcgm-exporter-xq25l,openshift-monitoring/k8s,nvidia-dcgm-exporter,0.0,,,
2024-05-21 17:33:13.667999983,NVIDIA,6.16,G506.0210.00.03,2.0,1652523001873,92.00.45.00.05,535.104.05,12.535.104.05,fmaas-devstage-backen-9cjgj-worker-a100-il-rdma-3-jx6tm,GPU-005a31d4-76ae-2dd3-af84-3b7039e24835,DCGM_FI_DEV_DEC_UTIL,nvidia-dcgm-exporter,nvidia6,gpu-metrics,6,192.241.129.18:9400,nvidia-dcgm-exporter,NVIDIA A100-SXM4-80GB,nvidia-gpu-operator,nvidia-dcgm-exporter-xq25l,openshift-monitoring/k8s,nvidia-dcgm-exporter,0.0,,,
2024-05-21 17:33:43.667999983,NVIDIA,6.16,G506.0210.00.03,2.0,1652523001873,92.00.45.00.05,535.104.05,12.535.104.05,fmaas-devstage-backen-9cjgj-worker-a100-il-rdma-3-jx6tm,GPU-005a31d4-76ae-2dd3-af84-3b7039e24835,DCGM_FI_DEV_DEC_UTIL,nvidia-dcgm-exporter,nvidia6,gpu-metrics,6,192.241.129.18:9400,nvidia-dcgm-exporter,NVIDIA A100-SXM4-80GB,nvidia-gpu-operator,nvidia-dcgm-exporter-xq25l,openshift-monitoring/k8s,nvidia-dcgm-exporter,0.0,,,
2024-05-21 17:34:13.667999983,NVIDIA,6.16,G506.0210.00.03,2.0,1652523001873,92.00.45.00.05,535.104.05,12.535.104.05,fmaas-devstage-backen-9cjgj-worker-a100-il-rdma-3-jx6tm,GPU-005a31d4-76ae-2dd3-af84-3b7039e24835,DCGM_FI_DEV_DEC_UTIL,nvidia-dcgm-exporter,nvidia6,gpu-metrics,6,192.241.129.18:9400,nvidia-dcgm-exporter,NVIDIA A100-SXM4-80GB,nvidia-gpu-operator,nvidia-dcgm-exporter-xq25l,openshift-monitoring/k8s,nvidia-dcgm-exporter,0.0,,,
2024-05-21 17:34:43.667999983,NVIDIA,6.16,G506.0210.00.03,2.0,1652523001873,92.00.45.00.05,535.104.05,12.535.104.05,fmaas-devstage-backen-9cjgj-worker-a100-il-rdma-3-jx6tm,GPU-005a31d4-76ae-2dd3-af84-3b7039e24835,DCGM_FI_DEV_DEC_UTIL,nvidia-dcgm-exporter,nvidia6,gpu-metrics,6,192.241.129.18:9400,nvidia-dcgm-exporter,NVIDIA A100-SXM4-80GB,nvidia-gpu-operator,nvidia-dcgm-exporter-xq25l,openshift-monitoring/k8s,nvidia-dcgm-exporter,0.0,,,
2024-05-21 17:35:13.667999983,NVIDIA,6.16,G506.0210.00.03,2.0,1652523001873,92.00.45.00.05,535.104.05,12.535.104.05,fmaas-devstage-backen-9cjgj-worker-a100-il-rdma-3-jx6tm,GPU-005a31d4-76ae-2dd3-af84-3b7039e24835,DCGM_FI_DEV_DEC_UTIL,nvidia-dcgm-exporter,nvidia6,gpu-metrics,6,192.241.129.18:9400,nvidia-dcgm-exporter,NVIDIA A100-SXM4-80GB,nvidia-gpu-operator,nvidia-dcgm-exporter-xq25l,openshift-monitoring/k8s,nvidia-dcgm-exporter,0.0,,,
2024-05-21 17:35:43.667999983,NVIDIA,6.16,G506.0210.00.03,2.0,1652523001873,92.00.45.00.05,535.104.05,12.535.104.05,fmaas-devstage-backen-9cjgj-worker-a100-il-rdma-3-jx6tm,GPU-005a31d4-76ae-2dd3-af84-3b7039e24835,DCGM_FI_DEV_DEC_UTIL,nvidia-dcgm-exporter,nvidia6,gpu-metrics,6,192.241.129.18:9400,nvidia-dcgm-exporter,NVIDIA A100-SXM4-80GB,nvidia-gpu-operator,nvidia-dcgm-exporter-xq25l,openshift-monitoring/k8s,nvidia-dcgm-exporter,0.0,,,
2024-05-21 17:26:00.772000074,NVIDIA,6.16,G506.0210.00.03,2.0,1652523002864,92.00.45.00.05,535.104.05,12.535.104.05,fmaas-devstage-backen-9cjgj-worker-a100-il-rdma-3-jx6tm,GPU-bd65bd70-5a12-7002-a705-315758f75144,DCGM_FI_DEV_DEC_UTIL,nvidia-dcgm-exporter,nvidia7,gpu-metrics,7,192.241.129.18:9400,nvidia-dcgm-exporter,NVIDIA A100-SXM4-80GB,nvidia-gpu-operator,nvidia-dcgm-exporter-xq25l,openshift-monitoring/k8s,nvidia-dcgm-exporter,0.0,caikit-runtime,fmaas-tuning,devstage-cais-bcbf7c8fb-pxhmp
2024-05-21 17:26:13.667999983,NVIDIA,6.16,G506.0210.00.03,2.0,1652523002864,92.00.45.00.05,535.104.05,12.535.104.05,fmaas-devstage-backen-9cjgj-worker-a100-il-rdma-3-jx6tm,GPU-bd65bd70-5a12-7002-a705-315758f75144,DCGM_FI_DEV_DEC_UTIL,nvidia-dcgm-exporter,nvidia7,gpu-metrics,7,192.241.129.18:9400,nvidia-dcgm-exporter,NVIDIA A100-SXM4-80GB,nvidia-gpu-operator,nvidia-dcgm-exporter-xq25l,openshift-monitoring/k8s,nvidia-dcgm-exporter,0.0,caikit-runtime,fmaas-tuning,devstage-cais-bcbf7c8fb-pxhmp
2024-05-21 17:26:43.667999983,NVIDIA,6.16,G506.0210.00.03,2.0,1652523002864,92.00.45.00.05,535.104.05,12.535.104.05,fmaas-devstage-backen-9cjgj-worker-a100-il-rdma-3-jx6tm,GPU-bd65bd70-5a12-7002-a705-315758f75144,DCGM_FI_DEV_DEC_UTIL,nvidia-dcgm-exporter,nvidia7,gpu-metrics,7,192.241.129.18:9400,nvidia-dcgm-exporter,NVIDIA A100-SXM4-80GB,nvidia-gpu-operator,nvidia-dcgm-exporter-xq25l,openshift-monitoring/k8s,nvidia-dcgm-exporter,0.0,caikit-runtime,fmaas-tuning,devstage-cais-bcbf7c8fb-pxhmp
2024-05-21 17:27:13.667999983,NVIDIA,6.16,G506.0210.00.03,2.0,1652523002864,92.00.45.00.05,535.104.05,12.535.104.05,fmaas-devstage-backen-9cjgj-worker-a100-il-rdma-3-jx6tm,GPU-bd65bd70-5a12-7002-a705-315758f75144,DCGM_FI_DEV_DEC_UTIL,nvidia-dcgm-exporter,nvidia7,gpu-metrics,7,192.241.129.18:9400,nvidia-dcgm-exporter,NVIDIA A100-SXM4-80GB,nvidia-gpu-operator,nvidia-dcgm-exporter-xq25l,openshift-monitoring/k8s,nvidia-dcgm-exporter,0.0,caikit-runtime,fmaas-tuning,devstage-cais-bcbf7c8fb-pxhmp
2024-05-21 17:27:43.667999983,NVIDIA,6.16,G506.0210.00.03,2.0,1652523002864,92.00.45.00.05,535.104.05,12.535.104.05,fmaas-devstage-backen-9cjgj-worker-a100-il-rdma-3-jx6tm,GPU-bd65bd70-5a12-7002-a705-315758f75144,DCGM_FI_DEV_DEC_UTIL,nvidia-dcgm-exporter,nvidia7,gpu-metrics,7,192.241.129.18:9400,nvidia-dcgm-exporter,NVIDIA A100-SXM4-80GB,nvidia-gpu-operator,nvidia-dcgm-exporter-xq25l,openshift-monitoring/k8s,nvidia-dcgm-exporter,0.0,caikit-runtime,fmaas-tuning,devstage-cais-bcbf7c8fb-pxhmp
2024-05-21 17:28:13.667999983,NVIDIA,6.16,G506.0210.00.03,2.0,1652523002864,92.00.45.00.05,535.104.05,12.535.104.05,fmaas-devstage-backen-9cjgj-worker-a100-il-rdma-3-jx6tm,GPU-bd65bd70-5a12-7002-a705-315758f75144,DCGM_FI_DEV_DEC_UTIL,nvidia-dcgm-exporter,nvidia7,gpu-metrics,7,192.241.129.18:9400,nvidia-dcgm-exporter,NVIDIA A100-SXM4-80GB,nvidia-gpu-operator,nvidia-dcgm-exporter-xq25l,openshift-monitoring/k8s,nvidia-dcgm-exporter,0.0,caikit-runtime,fmaas-tuning,devstage-cais-bcbf7c8fb-pxhmp
2024-05-21 17:28:43.667999983,NVIDIA,6.16,G506.0210.00.03,2.0,1652523002864,92.00.45.00.05,535.104.05,12.535.104.05,fmaas-devstage-backen-9cjgj-worker-a100-il-rdma-3-jx6tm,GPU-bd65bd70-5a12-7002-a705-315758f75144,DCGM_FI_DEV_DEC_UTIL,nvidia-dcgm-exporter,nvidia7,gpu-metrics,7,192.241.129.18:9400,nvidia-dcgm-exporter,NVIDIA A100-SXM4-80GB,nvidia-gpu-operator,nvidia-dcgm-exporter-xq25l,openshift-monitoring/k8s,nvidia-dcgm-exporter,0.0,caikit-runtime,fmaas-tuning,devstage-cais-bcbf7c8fb-pxhmp
2024-05-21 17:29:13.667999983,NVIDIA,6.16,G506.0210.00.03,2.0,1652523002864,92.00.45.00.05,535.104.05,12.535.104.05,fmaas-devstage-backen-9cjgj-worker-a100-il-rdma-3-jx6tm,GPU-bd65bd70-5a12-7002-a705-315758f75144,DCGM_FI_DEV_DEC_UTIL,nvidia-dcgm-exporter,nvidia7,gpu-metrics,7,192.241.129.18:9400,nvidia-dcgm-exporter,NVIDIA A100-SXM4-80GB,nvidia-gpu-operator,nvidia-dcgm-exporter-xq25l,openshift-monitoring/k8s,nvidia-dcgm-exporter,0.0,caikit-runtime,fmaas-tuning,devstage-cais-bcbf7c8fb-pxhmp
2024-05-21 17:29:43.667999983,NVIDIA,6.16,G506.0210.00.03,2.0,1652523002864,92.00.45.00.05,535.104.05,12.535.104.05,fmaas-devstage-backen-9cjgj-worker-a100-il-rdma-3-jx6tm,GPU-bd65bd70-5a12-7002-a705-315758f75144,DCGM_FI_DEV_DEC_UTIL,nvidia-dcgm-exporter,nvidia7,gpu-metrics,7,192.241.129.18:9400,nvidia-dcgm-exporter,NVIDIA A100-SXM4-80GB,nvidia-gpu-operator,nvidia-dcgm-exporter-xq25l,openshift-monitoring/k8s,nvidia-dcgm-exporter,0.0,caikit-runtime,fmaas-tuning,devstage-cais-bcbf7c8fb-pxhmp
2024-05-21 17:30:13.667999983,NVIDIA,6.16,G506.0210.00.03,2.0,1652523002864,92.00.45.00.05,535.104.05,12.535.104.05,fmaas-devstage-backen-9cjgj-worker-a100-il-rdma-3-jx6tm,GPU-bd65bd70-5a12-7002-a705-315758f75144,DCGM_FI_DEV_DEC_UTIL,nvidia-dcgm-exporter,nvidia7,gpu-metrics,7,192.241.129.18:9400,nvidia-dcgm-exporter,NVIDIA A100-SXM4-80GB,nvidia-gpu-operator,nvidia-dcgm-exporter-xq25l,openshift-monitoring/k8s,nvidia-dcgm-exporter,0.0,caikit-runtime,fmaas-tuning,devstage-cais-bcbf7c8fb-pxhmp
2024-05-21 17:30:43.667999983,NVIDIA,6.16,G506.0210.00.03,2.0,1652523002864,92.00.45.00.05,535.104.05,12.535.104.05,fmaas-devstage-backen-9cjgj-worker-a100-il-rdma-3-jx6tm,GPU-bd65bd70-5a12-7002-a705-315758f75144,DCGM_FI_DEV_DEC_UTIL,nvidia-dcgm-exporter,nvidia7,gpu-metrics,7,192.241.129.18:9400,nvidia-dcgm-exporter,NVIDIA A100-SXM4-80GB,nvidia-gpu-operator,nvidia-dcgm-exporter-xq25l,openshift-monitoring/k8s,nvidia-dcgm-exporter,0.0,caikit-runtime,fmaas-tuning,devstage-cais-bcbf7c8fb-pxhmp
2024-05-21 17:31:13.667999983,NVIDIA,6.16,G506.0210.00.03,2.0,1652523002864,92.00.45.00.05,535.104.05,12.535.104.05,fmaas-devstage-backen-9cjgj-worker-a100-il-rdma-3-jx6tm,GPU-bd65bd70-5a12-7002-a705-315758f75144,DCGM_FI_DEV_DEC_UTIL,nvidia-dcgm-exporter,nvidia7,gpu-metrics,7,192.241.129.18:9400,nvidia-dcgm-exporter,NVIDIA A100-SXM4-80GB,nvidia-gpu-operator,nvidia-dcgm-exporter-xq25l,openshift-monitoring/k8s,nvidia-dcgm-exporter,0.0,caikit-runtime,fmaas-tuning,devstage-cais-bcbf7c8fb-pxhmp
2024-05-21 17:31:43.667999983,NVIDIA,6.16,G506.0210.00.03,2.0,1652523002864,92.00.45.00.05,535.104.05,12.535.104.05,fmaas-devstage-backen-9cjgj-worker-a100-il-rdma-3-jx6tm,GPU-bd65bd70-5a12-7002-a705-315758f75144,DCGM_FI_DEV_DEC_UTIL,nvidia-dcgm-exporter,nvidia7,gpu-metrics,7,192.241.129.18:9400,nvidia-dcgm-exporter,NVIDIA A100-SXM4-80GB,nvidia-gpu-operator,nvidia-dcgm-exporter-xq25l,openshift-monitoring/k8s,nvidia-dcgm-exporter,0.0,caikit-runtime,fmaas-tuning,devstage-cais-bcbf7c8fb-pxhmp
2024-05-21 17:32:13.667999983,NVIDIA,6.16,G506.0210.00.03,2.0,1652523002864,92.00.45.00.05,535.104.05,12.535.104.05,fmaas-devstage-backen-9cjgj-worker-a100-il-rdma-3-jx6tm,GPU-bd65bd70-5a12-7002-a705-315758f75144,DCGM_FI_DEV_DEC_UTIL,nvidia-dcgm-exporter,nvidia7,gpu-metrics,7,192.241.129.18:9400,nvidia-dcgm-exporter,NVIDIA A100-SXM4-80GB,nvidia-gpu-operator,nvidia-dcgm-exporter-xq25l,openshift-monitoring/k8s,nvidia-dcgm-exporter,0.0,caikit-runtime,fmaas-tuning,devstage-cais-bcbf7c8fb-pxhmp
2024-05-21 17:32:43.667999983,NVIDIA,6.16,G506.0210.00.03,2.0,1652523002864,92.00.45.00.05,535.104.05,12.535.104.05,fmaas-devstage-backen-9cjgj-worker-a100-il-rdma-3-jx6tm,GPU-bd65bd70-5a12-7002-a705-315758f75144,DCGM_FI_DEV_DEC_UTIL,nvidia-dcgm-exporter,nvidia7,gpu-metrics,7,192.241.129.18:9400,nvidia-dcgm-exporter,NVIDIA A100-SXM4-80GB,nvidia-gpu-operator,nvidia-dcgm-exporter-xq25l,openshift-monitoring/k8s,nvidia-dcgm-exporter,0.0,caikit-runtime,fmaas-tuning,devstage-cais-bcbf7c8fb-pxhmp
2024-05-21 17:33:13.667999983,NVIDIA,6.16,G506.0210.00.03,2.0,1652523002864,92.00.45.00.05,535.104.05,12.535.104.05,fmaas-devstage-backen-9cjgj-worker-a100-il-rdma-3-jx6tm,GPU-bd65bd70-5a12-7002-a705-315758f75144,DCGM_FI_DEV_DEC_UTIL,nvidia-dcgm-exporter,nvidia7,gpu-metrics,7,192.241.129.18:9400,nvidia-dcgm-exporter,NVIDIA A100-SXM4-80GB,nvidia-gpu-operator,nvidia-dcgm-exporter-xq25l,openshift-monitoring/k8s,nvidia-dcgm-exporter,0.0,caikit-runtime,fmaas-tuning,devstage-cais-bcbf7c8fb-pxhmp
2024-05-21 17:33:43.667999983,NVIDIA,6.16,G506.0210.00.03,2.0,1652523002864,92.00.45.00.05,535.104.05,12.535.104.05,fmaas-devstage-backen-9cjgj-worker-a100-il-rdma-3-jx6tm,GPU-bd65bd70-5a12-7002-a705-315758f75144,DCGM_FI_DEV_DEC_UTIL,nvidia-dcgm-exporter,nvidia7,gpu-metrics,7,192.241.129.18:9400,nvidia-dcgm-exporter,NVIDIA A100-SXM4-80GB,nvidia-gpu-operator,nvidia-dcgm-exporter-xq25l,openshift-monitoring/k8s,nvidia-dcgm-exporter,0.0,caikit-runtime,fmaas-tuning,devstage-cais-bcbf7c8fb-pxhmp
2024-05-21 17:34:13.667999983,NVIDIA,6.16,G506.0210.00.03,2.0,1652523002864,92.00.45.00.05,535.104.05,12.535.104.05,fmaas-devstage-backen-9cjgj-worker-a100-il-rdma-3-jx6tm,GPU-bd65bd70-5a12-7002-a705-315758f75144,DCGM_FI_DEV_DEC_UTIL,nvidia-dcgm-exporter,nvidia7,gpu-metrics,7,192.241.129.18:9400,nvidia-dcgm-exporter,NVIDIA A100-SXM4-80GB,nvidia-gpu-operator,nvidia-dcgm-exporter-xq25l,openshift-monitoring/k8s,nvidia-dcgm-exporter,0.0,caikit-runtime,fmaas-tuning,devstage-cais-bcbf7c8fb-pxhmp
2024-05-21 17:34:43.667999983,NVIDIA,6.16,G506.0210.00.03,2.0,1652523002864,92.00.45.00.05,535.104.05,12.535.104.05,fmaas-devstage-backen-9cjgj-worker-a100-il-rdma-3-jx6tm,GPU-bd65bd70-5a12-7002-a705-315758f75144,DCGM_FI_DEV_DEC_UTIL,nvidia-dcgm-exporter,nvidia7,gpu-metrics,7,192.241.129.18:9400,nvidia-dcgm-exporter,NVIDIA A100-SXM4-80GB,nvidia-gpu-operator,nvidia-dcgm-exporter-xq25l,openshift-monitoring/k8s,nvidia-dcgm-exporter,0.0,caikit-runtime,fmaas-tuning,devstage-cais-bcbf7c8fb-pxhmp
2024-05-21 17:35:13.667999983,NVIDIA,6.16,G506.0210.00.03,2.0,1652523002864,92.00.45.00.05,535.104.05,12.535.104.05,fmaas-devstage-backen-9cjgj-worker-a100-il-rdma-3-jx6tm,GPU-bd65bd70-5a12-7002-a705-315758f75144,DCGM_FI_DEV_DEC_UTIL,nvidia-dcgm-exporter,nvidia7,gpu-metrics,7,192.241.129.18:9400,nvidia-dcgm-exporter,NVIDIA A100-SXM4-80GB,nvidia-gpu-operator,nvidia-dcgm-exporter-xq25l,openshift-monitoring/k8s,nvidia-dcgm-exporter,0.0,caikit-runtime,fmaas-tuning,devstage-cais-bcbf7c8fb-pxhmp
2024-05-21 17:35:43.667999983,NVIDIA,6.16,G506.0210.00.03,2.0,1652523002864,92.00.45.00.05,535.104.05,12.535.104.05,fmaas-devstage-backen-9cjgj-worker-a100-il-rdma-3-jx6tm,GPU-bd65bd70-5a12-7002-a705-315758f75144,DCGM_FI_DEV_DEC_UTIL,nvidia-dcgm-exporter,nvidia7,gpu-metrics,7,192.241.129.18:9400,nvidia-dcgm-exporter,NVIDIA A100-SXM4-80GB,nvidia-gpu-operator,nvidia-dcgm-exporter-xq25l,openshift-monitoring/k8s,nvidia-dcgm-exporter,0.0,caikit-runtime,fmaas-tuning,devstage-cais-bcbf7c8fb-pxhmp
2024-05-21 17:26:00.772000074,NVIDIA,6.16,G506.0210.00.03,2.0,1652523003950,92.00.45.00.05,535.104.05,12.535.104.05,fmaas-devstage-backen-9cjgj-worker-a100-il-rdma-3-jx6tm,GPU-ed198df6-90a8-c0bf-17bb-f1171d39c5dd,DCGM_FI_DEV_DEC_UTIL,nvidia-dcgm-exporter,nvidia1,gpu-metrics,1,192.241.129.18:9400,nvidia-dcgm-exporter,NVIDIA A100-SXM4-80GB,nvidia-gpu-operator,nvidia-dcgm-exporter-xq25l,openshift-monitoring/k8s,nvidia-dcgm-exporter,0.0,,,
2024-05-21 17:26:13.667999983,NVIDIA,6.16,G506.0210.00.03,2.0,1652523003950,92.00.45.00.05,535.104.05,12.535.104.05,fmaas-devstage-backen-9cjgj-worker-a100-il-rdma-3-jx6tm,GPU-ed198df6-90a8-c0bf-17bb-f1171d39c5dd,DCGM_FI_DEV_DEC_UTIL,nvidia-dcgm-exporter,nvidia1,gpu-metrics,1,192.241.129.18:9400,nvidia-dcgm-exporter,NVIDIA A100-SXM4-80GB,nvidia-gpu-operator,nvidia-dcgm-exporter-xq25l,openshift-monitoring/k8s,nvidia-dcgm-exporter,0.0,,,
2024-05-21 17:26:43.667999983,NVIDIA,6.16,G506.0210.00.03,2.0,1652523003950,92.00.45.00.05,535.104.05,12.535.104.05,fmaas-devstage-backen-9cjgj-worker-a100-il-rdma-3-jx6tm,GPU-ed198df6-90a8-c0bf-17bb-f1171d39c5dd,DCGM_FI_DEV_DEC_UTIL,nvidia-dcgm-exporter,nvidia1,gpu-metrics,1,192.241.129.18:9400,nvidia-dcgm-exporter,NVIDIA A100-SXM4-80GB,nvidia-gpu-operator,nvidia-dcgm-exporter-xq25l,openshift-monitoring/k8s,nvidia-dcgm-exporter,0.0,,,
2024-05-21 17:27:13.667999983,NVIDIA,6.16,G506.0210.00.03,2.0,1652523003950,92.00.45.00.05,535.104.05,12.535.104.05,fmaas-devstage-backen-9cjgj-worker-a100-il-rdma-3-jx6tm,GPU-ed198df6-90a8-c0bf-17bb-f1171d39c5dd,DCGM_FI_DEV_DEC_UTIL,nvidia-dcgm-exporter,nvidia1,gpu-metrics,1,192.241.129.18:9400,nvidia-dcgm-exporter,NVIDIA A100-SXM4-80GB,nvidia-gpu-operator,nvidia-dcgm-exporter-xq25l,openshift-monitoring/k8s,nvidia-dcgm-exporter,0.0,,,
2024-05-21 17:27:43.667999983,NVIDIA,6.16,G506.0210.00.03,2.0,1652523003950,92.00.45.00.05,535.104.05,12.535.104.05,fmaas-devstage-backen-9cjgj-worker-a100-il-rdma-3-jx6tm,GPU-ed198df6-90a8-c0bf-17bb-f1171d39c5dd,DCGM_FI_DEV_DEC_UTIL,nvidia-dcgm-exporter,nvidia1,gpu-metrics,1,192.241.129.18:9400,nvidia-dcgm-exporter,NVIDIA A100-SXM4-80GB,nvidia-gpu-operator,nvidia-dcgm-exporter-xq25l,openshift-monitoring/k8s,nvidia-dcgm-exporter,0.0,,,
2024-05-21 17:28:13.667999983,NVIDIA,6.16,G506.0210.00.03,2.0,1652523003950,92.00.45.00.05,535.104.05,12.535.104.05,fmaas-devstage-backen-9cjgj-worker-a100-il-rdma-3-jx6tm,GPU-ed198df6-90a8-c0bf-17bb-f1171d39c5dd,DCGM_FI_DEV_DEC_UTIL,nvidia-dcgm-exporter,nvidia1,gpu-metrics,1,192.241.129.18:9400,nvidia-dcgm-exporter,NVIDIA A100-SXM4-80GB,nvidia-gpu-operator,nvidia-dcgm-exporter-xq25l,openshift-monitoring/k8s,nvidia-dcgm-exporter,0.0,,,
2024-05-21 17:28:43.667999983,NVIDIA,6.16,G506.0210.00.03,2.0,1652523003950,92.00.45.00.05,535.104.05,12.535.104.05,fmaas-devstage-backen-9cjgj-worker-a100-il-rdma-3-jx6tm,GPU-ed198df6-90a8-c0bf-17bb-f1171d39c5dd,DCGM_FI_DEV_DEC_UTIL,nvidia-dcgm-exporter,nvidia1,gpu-metrics,1,192.241.129.18:9400,nvidia-dcgm-exporter,NVIDIA A100-SXM4-80GB,nvidia-gpu-operator,nvidia-dcgm-exporter-xq25l,openshift-monitoring/k8s,nvidia-dcgm-exporter,0.0,,,
2024-05-21 17:29:13.667999983,NVIDIA,6.16,G506.0210.00.03,2.0,1652523003950,92.00.45.00.05,535.104.05,12.535.104.05,fmaas-devstage-backen-9cjgj-worker-a100-il-rdma-3-jx6tm,GPU-ed198df6-90a8-c0bf-17bb-f1171d39c5dd,DCGM_FI_DEV_DEC_UTIL,nvidia-dcgm-exporter,nvidia1,gpu-metrics,1,192.241.129.18:9400,nvidia-dcgm-exporter,NVIDIA A100-SXM4-80GB,nvidia-gpu-operator,nvidia-dcgm-exporter-xq25l,openshift-monitoring/k8s,nvidia-dcgm-exporter,0.0,,,
2024-05-21 17:29:43.667999983,NVIDIA,6.16,G506.0210.00.03,2.0,1652523003950,92.00.45.00.05,535.104.05,12.535.104.05,fmaas-devstage-backen-9cjgj-worker-a100-il-rdma-3-jx6tm,GPU-ed198df6-90a8-c0bf-17bb-f1171d39c5dd,DCGM_FI_DEV_DEC_UTIL,nvidia-dcgm-exporter,nvidia1,gpu-metrics,1,192.241.129.18:9400,nvidia-dcgm-exporter,NVIDIA A100-SXM4-80GB,nvidia-gpu-operator,nvidia-dcgm-exporter-xq25l,openshift-monitoring/k8s,nvidia-dcgm-exporter,0.0,,,
2024-05-21 17:30:13.667999983,NVIDIA,6.16,G506.0210.00.03,2.0,1652523003950,92.00.45.00.05,535.104.05,12.535.104.05,fmaas-devstage-backen-9cjgj-worker-a100-il-rdma-3-jx6tm,GPU-ed198df6-90a8-c0bf-17bb-f1171d39c5dd,DCGM_FI_DEV_DEC_UTIL,nvidia-dcgm-exporter,nvidia1,gpu-metrics,1,192.241.129.18:9400,nvidia-dcgm-exporter,NVIDIA A100-SXM4-80GB,nvidia-gpu-operator,nvidia-dcgm-exporter-xq25l,openshift-monitoring/k8s,nvidia-dcgm-exporter,0.0,,,
2024-05-21 17:30:43.667999983,NVIDIA,6.16,G506.0210.00.03,2.0,1652523003950,92.00.45.00.05,535.104.05,12.535.104.05,fmaas-devstage-backen-9cjgj-worker-a100-il-rdma-3-jx6tm,GPU-ed198df6-90a8-c0bf-17bb-f1171d39c5dd,DCGM_FI_DEV_DEC_UTIL,nvidia-dcgm-exporter,nvidia1,gpu-metrics,1,192.241.129.18:9400,nvidia-dcgm-exporter,NVIDIA A100-SXM4-80GB,nvidia-gpu-operator,nvidia-dcgm-exporter-xq25l,openshift-monitoring/k8s,nvidia-dcgm-exporter,0.0,,,
2024-05-21 17:31:13.667999983,NVIDIA,6.16,G506.0210.00.03,2.0,1652523003950,92.00.45.00.05,535.104.05,12.535.104.05,fmaas-devstage-backen-9cjgj-worker-a100-il-rdma-3-jx6tm,GPU-ed198df6-90a8-c0bf-17bb-f1171d39c5dd,DCGM_FI_DEV_DEC_UTIL,nvidia-dcgm-exporter,nvidia1,gpu-metrics,1,192.241.129.18:9400,nvidia-dcgm-exporter,NVIDIA A100-SXM4-80GB,nvidia-gpu-operator,nvidia-dcgm-exporter-xq25l,openshift-monitoring/k8s,nvidia-dcgm-exporter,0.0,,,
2024-05-21 17:31:43.667999983,NVIDIA,6.16,G506.0210.00.03,2.0,1652523003950,92.00.45.00.05,535.104.05,12.535.104.05,fmaas-devstage-backen-9cjgj-worker-a100-il-rdma-3-jx6tm,GPU-ed198df6-90a8-c0bf-17bb-f1171d39c5dd,DCGM_FI_DEV_DEC_UTIL,nvidia-dcgm-exporter,nvidia1,gpu-metrics,1,192.241.129.18:9400,nvidia-dcgm-exporter,NVIDIA A100-SXM4-80GB,nvidia-gpu-operator,nvidia-dcgm-exporter-xq25l,openshift-monitoring/k8s,nvidia-dcgm-exporter,0.0,,,
2024-05-21 17:32:13.667999983,NVIDIA,6.16,G506.0210.00.03,2.0,1652523003950,92.00.45.00.05,535.104.05,12.535.104.05,fmaas-devstage-backen-9cjgj-worker-a100-il-rdma-3-jx6tm,GPU-ed198df6-90a8-c0bf-17bb-f1171d39c5dd,DCGM_FI_DEV_DEC_UTIL,nvidia-dcgm-exporter,nvidia1,gpu-metrics,1,192.241.129.18:9400,nvidia-dcgm-exporter,NVIDIA A100-SXM4-80GB,nvidia-gpu-operator,nvidia-dcgm-exporter-xq25l,openshift-monitoring/k8s,nvidia-dcgm-exporter,0.0,,,
2024-05-21 17:32:43.667999983,NVIDIA,6.16,G506.0210.00.03,2.0,1652523003950,92.00.45.00.05,535.104.05,12.535.104.05,fmaas-devstage-backen-9cjgj-worker-a100-il-rdma-3-jx6tm,GPU-ed198df6-90a8-c0bf-17bb-f1171d39c5dd,DCGM_FI_DEV_DEC_UTIL,nvidia-dcgm-exporter,nvidia1,gpu-metrics,1,192.241.129.18:9400,nvidia-dcgm-exporter,NVIDIA A100-SXM4-80GB,nvidia-gpu-operator,nvidia-dcgm-exporter-xq25l,openshift-monitoring/k8s,nvidia-dcgm-exporter,0.0,,,
2024-05-21 17:33:13.667999983,NVIDIA,6.16,G506.0210.00.03,2.0,1652523003950,92.00.45.00.05,535.104.05,12.535.104.05,fmaas-devstage-backen-9cjgj-worker-a100-il-rdma-3-jx6tm,GPU-ed198df6-90a8-c0bf-17bb-f1171d39c5dd,DCGM_FI_DEV_DEC_UTIL,nvidia-dcgm-exporter,nvidia1,gpu-metrics,1,192.241.129.18:9400,nvidia-dcgm-exporter,NVIDIA A100-SXM4-80GB,nvidia-gpu-operator,nvidia-dcgm-exporter-xq25l,openshift-monitoring/k8s,nvidia-dcgm-exporter,0.0,,,
2024-05-21 17:33:43.667999983,NVIDIA,6.16,G506.0210.00.03,2.0,1652523003950,92.00.45.00.05,535.104.05,12.535.104.05,fmaas-devstage-backen-9cjgj-worker-a100-il-rdma-3-jx6tm,GPU-ed198df6-90a8-c0bf-17bb-f1171d39c5dd,DCGM_FI_DEV_DEC_UTIL,nvidia-dcgm-exporter,nvidia1,gpu-metrics,1,192.241.129.18:9400,nvidia-dcgm-exporter,NVIDIA A100-SXM4-80GB,nvidia-gpu-operator,nvidia-dcgm-exporter-xq25l,openshift-monitoring/k8s,nvidia-dcgm-exporter,0.0,,,
2024-05-21 17:34:13.667999983,NVIDIA,6.16,G506.0210.00.03,2.0,1652523003950,92.00.45.00.05,535.104.05,12.535.104.05,fmaas-devstage-backen-9cjgj-worker-a100-il-rdma-3-jx6tm,GPU-ed198df6-90a8-c0bf-17bb-f1171d39c5dd,DCGM_FI_DEV_DEC_UTIL,nvidia-dcgm-exporter,nvidia1,gpu-metrics,1,192.241.129.18:9400,nvidia-dcgm-exporter,NVIDIA A100-SXM4-80GB,nvidia-gpu-operator,nvidia-dcgm-exporter-xq25l,openshift-monitoring/k8s,nvidia-dcgm-exporter,0.0,,,
2024-05-21 17:34:43.667999983,NVIDIA,6.16,G506.0210.00.03,2.0,1652523003950,92.00.45.00.05,535.104.05,12.535.104.05,fmaas-devstage-backen-9cjgj-worker-a100-il-rdma-3-jx6tm,GPU-ed198df6-90a8-c0bf-17bb-f1171d39c5dd,DCGM_FI_DEV_DEC_UTIL,nvidia-dcgm-exporter,nvidia1,gpu-metrics,1,192.241.129.18:9400,nvidia-dcgm-exporter,NVIDIA A100-SXM4-80GB,nvidia-gpu-operator,nvidia-dcgm-exporter-xq25l,openshift-monitoring/k8s,nvidia-dcgm-exporter,0.0,,,
2024-05-21 17:35:13.667999983,NVIDIA,6.16,G506.0210.00.03,2.0,1652523003950,92.00.45.00.05,535.104.05,12.535.104.05,fmaas-devstage-backen-9cjgj-worker-a100-il-rdma-3-jx6tm,GPU-ed198df6-90a8-c0bf-17bb-f1171d39c5dd,DCGM_FI_DEV_DEC_UTIL,nvidia-dcgm-exporter,nvidia1,gpu-metrics,1,192.241.129.18:9400,nvidia-dcgm-exporter,NVIDIA A100-SXM4-80GB,nvidia-gpu-operator,nvidia-dcgm-exporter-xq25l,openshift-monitoring/k8s,nvidia-dcgm-exporter,0.0,,,
2024-05-21 17:35:43.667999983,NVIDIA,6.16,G506.0210.00.03,2.0,1652523003950,92.00.45.00.05,535.104.05,12.535.104.05,fmaas-devstage-backen-9cjgj-worker-a100-il-rdma-3-jx6tm,GPU-ed198df6-90a8-c0bf-17bb-f1171d39c5dd,DCGM_FI_DEV_DEC_UTIL,nvidia-dcgm-exporter,nvidia1,gpu-metrics,1,192.241.129.18:9400,nvidia-dcgm-exporter,NVIDIA A100-SXM4-80GB,nvidia-gpu-operator,nvidia-dcgm-exporter-xq25l,openshift-monitoring/k8s,nvidia-dcgm-exporter,0.0,,,
2024-05-21 17:26:00.772000074,NVIDIA,6.16,G506.0210.00.03,2.0,1652523003996,92.00.45.00.05,535.104.05,12.535.104.05,fmaas-devstage-backen-9cjgj-worker-a100-il-rdma-3-jx6tm,GPU-f94e20f3-b883-1dc9-1c93-9769594edc6a,DCGM_FI_DEV_DEC_UTIL,nvidia-dcgm-exporter,nvidia2,gpu-metrics,2,192.241.129.18:9400,nvidia-dcgm-exporter,NVIDIA A100-SXM4-80GB,nvidia-gpu-operator,nvidia-dcgm-exporter-xq25l,openshift-monitoring/k8s,nvidia-dcgm-exporter,0.0,base,fmaas-monitoring,llama3
2024-05-21 17:26:13.667999983,NVIDIA,6.16,G506.0210.00.03,2.0,1652523003996,92.00.45.00.05,535.104.05,12.535.104.05,fmaas-devstage-backen-9cjgj-worker-a100-il-rdma-3-jx6tm,GPU-f94e20f3-b883-1dc9-1c93-9769594edc6a,DCGM_FI_DEV_DEC_UTIL,nvidia-dcgm-exporter,nvidia2,gpu-metrics,2,192.241.129.18:9400,nvidia-dcgm-exporter,NVIDIA A100-SXM4-80GB,nvidia-gpu-operator,nvidia-dcgm-exporter-xq25l,openshift-monitoring/k8s,nvidia-dcgm-exporter,0.0,base,fmaas-monitoring,llama3
2024-05-21 17:26:43.667999983,NVIDIA,6.16,G506.0210.00.03,2.0,1652523003996,92.00.45.00.05,535.104.05,12.535.104.05,fmaas-devstage-backen-9cjgj-worker-a100-il-rdma-3-jx6tm,GPU-f94e20f3-b883-1dc9-1c93-9769594edc6a,DCGM_FI_DEV_DEC_UTIL,nvidia-dcgm-exporter,nvidia2,gpu-metrics,2,192.241.129.18:9400,nvidia-dcgm-exporter,NVIDIA A100-SXM4-80GB,nvidia-gpu-operator,nvidia-dcgm-exporter-xq25l,openshift-monitoring/k8s,nvidia-dcgm-exporter,0.0,base,fmaas-monitoring,llama3
2024-05-21 17:27:13.667999983,NVIDIA,6.16,G506.0210.00.03,2.0,1652523003996,92.00.45.00.05,535.104.05,12.535.104.05,fmaas-devstage-backen-9cjgj-worker-a100-il-rdma-3-jx6tm,GPU-f94e20f3-b883-1dc9-1c93-9769594edc6a,DCGM_FI_DEV_DEC_UTIL,nvidia-dcgm-exporter,nvidia2,gpu-metrics,2,192.241.129.18:9400,nvidia-dcgm-exporter,NVIDIA A100-SXM4-80GB,nvidia-gpu-operator,nvidia-dcgm-exporter-xq25l,openshift-monitoring/k8s,nvidia-dcgm-exporter,0.0,base,fmaas-monitoring,llama3
2024-05-21 17:27:43.667999983,NVIDIA,6.16,G506.0210.00.03,2.0,1652523003996,92.00.45.00.05,535.104.05,12.535.104.05,fmaas-devstage-backen-9cjgj-worker-a100-il-rdma-3-jx6tm,GPU-f94e20f3-b883-1dc9-1c93-9769594edc6a,DCGM_FI_DEV_DEC_UTIL,nvidia-dcgm-exporter,nvidia2,gpu-metrics,2,192.241.129.18:9400,nvidia-dcgm-exporter,NVIDIA A100-SXM4-80GB,nvidia-gpu-operator,nvidia-dcgm-exporter-xq25l,openshift-monitoring/k8s,nvidia-dcgm-exporter,0.0,base,fmaas-monitoring,llama3
2024-05-21 17:28:13.667999983,NVIDIA,6.16,G506.0210.00.03,2.0,1652523003996,92.00.45.00.05,535.104.05,12.535.104.05,fmaas-devstage-backen-9cjgj-worker-a100-il-rdma-3-jx6tm,GPU-f94e20f3-b883-1dc9-1c93-9769594edc6a,DCGM_FI_DEV_DEC_UTIL,nvidia-dcgm-exporter,nvidia2,gpu-metrics,2,192.241.129.18:9400,nvidia-dcgm-exporter,NVIDIA A100-SXM4-80GB,nvidia-gpu-operator,nvidia-dcgm-exporter-xq25l,openshift-monitoring/k8s,nvidia-dcgm-exporter,0.0,base,fmaas-monitoring,llama3
2024-05-21 17:28:43.667999983,NVIDIA,6.16,G506.0210.00.03,2.0,1652523003996,92.00.45.00.05,535.104.05,12.535.104.05,fmaas-devstage-backen-9cjgj-worker-a100-il-rdma-3-jx6tm,GPU-f94e20f3-b883-1dc9-1c93-9769594edc6a,DCGM_FI_DEV_DEC_UTIL,nvidia-dcgm-exporter,nvidia2,gpu-metrics,2,192.241.129.18:9400,nvidia-dcgm-exporter,NVIDIA A100-SXM4-80GB,nvidia-gpu-operator,nvidia-dcgm-exporter-xq25l,openshift-monitoring/k8s,nvidia-dcgm-exporter,0.0,base,fmaas-monitoring,llama3
2024-05-21 17:29:13.667999983,NVIDIA,6.16,G506.0210.00.03,2.0,1652523003996,92.00.45.00.05,535.104.05,12.535.104.05,fmaas-devstage-backen-9cjgj-worker-a100-il-rdma-3-jx6tm,GPU-f94e20f3-b883-1dc9-1c93-9769594edc6a,DCGM_FI_DEV_DEC_UTIL,nvidia-dcgm-exporter,nvidia2,gpu-metrics,2,192.241.129.18:9400,nvidia-dcgm-exporter,NVIDIA A100-SXM4-80GB,nvidia-gpu-operator,nvidia-dcgm-exporter-xq25l,openshift-monitoring/k8s,nvidia-dcgm-exporter,0.0,base,fmaas-monitoring,llama3
2024-05-21 17:29:43.667999983,NVIDIA,6.16,G506.0210.00.03,2.0,1652523003996,92.00.45.00.05,535.104.05,12.535.104.05,fmaas-devstage-backen-9cjgj-worker-a100-il-rdma-3-jx6tm,GPU-f94e20f3-b883-1dc9-1c93-9769594edc6a,DCGM_FI_DEV_DEC_UTIL,nvidia-dcgm-exporter,nvidia2,gpu-metrics,2,192.241.129.18:9400,nvidia-dcgm-exporter,NVIDIA A100-SXM4-80GB,nvidia-gpu-operator,nvidia-dcgm-exporter-xq25l,openshift-monitoring/k8s,nvidia-dcgm-exporter,0.0,base,fmaas-monitoring,llama3
2024-05-21 17:30:13.667999983,NVIDIA,6.16,G506.0210.00.03,2.0,1652523003996,92.00.45.00.05,535.104.05,12.535.104.05,fmaas-devstage-backen-9cjgj-worker-a100-il-rdma-3-jx6tm,GPU-f94e20f3-b883-1dc9-1c93-9769594edc6a,DCGM_FI_DEV_DEC_UTIL,nvidia-dcgm-exporter,nvidia2,gpu-metrics,2,192.241.129.18:9400,nvidia-dcgm-exporter,NVIDIA A100-SXM4-80GB,nvidia-gpu-operator,nvidia-dcgm-exporter-xq25l,openshift-monitoring/k8s,nvidia-dcgm-exporter,0.0,base,fmaas-monitoring,llama3
2024-05-21 17:30:43.667999983,NVIDIA,6.16,G506.0210.00.03,2.0,1652523003996,92.00.45.00.05,535.104.05,12.535.104.05,fmaas-devstage-backen-9cjgj-worker-a100-il-rdma-3-jx6tm,GPU-f94e20f3-b883-1dc9-1c93-9769594edc6a,DCGM_FI_DEV_DEC_UTIL,nvidia-dcgm-exporter,nvidia2,gpu-metrics,2,192.241.129.18:9400,nvidia-dcgm-exporter,NVIDIA A100-SXM4-80GB,nvidia-gpu-operator,nvidia-dcgm-exporter-xq25l,openshift-monitoring/k8s,nvidia-dcgm-exporter,0.0,base,fmaas-monitoring,llama3
2024-05-21 17:31:13.667999983,NVIDIA,6.16,G506.0210.00.03,2.0,1652523003996,92.00.45.00.05,535.104.05,12.535.104.05,fmaas-devstage-backen-9cjgj-worker-a100-il-rdma-3-jx6tm,GPU-f94e20f3-b883-1dc9-1c93-9769594edc6a,DCGM_FI_DEV_DEC_UTIL,nvidia-dcgm-exporter,nvidia2,gpu-metrics,2,192.241.129.18:9400,nvidia-dcgm-exporter,NVIDIA A100-SXM4-80GB,nvidia-gpu-operator,nvidia-dcgm-exporter-xq25l,openshift-monitoring/k8s,nvidia-dcgm-exporter,0.0,base,fmaas-monitoring,llama3
2024-05-21 17:31:43.667999983,NVIDIA,6.16,G506.0210.00.03,2.0,1652523003996,92.00.45.00.05,535.104.05,12.535.104.05,fmaas-devstage-backen-9cjgj-worker-a100-il-rdma-3-jx6tm,GPU-f94e20f3-b883-1dc9-1c93-9769594edc6a,DCGM_FI_DEV_DEC_UTIL,nvidia-dcgm-exporter,nvidia2,gpu-metrics,2,192.241.129.18:9400,nvidia-dcgm-exporter,NVIDIA A100-SXM4-80GB,nvidia-gpu-operator,nvidia-dcgm-exporter-xq25l,openshift-monitoring/k8s,nvidia-dcgm-exporter,0.0,base,fmaas-monitoring,llama3
2024-05-21 17:32:13.667999983,NVIDIA,6.16,G506.0210.00.03,2.0,1652523003996,92.00.45.00.05,535.104.05,12.535.104.05,fmaas-devstage-backen-9cjgj-worker-a100-il-rdma-3-jx6tm,GPU-f94e20f3-b883-1dc9-1c93-9769594edc6a,DCGM_FI_DEV_DEC_UTIL,nvidia-dcgm-exporter,nvidia2,gpu-metrics,2,192.241.129.18:9400,nvidia-dcgm-exporter,NVIDIA A100-SXM4-80GB,nvidia-gpu-operator,nvidia-dcgm-exporter-xq25l,openshift-monitoring/k8s,nvidia-dcgm-exporter,0.0,base,fmaas-monitoring,llama3
2024-05-21 17:32:43.667999983,NVIDIA,6.16,G506.0210.00.03,2.0,1652523003996,92.00.45.00.05,535.104.05,12.535.104.05,fmaas-devstage-backen-9cjgj-worker-a100-il-rdma-3-jx6tm,GPU-f94e20f3-b883-1dc9-1c93-9769594edc6a,DCGM_FI_DEV_DEC_UTIL,nvidia-dcgm-exporter,nvidia2,gpu-metrics,2,192.241.129.18:9400,nvidia-dcgm-exporter,NVIDIA A100-SXM4-80GB,nvidia-gpu-operator,nvidia-dcgm-exporter-xq25l,openshift-monitoring/k8s,nvidia-dcgm-exporter,0.0,base,fmaas-monitoring,llama3
2024-05-21 17:33:13.667999983,NVIDIA,6.16,G506.0210.00.03,2.0,1652523003996,92.00.45.00.05,535.104.05,12.535.104.05,fmaas-devstage-backen-9cjgj-worker-a100-il-rdma-3-jx6tm,GPU-f94e20f3-b883-1dc9-1c93-9769594edc6a,DCGM_FI_DEV_DEC_UTIL,nvidia-dcgm-exporter,nvidia2,gpu-metrics,2,192.241.129.18:9400,nvidia-dcgm-exporter,NVIDIA A100-SXM4-80GB,nvidia-gpu-operator,nvidia-dcgm-exporter-xq25l,openshift-monitoring/k8s,nvidia-dcgm-exporter,0.0,base,fmaas-monitoring,llama3
2024-05-21 17:33:43.667999983,NVIDIA,6.16,G506.0210.00.03,2.0,1652523003996,92.00.45.00.05,535.104.05,12.535.104.05,fmaas-devstage-backen-9cjgj-worker-a100-il-rdma-3-jx6tm,GPU-f94e20f3-b883-1dc9-1c93-9769594edc6a,DCGM_FI_DEV_DEC_UTIL,nvidia-dcgm-exporter,nvidia2,gpu-metrics,2,192.241.129.18:9400,nvidia-dcgm-exporter,NVIDIA A100-SXM4-80GB,nvidia-gpu-operator,nvidia-dcgm-exporter-xq25l,openshift-monitoring/k8s,nvidia-dcgm-exporter,0.0,base,fmaas-monitoring,llama3
2024-05-21 17:34:13.667999983,NVIDIA,6.16,G506.0210.00.03,2.0,1652523003996,92.00.45.00.05,535.104.05,12.535.104.05,fmaas-devstage-backen-9cjgj-worker-a100-il-rdma-3-jx6tm,GPU-f94e20f3-b883-1dc9-1c93-9769594edc6a,DCGM_FI_DEV_DEC_UTIL,nvidia-dcgm-exporter,nvidia2,gpu-metrics,2,192.241.129.18:9400,nvidia-dcgm-exporter,NVIDIA A100-SXM4-80GB,nvidia-gpu-operator,nvidia-dcgm-exporter-xq25l,openshift-monitoring/k8s,nvidia-dcgm-exporter,0.0,base,fmaas-monitoring,llama3
2024-05-21 17:34:43.667999983,NVIDIA,6.16,G506.0210.00.03,2.0,1652523003996,92.00.45.00.05,535.104.05,12.535.104.05,fmaas-devstage-backen-9cjgj-worker-a100-il-rdma-3-jx6tm,GPU-f94e20f3-b883-1dc9-1c93-9769594edc6a,DCGM_FI_DEV_DEC_UTIL,nvidia-dcgm-exporter,nvidia2,gpu-metrics,2,192.241.129.18:9400,nvidia-dcgm-exporter,NVIDIA A100-SXM4-80GB,nvidia-gpu-operator,nvidia-dcgm-exporter-xq25l,openshift-monitoring/k8s,nvidia-dcgm-exporter,0.0,base,fmaas-monitoring,llama3
2024-05-21 17:35:13.667999983,NVIDIA,6.16,G506.0210.00.03,2.0,1652523003996,92.00.45.00.05,535.104.05,12.535.104.05,fmaas-devstage-backen-9cjgj-worker-a100-il-rdma-3-jx6tm,GPU-f94e20f3-b883-1dc9-1c93-9769594edc6a,DCGM_FI_DEV_DEC_UTIL,nvidia-dcgm-exporter,nvidia2,gpu-metrics,2,192.241.129.18:9400,nvidia-dcgm-exporter,NVIDIA A100-SXM4-80GB,nvidia-gpu-operator,nvidia-dcgm-exporter-xq25l,openshift-monitoring/k8s,nvidia-dcgm-exporter,0.0,base,fmaas-monitoring,llama3
2024-05-21 17:35:43.667999983,NVIDIA,6.16,G506.0210.00.03,2.0,1652523003996,92.00.45.00.05,535.104.05,12.535.104.05,fmaas-devstage-backen-9cjgj-worker-a100-il-rdma-3-jx6tm,GPU-f94e20f3-b883-1dc9-1c93-9769594edc6a,DCGM_FI_DEV_DEC_UTIL,nvidia-dcgm-exporter,nvidia2,gpu-metrics,2,192.241.129.18:9400,nvidia-dcgm-exporter,NVIDIA A100-SXM4-80GB,nvidia-gpu-operator,nvidia-dcgm-exporter-xq25l,openshift-monitoring/k8s,nvidia-dcgm-exporter,0.0,base,fmaas-monitoring,llama3
2024-05-21 17:26:00.772000074,NVIDIA,6.16,G506.0210.00.03,2.0,1652523004560,92.00.45.00.05,535.104.05,12.535.104.05,fmaas-devstage-backen-9cjgj-worker-a100-il-rdma-3-jx6tm,GPU-fae4890e-cca3-f53f-3743-ba11e6e50022,DCGM_FI_DEV_DEC_UTIL,nvidia-dcgm-exporter,nvidia3,gpu-metrics,3,192.241.129.18:9400,nvidia-dcgm-exporter,NVIDIA A100-SXM4-80GB,nvidia-gpu-operator,nvidia-dcgm-exporter-xq25l,openshift-monitoring/k8s,nvidia-dcgm-exporter,0.0,,,
2024-05-21 17:26:13.667999983,NVIDIA,6.16,G506.0210.00.03,2.0,1652523004560,92.00.45.00.05,535.104.05,12.535.104.05,fmaas-devstage-backen-9cjgj-worker-a100-il-rdma-3-jx6tm,GPU-fae4890e-cca3-f53f-3743-ba11e6e50022,DCGM_FI_DEV_DEC_UTIL,nvidia-dcgm-exporter,nvidia3,gpu-metrics,3,192.241.129.18:9400,nvidia-dcgm-exporter,NVIDIA A100-SXM4-80GB,nvidia-gpu-operator,nvidia-dcgm-exporter-xq25l,openshift-monitoring/k8s,nvidia-dcgm-exporter,0.0,,,
2024-05-21 17:26:43.667999983,NVIDIA,6.16,G506.0210.00.03,2.0,1652523004560,92.00.45.00.05,535.104.05,12.535.104.05,fmaas-devstage-backen-9cjgj-worker-a100-il-rdma-3-jx6tm,GPU-fae4890e-cca3-f53f-3743-ba11e6e50022,DCGM_FI_DEV_DEC_UTIL,nvidia-dcgm-exporter,nvidia3,gpu-metrics,3,192.241.129.18:9400,nvidia-dcgm-exporter,NVIDIA A100-SXM4-80GB,nvidia-gpu-operator,nvidia-dcgm-exporter-xq25l,openshift-monitoring/k8s,nvidia-dcgm-exporter,0.0,,,
2024-05-21 17:27:13.667999983,NVIDIA,6.16,G506.0210.00.03,2.0,1652523004560,92.00.45.00.05,535.104.05,12.535.104.05,fmaas-devstage-backen-9cjgj-worker-a100-il-rdma-3-jx6tm,GPU-fae4890e-cca3-f53f-3743-ba11e6e50022,DCGM_FI_DEV_DEC_UTIL,nvidia-dcgm-exporter,nvidia3,gpu-metrics,3,192.241.129.18:9400,nvidia-dcgm-exporter,NVIDIA A100-SXM4-80GB,nvidia-gpu-operator,nvidia-dcgm-exporter-xq25l,openshift-monitoring/k8s,nvidia-dcgm-exporter,0.0,,,
2024-05-21 17:27:43.667999983,NVIDIA,6.16,G506.0210.00.03,2.0,1652523004560,92.00.45.00.05,535.104.05,12.535.104.05,fmaas-devstage-backen-9cjgj-worker-a100-il-rdma-3-jx6tm,GPU-fae4890e-cca3-f53f-3743-ba11e6e50022,DCGM_FI_DEV_DEC_UTIL,nvidia-dcgm-exporter,nvidia3,gpu-metrics,3,192.241.129.18:9400,nvidia-dcgm-exporter,NVIDIA A100-SXM4-80GB,nvidia-gpu-operator,nvidia-dcgm-exporter-xq25l,openshift-monitoring/k8s,nvidia-dcgm-exporter,0.0,,,
2024-05-21 17:28:13.667999983,NVIDIA,6.16,G506.0210.00.03,2.0,1652523004560,92.00.45.00.05,535.104.05,12.535.104.05,fmaas-devstage-backen-9cjgj-worker-a100-il-rdma-3-jx6tm,GPU-fae4890e-cca3-f53f-3743-ba11e6e50022,DCGM_FI_DEV_DEC_UTIL,nvidia-dcgm-exporter,nvidia3,gpu-metrics,3,192.241.129.18:9400,nvidia-dcgm-exporter,NVIDIA A100-SXM4-80GB,nvidia-gpu-operator,nvidia-dcgm-exporter-xq25l,openshift-monitoring/k8s,nvidia-dcgm-exporter,0.0,,,
2024-05-21 17:28:43.667999983,NVIDIA,6.16,G506.0210.00.03,2.0,1652523004560,92.00.45.00.05,535.104.05,12.535.104.05,fmaas-devstage-backen-9cjgj-worker-a100-il-rdma-3-jx6tm,GPU-fae4890e-cca3-f53f-3743-ba11e6e50022,DCGM_FI_DEV_DEC_UTIL,nvidia-dcgm-exporter,nvidia3,gpu-metrics,3,192.241.129.18:9400,nvidia-dcgm-exporter,NVIDIA A100-SXM4-80GB,nvidia-gpu-operator,nvidia-dcgm-exporter-xq25l,openshift-monitoring/k8s,nvidia-dcgm-exporter,0.0,,,
2024-05-21 17:29:13.667999983,NVIDIA,6.16,G506.0210.00.03,2.0,1652523004560,92.00.45.00.05,535.104.05,12.535.104.05,fmaas-devstage-backen-9cjgj-worker-a100-il-rdma-3-jx6tm,GPU-fae4890e-cca3-f53f-3743-ba11e6e50022,DCGM_FI_DEV_DEC_UTIL,nvidia-dcgm-exporter,nvidia3,gpu-metrics,3,192.241.129.18:9400,nvidia-dcgm-exporter,NVIDIA A100-SXM4-80GB,nvidia-gpu-operator,nvidia-dcgm-exporter-xq25l,openshift-monitoring/k8s,nvidia-dcgm-exporter,0.0,,,
2024-05-21 17:29:43.667999983,NVIDIA,6.16,G506.0210.00.03,2.0,1652523004560,92.00.45.00.05,535.104.05,12.535.104.05,fmaas-devstage-backen-9cjgj-worker-a100-il-rdma-3-jx6tm,GPU-fae4890e-cca3-f53f-3743-ba11e6e50022,DCGM_FI_DEV_DEC_UTIL,nvidia-dcgm-exporter,nvidia3,gpu-metrics,3,192.241.129.18:9400,nvidia-dcgm-exporter,NVIDIA A100-SXM4-80GB,nvidia-gpu-operator,nvidia-dcgm-exporter-xq25l,openshift-monitoring/k8s,nvidia-dcgm-exporter,0.0,,,
2024-05-21 17:30:13.667999983,NVIDIA,6.16,G506.0210.00.03,2.0,1652523004560,92.00.45.00.05,535.104.05,12.535.104.05,fmaas-devstage-backen-9cjgj-worker-a100-il-rdma-3-jx6tm,GPU-fae4890e-cca3-f53f-3743-ba11e6e50022,DCGM_FI_DEV_DEC_UTIL,nvidia-dcgm-exporter,nvidia3,gpu-metrics,3,192.241.129.18:9400,nvidia-dcgm-exporter,NVIDIA A100-SXM4-80GB,nvidia-gpu-operator,nvidia-dcgm-exporter-xq25l,openshift-monitoring/k8s,nvidia-dcgm-exporter,0.0,,,
2024-05-21 17:30:43.667999983,NVIDIA,6.16,G506.0210.00.03,2.0,1652523004560,92.00.45.00.05,535.104.05,12.535.104.05,fmaas-devstage-backen-9cjgj-worker-a100-il-rdma-3-jx6tm,GPU-fae4890e-cca3-f53f-3743-ba11e6e50022,DCGM_FI_DEV_DEC_UTIL,nvidia-dcgm-exporter,nvidia3,gpu-metrics,3,192.241.129.18:9400,nvidia-dcgm-exporter,NVIDIA A100-SXM4-80GB,nvidia-gpu-operator,nvidia-dcgm-exporter-xq25l,openshift-monitoring/k8s,nvidia-dcgm-exporter,0.0,,,
2024-05-21 17:31:13.667999983,NVIDIA,6.16,G506.0210.00.03,2.0,1652523004560,92.00.45.00.05,535.104.05,12.535.104.05,fmaas-devstage-backen-9cjgj-worker-a100-il-rdma-3-jx6tm,GPU-fae4890e-cca3-f53f-3743-ba11e6e50022,DCGM_FI_DEV_DEC_UTIL,nvidia-dcgm-exporter,nvidia3,gpu-metrics,3,192.241.129.18:9400,nvidia-dcgm-exporter,NVIDIA A100-SXM4-80GB,nvidia-gpu-operator,nvidia-dcgm-exporter-xq25l,openshift-monitoring/k8s,nvidia-dcgm-exporter,0.0,,,
2024-05-21 17:31:43.667999983,NVIDIA,6.16,G506.0210.00.03,2.0,1652523004560,92.00.45.00.05,535.104.05,12.535.104.05,fmaas-devstage-backen-9cjgj-worker-a100-il-rdma-3-jx6tm,GPU-fae4890e-cca3-f53f-3743-ba11e6e50022,DCGM_FI_DEV_DEC_UTIL,nvidia-dcgm-exporter,nvidia3,gpu-metrics,3,192.241.129.18:9400,nvidia-dcgm-exporter,NVIDIA A100-SXM4-80GB,nvidia-gpu-operator,nvidia-dcgm-exporter-xq25l,openshift-monitoring/k8s,nvidia-dcgm-exporter,0.0,,,
2024-05-21 17:32:13.667999983,NVIDIA,6.16,G506.0210.00.03,2.0,1652523004560,92.00.45.00.05,535.104.05,12.535.104.05,fmaas-devstage-backen-9cjgj-worker-a100-il-rdma-3-jx6tm,GPU-fae4890e-cca3-f53f-3743-ba11e6e50022,DCGM_FI_DEV_DEC_UTIL,nvidia-dcgm-exporter,nvidia3,gpu-metrics,3,192.241.129.18:9400,nvidia-dcgm-exporter,NVIDIA A100-SXM4-80GB,nvidia-gpu-operator,nvidia-dcgm-exporter-xq25l,openshift-monitoring/k8s,nvidia-dcgm-exporter,0.0,,,
2024-05-21 17:32:43.667999983,NVIDIA,6.16,G506.0210.00.03,2.0,1652523004560,92.00.45.00.05,535.104.05,12.535.104.05,fmaas-devstage-backen-9cjgj-worker-a100-il-rdma-3-jx6tm,GPU-fae4890e-cca3-f53f-3743-ba11e6e50022,DCGM_FI_DEV_DEC_UTIL,nvidia-dcgm-exporter,nvidia3,gpu-metrics,3,192.241.129.18:9400,nvidia-dcgm-exporter,NVIDIA A100-SXM4-80GB,nvidia-gpu-operator,nvidia-dcgm-exporter-xq25l,openshift-monitoring/k8s,nvidia-dcgm-exporter,0.0,,,
2024-05-21 17:33:13.667999983,NVIDIA,6.16,G506.0210.00.03,2.0,1652523004560,92.00.45.00.05,535.104.05,12.535.104.05,fmaas-devstage-backen-9cjgj-worker-a100-il-rdma-3-jx6tm,GPU-fae4890e-cca3-f53f-3743-ba11e6e50022,DCGM_FI_DEV_DEC_UTIL,nvidia-dcgm-exporter,nvidia3,gpu-metrics,3,192.241.129.18:9400,nvidia-dcgm-exporter,NVIDIA A100-SXM4-80GB,nvidia-gpu-operator,nvidia-dcgm-exporter-xq25l,openshift-monitoring/k8s,nvidia-dcgm-exporter,0.0,,,
2024-05-21 17:33:43.667999983,NVIDIA,6.16,G506.0210.00.03,2.0,1652523004560,92.00.45.00.05,535.104.05,12.535.104.05,fmaas-devstage-backen-9cjgj-worker-a100-il-rdma-3-jx6tm,GPU-fae4890e-cca3-f53f-3743-ba11e6e50022,DCGM_FI_DEV_DEC_UTIL,nvidia-dcgm-exporter,nvidia3,gpu-metrics,3,192.241.129.18:9400,nvidia-dcgm-exporter,NVIDIA A100-SXM4-80GB,nvidia-gpu-operator,nvidia-dcgm-exporter-xq25l,openshift-monitoring/k8s,nvidia-dcgm-exporter,0.0,,,
2024-05-21 17:34:13.667999983,NVIDIA,6.16,G506.0210.00.03,2.0,1652523004560,92.00.45.00.05,535.104.05,12.535.104.05,fmaas-devstage-backen-9cjgj-worker-a100-il-rdma-3-jx6tm,GPU-fae4890e-cca3-f53f-3743-ba11e6e50022,DCGM_FI_DEV_DEC_UTIL,nvidia-dcgm-exporter,nvidia3,gpu-metrics,3,192.241.129.18:9400,nvidia-dcgm-exporter,NVIDIA A100-SXM4-80GB,nvidia-gpu-operator,nvidia-dcgm-exporter-xq25l,openshift-monitoring/k8s,nvidia-dcgm-exporter,0.0,,,
2024-05-21 17:34:43.667999983,NVIDIA,6.16,G506.0210.00.03,2.0,1652523004560,92.00.45.00.05,535.104.05,12.535.104.05,fmaas-devstage-backen-9cjgj-worker-a100-il-rdma-3-jx6tm,GPU-fae4890e-cca3-f53f-3743-ba11e6e50022,DCGM_FI_DEV_DEC_UTIL,nvidia-dcgm-exporter,nvidia3,gpu-metrics,3,192.241.129.18:9400,nvidia-dcgm-exporter,NVIDIA A100-SXM4-80GB,nvidia-gpu-operator,nvidia-dcgm-exporter-xq25l,openshift-monitoring/k8s,nvidia-dcgm-exporter,0.0,,,
2024-05-21 17:35:13.667999983,NVIDIA,6.16,G506.0210.00.03,2.0,1652523004560,92.00.45.00.05,535.104.05,12.535.104.05,fmaas-devstage-backen-9cjgj-worker-a100-il-rdma-3-jx6tm,GPU-fae4890e-cca3-f53f-3743-ba11e6e50022,DCGM_FI_DEV_DEC_UTIL,nvidia-dcgm-exporter,nvidia3,gpu-metrics,3,192.241.129.18:9400,nvidia-dcgm-exporter,NVIDIA A100-SXM4-80GB,nvidia-gpu-operator,nvidia-dcgm-exporter-xq25l,openshift-monitoring/k8s,nvidia-dcgm-exporter,0.0,,,
2024-05-21 17:35:43.667999983,NVIDIA,6.16,G506.0210.00.03,2.0,1652523004560,92.00.45.00.05,535.104.05,12.535.104.05,fmaas-devstage-backen-9cjgj-worker-a100-il-rdma-3-jx6tm,GPU-fae4890e-cca3-f53f-3743-ba11e6e50022,DCGM_FI_DEV_DEC_UTIL,nvidia-dcgm-exporter,nvidia3,gpu-metrics,3,192.241.129.18:9400,nvidia-dcgm-exporter,NVIDIA A100-SXM4-80GB,nvidia-gpu-operator,nvidia-dcgm-exporter-xq25l,openshift-monitoring/k8s,nvidia-dcgm-exporter,0.0,,,
2024-05-21 17:26:00.772000074,NVIDIA,6.16,G506.0210.00.03,2.0,1652523004804,92.00.45.00.05,535.104.05,12.535.104.05,fmaas-devstage-backen-9cjgj-worker-a100-il-rdma-3-jx6tm,GPU-6813d4a5-a19a-6a1f-b0ae-7d70939dc17d,DCGM_FI_DEV_DEC_UTIL,nvidia-dcgm-exporter,nvidia5,gpu-metrics,5,192.241.129.18:9400,nvidia-dcgm-exporter,NVIDIA A100-SXM4-80GB,nvidia-gpu-operator,nvidia-dcgm-exporter-xq25l,openshift-monitoring/k8s,nvidia-dcgm-exporter,0.0,,,
2024-05-21 17:26:13.667999983,NVIDIA,6.16,G506.0210.00.03,2.0,1652523004804,92.00.45.00.05,535.104.05,12.535.104.05,fmaas-devstage-backen-9cjgj-worker-a100-il-rdma-3-jx6tm,GPU-6813d4a5-a19a-6a1f-b0ae-7d70939dc17d,DCGM_FI_DEV_DEC_UTIL,nvidia-dcgm-exporter,nvidia5,gpu-metrics,5,192.241.129.18:9400,nvidia-dcgm-exporter,NVIDIA A100-SXM4-80GB,nvidia-gpu-operator,nvidia-dcgm-exporter-xq25l,openshift-monitoring/k8s,nvidia-dcgm-exporter,0.0,,,
2024-05-21 17:26:43.667999983,NVIDIA,6.16,G506.0210.00.03,2.0,1652523004804,92.00.45.00.05,535.104.05,12.535.104.05,fmaas-devstage-backen-9cjgj-worker-a100-il-rdma-3-jx6tm,GPU-6813d4a5-a19a-6a1f-b0ae-7d70939dc17d,DCGM_FI_DEV_DEC_UTIL,nvidia-dcgm-exporter,nvidia5,gpu-metrics,5,192.241.129.18:9400,nvidia-dcgm-exporter,NVIDIA A100-SXM4-80GB,nvidia-gpu-operator,nvidia-dcgm-exporter-xq25l,openshift-monitoring/k8s,nvidia-dcgm-exporter,0.0,,,
2024-05-21 17:27:13.667999983,NVIDIA,6.16,G506.0210.00.03,2.0,1652523004804,92.00.45.00.05,535.104.05,12.535.104.05,fmaas-devstage-backen-9cjgj-worker-a100-il-rdma-3-jx6tm,GPU-6813d4a5-a19a-6a1f-b0ae-7d70939dc17d,DCGM_FI_DEV_DEC_UTIL,nvidia-dcgm-exporter,nvidia5,gpu-metrics,5,192.241.129.18:9400,nvidia-dcgm-exporter,NVIDIA A100-SXM4-80GB,nvidia-gpu-operator,nvidia-dcgm-exporter-xq25l,openshift-monitoring/k8s,nvidia-dcgm-exporter,0.0,,,
2024-05-21 17:27:43.667999983,NVIDIA,6.16,G506.0210.00.03,2.0,1652523004804,92.00.45.00.05,535.104.05,12.535.104.05,fmaas-devstage-backen-9cjgj-worker-a100-il-rdma-3-jx6tm,GPU-6813d4a5-a19a-6a1f-b0ae-7d70939dc17d,DCGM_FI_DEV_DEC_UTIL,nvidia-dcgm-exporter,nvidia5,gpu-metrics,5,192.241.129.18:9400,nvidia-dcgm-exporter,NVIDIA A100-SXM4-80GB,nvidia-gpu-operator,nvidia-dcgm-exporter-xq25l,openshift-monitoring/k8s,nvidia-dcgm-exporter,0.0,,,
2024-05-21 17:28:13.667999983,NVIDIA,6.16,G506.0210.00.03,2.0,1652523004804,92.00.45.00.05,535.104.05,12.535.104.05,fmaas-devstage-backen-9cjgj-worker-a100-il-rdma-3-jx6tm,GPU-6813d4a5-a19a-6a1f-b0ae-7d70939dc17d,DCGM_FI_DEV_DEC_UTIL,nvidia-dcgm-exporter,nvidia5,gpu-metrics,5,192.241.129.18:9400,nvidia-dcgm-exporter,NVIDIA A100-SXM4-80GB,nvidia-gpu-operator,nvidia-dcgm-exporter-xq25l,openshift-monitoring/k8s,nvidia-dcgm-exporter,0.0,,,
2024-05-21 17:28:43.667999983,NVIDIA,6.16,G506.0210.00.03,2.0,1652523004804,92.00.45.00.05,535.104.05,12.535.104.05,fmaas-devstage-backen-9cjgj-worker-a100-il-rdma-3-jx6tm,GPU-6813d4a5-a19a-6a1f-b0ae-7d70939dc17d,DCGM_FI_DEV_DEC_UTIL,nvidia-dcgm-exporter,nvidia5,gpu-metrics,5,192.241.129.18:9400,nvidia-dcgm-exporter,NVIDIA A100-SXM4-80GB,nvidia-gpu-operator,nvidia-dcgm-exporter-xq25l,openshift-monitoring/k8s,nvidia-dcgm-exporter,0.0,,,
2024-05-21 17:29:13.667999983,NVIDIA,6.16,G506.0210.00.03,2.0,1652523004804,92.00.45.00.05,535.104.05,12.535.104.05,fmaas-devstage-backen-9cjgj-worker-a100-il-rdma-3-jx6tm,GPU-6813d4a5-a19a-6a1f-b0ae-7d70939dc17d,DCGM_FI_DEV_DEC_UTIL,nvidia-dcgm-exporter,nvidia5,gpu-metrics,5,192.241.129.18:9400,nvidia-dcgm-exporter,NVIDIA A100-SXM4-80GB,nvidia-gpu-operator,nvidia-dcgm-exporter-xq25l,openshift-monitoring/k8s,nvidia-dcgm-exporter,0.0,,,
2024-05-21 17:29:43.667999983,NVIDIA,6.16,G506.0210.00.03,2.0,1652523004804,92.00.45.00.05,535.104.05,12.535.104.05,fmaas-devstage-backen-9cjgj-worker-a100-il-rdma-3-jx6tm,GPU-6813d4a5-a19a-6a1f-b0ae-7d70939dc17d,DCGM_FI_DEV_DEC_UTIL,nvidia-dcgm-exporter,nvidia5,gpu-metrics,5,192.241.129.18:9400,nvidia-dcgm-exporter,NVIDIA A100-SXM4-80GB,nvidia-gpu-operator,nvidia-dcgm-exporter-xq25l,openshift-monitoring/k8s,nvidia-dcgm-exporter,0.0,,,
2024-05-21 17:30:13.667999983,NVIDIA,6.16,G506.0210.00.03,2.0,1652523004804,92.00.45.00.05,535.104.05,12.535.104.05,fmaas-devstage-backen-9cjgj-worker-a100-il-rdma-3-jx6tm,GPU-6813d4a5-a19a-6a1f-b0ae-7d70939dc17d,DCGM_FI_DEV_DEC_UTIL,nvidia-dcgm-exporter,nvidia5,gpu-metrics,5,192.241.129.18:9400,nvidia-dcgm-exporter,NVIDIA A100-SXM4-80GB,nvidia-gpu-operator,nvidia-dcgm-exporter-xq25l,openshift-monitoring/k8s,nvidia-dcgm-exporter,0.0,,,
2024-05-21 17:30:43.667999983,NVIDIA,6.16,G506.0210.00.03,2.0,1652523004804,92.00.45.00.05,535.104.05,12.535.104.05,fmaas-devstage-backen-9cjgj-worker-a100-il-rdma-3-jx6tm,GPU-6813d4a5-a19a-6a1f-b0ae-7d70939dc17d,DCGM_FI_DEV_DEC_UTIL,nvidia-dcgm-exporter,nvidia5,gpu-metrics,5,192.241.129.18:9400,nvidia-dcgm-exporter,NVIDIA A100-SXM4-80GB,nvidia-gpu-operator,nvidia-dcgm-exporter-xq25l,openshift-monitoring/k8s,nvidia-dcgm-exporter,0.0,,,
2024-05-21 17:31:13.667999983,NVIDIA,6.16,G506.0210.00.03,2.0,1652523004804,92.00.45.00.05,535.104.05,12.535.104.05,fmaas-devstage-backen-9cjgj-worker-a100-il-rdma-3-jx6tm,GPU-6813d4a5-a19a-6a1f-b0ae-7d70939dc17d,DCGM_FI_DEV_DEC_UTIL,nvidia-dcgm-exporter,nvidia5,gpu-metrics,5,192.241.129.18:9400,nvidia-dcgm-exporter,NVIDIA A100-SXM4-80GB,nvidia-gpu-operator,nvidia-dcgm-exporter-xq25l,openshift-monitoring/k8s,nvidia-dcgm-exporter,0.0,,,
2024-05-21 17:31:43.667999983,NVIDIA,6.16,G506.0210.00.03,2.0,1652523004804,92.00.45.00.05,535.104.05,12.535.104.05,fmaas-devstage-backen-9cjgj-worker-a100-il-rdma-3-jx6tm,GPU-6813d4a5-a19a-6a1f-b0ae-7d70939dc17d,DCGM_FI_DEV_DEC_UTIL,nvidia-dcgm-exporter,nvidia5,gpu-metrics,5,192.241.129.18:9400,nvidia-dcgm-exporter,NVIDIA A100-SXM4-80GB,nvidia-gpu-operator,nvidia-dcgm-exporter-xq25l,openshift-monitoring/k8s,nvidia-dcgm-exporter,0.0,,,
2024-05-21 17:32:13.667999983,NVIDIA,6.16,G506.0210.00.03,2.0,1652523004804,92.00.45.00.05,535.104.05,12.535.104.05,fmaas-devstage-backen-9cjgj-worker-a100-il-rdma-3-jx6tm,GPU-6813d4a5-a19a-6a1f-b0ae-7d70939dc17d,DCGM_FI_DEV_DEC_UTIL,nvidia-dcgm-exporter,nvidia5,gpu-metrics,5,192.241.129.18:9400,nvidia-dcgm-exporter,NVIDIA A100-SXM4-80GB,nvidia-gpu-operator,nvidia-dcgm-exporter-xq25l,openshift-monitoring/k8s,nvidia-dcgm-exporter,0.0,,,
2024-05-21 17:32:43.667999983,NVIDIA,6.16,G506.0210.00.03,2.0,1652523004804,92.00.45.00.05,535.104.05,12.535.104.05,fmaas-devstage-backen-9cjgj-worker-a100-il-rdma-3-jx6tm,GPU-6813d4a5-a19a-6a1f-b0ae-7d70939dc17d,DCGM_FI_DEV_DEC_UTIL,nvidia-dcgm-exporter,nvidia5,gpu-metrics,5,192.241.129.18:9400,nvidia-dcgm-exporter,NVIDIA A100-SXM4-80GB,nvidia-gpu-operator,nvidia-dcgm-exporter-xq25l,openshift-monitoring/k8s,nvidia-dcgm-exporter,0.0,,,
2024-05-21 17:33:13.667999983,NVIDIA,6.16,G506.0210.00.03,2.0,1652523004804,92.00.45.00.05,535.104.05,12.535.104.05,fmaas-devstage-backen-9cjgj-worker-a100-il-rdma-3-jx6tm,GPU-6813d4a5-a19a-6a1f-b0ae-7d70939dc17d,DCGM_FI_DEV_DEC_UTIL,nvidia-dcgm-exporter,nvidia5,gpu-metrics,5,192.241.129.18:9400,nvidia-dcgm-exporter,NVIDIA A100-SXM4-80GB,nvidia-gpu-operator,nvidia-dcgm-exporter-xq25l,openshift-monitoring/k8s,nvidia-dcgm-exporter,0.0,,,
2024-05-21 17:33:43.667999983,NVIDIA,6.16,G506.0210.00.03,2.0,1652523004804,92.00.45.00.05,535.104.05,12.535.104.05,fmaas-devstage-backen-9cjgj-worker-a100-il-rdma-3-jx6tm,GPU-6813d4a5-a19a-6a1f-b0ae-7d70939dc17d,DCGM_FI_DEV_DEC_UTIL,nvidia-dcgm-exporter,nvidia5,gpu-metrics,5,192.241.129.18:9400,nvidia-dcgm-exporter,NVIDIA A100-SXM4-80GB,nvidia-gpu-operator,nvidia-dcgm-exporter-xq25l,openshift-monitoring/k8s,nvidia-dcgm-exporter,0.0,,,
2024-05-21 17:34:13.667999983,NVIDIA,6.16,G506.0210.00.03,2.0,1652523004804,92.00.45.00.05,535.104.05,12.535.104.05,fmaas-devstage-backen-9cjgj-worker-a100-il-rdma-3-jx6tm,GPU-6813d4a5-a19a-6a1f-b0ae-7d70939dc17d,DCGM_FI_DEV_DEC_UTIL,nvidia-dcgm-exporter,nvidia5,gpu-metrics,5,192.241.129.18:9400,nvidia-dcgm-exporter,NVIDIA A100-SXM4-80GB,nvidia-gpu-operator,nvidia-dcgm-exporter-xq25l,openshift-monitoring/k8s,nvidia-dcgm-exporter,0.0,,,
2024-05-21 17:34:43.667999983,NVIDIA,6.16,G506.0210.00.03,2.0,1652523004804,92.00.45.00.05,535.104.05,12.535.104.05,fmaas-devstage-backen-9cjgj-worker-a100-il-rdma-3-jx6tm,GPU-6813d4a5-a19a-6a1f-b0ae-7d70939dc17d,DCGM_FI_DEV_DEC_UTIL,nvidia-dcgm-exporter,nvidia5,gpu-metrics,5,192.241.129.18:9400,nvidia-dcgm-exporter,NVIDIA A100-SXM4-80GB,nvidia-gpu-operator,nvidia-dcgm-exporter-xq25l,openshift-monitoring/k8s,nvidia-dcgm-exporter,0.0,,,
2024-05-21 17:35:13.667999983,NVIDIA,6.16,G506.0210.00.03,2.0,1652523004804,92.00.45.00.05,535.104.05,12.535.104.05,fmaas-devstage-backen-9cjgj-worker-a100-il-rdma-3-jx6tm,GPU-6813d4a5-a19a-6a1f-b0ae-7d70939dc17d,DCGM_FI_DEV_DEC_UTIL,nvidia-dcgm-exporter,nvidia5,gpu-metrics,5,192.241.129.18:9400,nvidia-dcgm-exporter,NVIDIA A100-SXM4-80GB,nvidia-gpu-operator,nvidia-dcgm-exporter-xq25l,openshift-monitoring/k8s,nvidia-dcgm-exporter,0.0,,,
2024-05-21 17:35:43.667999983,NVIDIA,6.16,G506.0210.00.03,2.0,1652523004804,92.00.45.00.05,535.104.05,12.535.104.05,fmaas-devstage-backen-9cjgj-worker-a100-il-rdma-3-jx6tm,GPU-6813d4a5-a19a-6a1f-b0ae-7d70939dc17d,DCGM_FI_DEV_DEC_UTIL,nvidia-dcgm-exporter,nvidia5,gpu-metrics,5,192.241.129.18:9400,nvidia-dcgm-exporter,NVIDIA A100-SXM4-80GB,nvidia-gpu-operator,nvidia-dcgm-exporter-xq25l,openshift-monitoring/k8s,nvidia-dcgm-exporter,0.0,,,
2024-05-21 17:26:00.772000074,NVIDIA,6.16,G506.0210.00.03,2.0,1652523021837,92.00.45.00.05,535.104.05,12.535.104.05,fmaas-devstage-backen-9cjgj-worker-a100-il-rdma-3-jx6tm,GPU-b30541a1-5408-9bb3-d9fa-12665d1e7472,DCGM_FI_DEV_DEC_UTIL,nvidia-dcgm-exporter,nvidia4,gpu-metrics,4,192.241.129.18:9400,nvidia-dcgm-exporter,NVIDIA A100-SXM4-80GB,nvidia-gpu-operator,nvidia-dcgm-exporter-xq25l,openshift-monitoring/k8s,nvidia-dcgm-exporter,0.0,,,
2024-05-21 17:26:13.667999983,NVIDIA,6.16,G506.0210.00.03,2.0,1652523021837,92.00.45.00.05,535.104.05,12.535.104.05,fmaas-devstage-backen-9cjgj-worker-a100-il-rdma-3-jx6tm,GPU-b30541a1-5408-9bb3-d9fa-12665d1e7472,DCGM_FI_DEV_DEC_UTIL,nvidia-dcgm-exporter,nvidia4,gpu-metrics,4,192.241.129.18:9400,nvidia-dcgm-exporter,NVIDIA A100-SXM4-80GB,nvidia-gpu-operator,nvidia-dcgm-exporter-xq25l,openshift-monitoring/k8s,nvidia-dcgm-exporter,0.0,,,
2024-05-21 17:26:43.667999983,NVIDIA,6.16,G506.0210.00.03,2.0,1652523021837,92.00.45.00.05,535.104.05,12.535.104.05,fmaas-devstage-backen-9cjgj-worker-a100-il-rdma-3-jx6tm,GPU-b30541a1-5408-9bb3-d9fa-12665d1e7472,DCGM_FI_DEV_DEC_UTIL,nvidia-dcgm-exporter,nvidia4,gpu-metrics,4,192.241.129.18:9400,nvidia-dcgm-exporter,NVIDIA A100-SXM4-80GB,nvidia-gpu-operator,nvidia-dcgm-exporter-xq25l,openshift-monitoring/k8s,nvidia-dcgm-exporter,0.0,,,
2024-05-21 17:27:13.667999983,NVIDIA,6.16,G506.0210.00.03,2.0,1652523021837,92.00.45.00.05,535.104.05,12.535.104.05,fmaas-devstage-backen-9cjgj-worker-a100-il-rdma-3-jx6tm,GPU-b30541a1-5408-9bb3-d9fa-12665d1e7472,DCGM_FI_DEV_DEC_UTIL,nvidia-dcgm-exporter,nvidia4,gpu-metrics,4,192.241.129.18:9400,nvidia-dcgm-exporter,NVIDIA A100-SXM4-80GB,nvidia-gpu-operator,nvidia-dcgm-exporter-xq25l,openshift-monitoring/k8s,nvidia-dcgm-exporter,0.0,,,
2024-05-21 17:27:43.667999983,NVIDIA,6.16,G506.0210.00.03,2.0,1652523021837,92.00.45.00.05,535.104.05,12.535.104.05,fmaas-devstage-backen-9cjgj-worker-a100-il-rdma-3-jx6tm,GPU-b30541a1-5408-9bb3-d9fa-12665d1e7472,DCGM_FI_DEV_DEC_UTIL,nvidia-dcgm-exporter,nvidia4,gpu-metrics,4,192.241.129.18:9400,nvidia-dcgm-exporter,NVIDIA A100-SXM4-80GB,nvidia-gpu-operator,nvidia-dcgm-exporter-xq25l,openshift-monitoring/k8s,nvidia-dcgm-exporter,0.0,,,
2024-05-21 17:28:13.667999983,NVIDIA,6.16,G506.0210.00.03,2.0,1652523021837,92.00.45.00.05,535.104.05,12.535.104.05,fmaas-devstage-backen-9cjgj-worker-a100-il-rdma-3-jx6tm,GPU-b30541a1-5408-9bb3-d9fa-12665d1e7472,DCGM_FI_DEV_DEC_UTIL,nvidia-dcgm-exporter,nvidia4,gpu-metrics,4,192.241.129.18:9400,nvidia-dcgm-exporter,NVIDIA A100-SXM4-80GB,nvidia-gpu-operator,nvidia-dcgm-exporter-xq25l,openshift-monitoring/k8s,nvidia-dcgm-exporter,0.0,,,
2024-05-21 17:28:43.667999983,NVIDIA,6.16,G506.0210.00.03,2.0,1652523021837,92.00.45.00.05,535.104.05,12.535.104.05,fmaas-devstage-backen-9cjgj-worker-a100-il-rdma-3-jx6tm,GPU-b30541a1-5408-9bb3-d9fa-12665d1e7472,DCGM_FI_DEV_DEC_UTIL,nvidia-dcgm-exporter,nvidia4,gpu-metrics,4,192.241.129.18:9400,nvidia-dcgm-exporter,NVIDIA A100-SXM4-80GB,nvidia-gpu-operator,nvidia-dcgm-exporter-xq25l,openshift-monitoring/k8s,nvidia-dcgm-exporter,0.0,,,
2024-05-21 17:29:13.667999983,NVIDIA,6.16,G506.0210.00.03,2.0,1652523021837,92.00.45.00.05,535.104.05,12.535.104.05,fmaas-devstage-backen-9cjgj-worker-a100-il-rdma-3-jx6tm,GPU-b30541a1-5408-9bb3-d9fa-12665d1e7472,DCGM_FI_DEV_DEC_UTIL,nvidia-dcgm-exporter,nvidia4,gpu-metrics,4,192.241.129.18:9400,nvidia-dcgm-exporter,NVIDIA A100-SXM4-80GB,nvidia-gpu-operator,nvidia-dcgm-exporter-xq25l,openshift-monitoring/k8s,nvidia-dcgm-exporter,0.0,,,
2024-05-21 17:29:43.667999983,NVIDIA,6.16,G506.0210.00.03,2.0,1652523021837,92.00.45.00.05,535.104.05,12.535.104.05,fmaas-devstage-backen-9cjgj-worker-a100-il-rdma-3-jx6tm,GPU-b30541a1-5408-9bb3-d9fa-12665d1e7472,DCGM_FI_DEV_DEC_UTIL,nvidia-dcgm-exporter,nvidia4,gpu-metrics,4,192.241.129.18:9400,nvidia-dcgm-exporter,NVIDIA A100-SXM4-80GB,nvidia-gpu-operator,nvidia-dcgm-exporter-xq25l,openshift-monitoring/k8s,nvidia-dcgm-exporter,0.0,,,
2024-05-21 17:30:13.667999983,NVIDIA,6.16,G506.0210.00.03,2.0,1652523021837,92.00.45.00.05,535.104.05,12.535.104.05,fmaas-devstage-backen-9cjgj-worker-a100-il-rdma-3-jx6tm,GPU-b30541a1-5408-9bb3-d9fa-12665d1e7472,DCGM_FI_DEV_DEC_UTIL,nvidia-dcgm-exporter,nvidia4,gpu-metrics,4,192.241.129.18:9400,nvidia-dcgm-exporter,NVIDIA A100-SXM4-80GB,nvidia-gpu-operator,nvidia-dcgm-exporter-xq25l,openshift-monitoring/k8s,nvidia-dcgm-exporter,0.0,,,
2024-05-21 17:30:43.667999983,NVIDIA,6.16,G506.0210.00.03,2.0,1652523021837,92.00.45.00.05,535.104.05,12.535.104.05,fmaas-devstage-backen-9cjgj-worker-a100-il-rdma-3-jx6tm,GPU-b30541a1-5408-9bb3-d9fa-12665d1e7472,DCGM_FI_DEV_DEC_UTIL,nvidia-dcgm-exporter,nvidia4,gpu-metrics,4,192.241.129.18:9400,nvidia-dcgm-exporter,NVIDIA A100-SXM4-80GB,nvidia-gpu-operator,nvidia-dcgm-exporter-xq25l,openshift-monitoring/k8s,nvidia-dcgm-exporter,0.0,,,
2024-05-21 17:31:13.667999983,NVIDIA,6.16,G506.0210.00.03,2.0,1652523021837,92.00.45.00.05,535.104.05,12.535.104.05,fmaas-devstage-backen-9cjgj-worker-a100-il-rdma-3-jx6tm,GPU-b30541a1-5408-9bb3-d9fa-12665d1e7472,DCGM_FI_DEV_DEC_UTIL,nvidia-dcgm-exporter,nvidia4,gpu-metrics,4,192.241.129.18:9400,nvidia-dcgm-exporter,NVIDIA A100-SXM4-80GB,nvidia-gpu-operator,nvidia-dcgm-exporter-xq25l,openshift-monitoring/k8s,nvidia-dcgm-exporter,0.0,,,
2024-05-21 17:31:43.667999983,NVIDIA,6.16,G506.0210.00.03,2.0,1652523021837,92.00.45.00.05,535.104.05,12.535.104.05,fmaas-devstage-backen-9cjgj-worker-a100-il-rdma-3-jx6tm,GPU-b30541a1-5408-9bb3-d9fa-12665d1e7472,DCGM_FI_DEV_DEC_UTIL,nvidia-dcgm-exporter,nvidia4,gpu-metrics,4,192.241.129.18:9400,nvidia-dcgm-exporter,NVIDIA A100-SXM4-80GB,nvidia-gpu-operator,nvidia-dcgm-exporter-xq25l,openshift-monitoring/k8s,nvidia-dcgm-exporter,0.0,,,
2024-05-21 17:32:13.667999983,NVIDIA,6.16,G506.0210.00.03,2.0,1652523021837,92.00.45.00.05,535.104.05,12.535.104.05,fmaas-devstage-backen-9cjgj-worker-a100-il-rdma-3-jx6tm,GPU-b30541a1-5408-9bb3-d9fa-12665d1e7472,DCGM_FI_DEV_DEC_UTIL,nvidia-dcgm-exporter,nvidia4,gpu-metrics,4,192.241.129.18:9400,nvidia-dcgm-exporter,NVIDIA A100-SXM4-80GB,nvidia-gpu-operator,nvidia-dcgm-exporter-xq25l,openshift-monitoring/k8s,nvidia-dcgm-exporter,0.0,,,
2024-05-21 17:32:43.667999983,NVIDIA,6.16,G506.0210.00.03,2.0,1652523021837,92.00.45.00.05,535.104.05,12.535.104.05,fmaas-devstage-backen-9cjgj-worker-a100-il-rdma-3-jx6tm,GPU-b30541a1-5408-9bb3-d9fa-12665d1e7472,DCGM_FI_DEV_DEC_UTIL,nvidia-dcgm-exporter,nvidia4,gpu-metrics,4,192.241.129.18:9400,nvidia-dcgm-exporter,NVIDIA A100-SXM4-80GB,nvidia-gpu-operator,nvidia-dcgm-exporter-xq25l,openshift-monitoring/k8s,nvidia-dcgm-exporter,0.0,,,
2024-05-21 17:33:13.667999983,NVIDIA,6.16,G506.0210.00.03,2.0,1652523021837,92.00.45.00.05,535.104.05,12.535.104.05,fmaas-devstage-backen-9cjgj-worker-a100-il-rdma-3-jx6tm,GPU-b30541a1-5408-9bb3-d9fa-12665d1e7472,DCGM_FI_DEV_DEC_UTIL,nvidia-dcgm-exporter,nvidia4,gpu-metrics,4,192.241.129.18:9400,nvidia-dcgm-exporter,NVIDIA A100-SXM4-80GB,nvidia-gpu-operator,nvidia-dcgm-exporter-xq25l,openshift-monitoring/k8s,nvidia-dcgm-exporter,0.0,,,
2024-05-21 17:33:43.667999983,NVIDIA,6.16,G506.0210.00.03,2.0,1652523021837,92.00.45.00.05,535.104.05,12.535.104.05,fmaas-devstage-backen-9cjgj-worker-a100-il-rdma-3-jx6tm,GPU-b30541a1-5408-9bb3-d9fa-12665d1e7472,DCGM_FI_DEV_DEC_UTIL,nvidia-dcgm-exporter,nvidia4,gpu-metrics,4,192.241.129.18:9400,nvidia-dcgm-exporter,NVIDIA A100-SXM4-80GB,nvidia-gpu-operator,nvidia-dcgm-exporter-xq25l,openshift-monitoring/k8s,nvidia-dcgm-exporter,0.0,,,
2024-05-21 17:34:13.667999983,NVIDIA,6.16,G506.0210.00.03,2.0,1652523021837,92.00.45.00.05,535.104.05,12.535.104.05,fmaas-devstage-backen-9cjgj-worker-a100-il-rdma-3-jx6tm,GPU-b30541a1-5408-9bb3-d9fa-12665d1e7472,DCGM_FI_DEV_DEC_UTIL,nvidia-dcgm-exporter,nvidia4,gpu-metrics,4,192.241.129.18:9400,nvidia-dcgm-exporter,NVIDIA A100-SXM4-80GB,nvidia-gpu-operator,nvidia-dcgm-exporter-xq25l,openshift-monitoring/k8s,nvidia-dcgm-exporter,0.0,,,
2024-05-21 17:34:43.667999983,NVIDIA,6.16,G506.0210.00.03,2.0,1652523021837,92.00.45.00.05,535.104.05,12.535.104.05,fmaas-devstage-backen-9cjgj-worker-a100-il-rdma-3-jx6tm,GPU-b30541a1-5408-9bb3-d9fa-12665d1e7472,DCGM_FI_DEV_DEC_UTIL,nvidia-dcgm-exporter,nvidia4,gpu-metrics,4,192.241.129.18:9400,nvidia-dcgm-exporter,NVIDIA A100-SXM4-80GB,nvidia-gpu-operator,nvidia-dcgm-exporter-xq25l,openshift-monitoring/k8s,nvidia-dcgm-exporter,0.0,,,
2024-05-21 17:35:13.667999983,NVIDIA,6.16,G506.0210.00.03,2.0,1652523021837,92.00.45.00.05,535.104.05,12.535.104.05,fmaas-devstage-backen-9cjgj-worker-a100-il-rdma-3-jx6tm,GPU-b30541a1-5408-9bb3-d9fa-12665d1e7472,DCGM_FI_DEV_DEC_UTIL,nvidia-dcgm-exporter,nvidia4,gpu-metrics,4,192.241.129.18:9400,nvidia-dcgm-exporter,NVIDIA A100-SXM4-80GB,nvidia-gpu-operator,nvidia-dcgm-exporter-xq25l,openshift-monitoring/k8s,nvidia-dcgm-exporter,0.0,,,
2024-05-21 17:35:43.667999983,NVIDIA,6.16,G506.0210.00.03,2.0,1652523021837,92.00.45.00.05,535.104.05,12.535.104.05,fmaas-devstage-backen-9cjgj-worker-a100-il-rdma-3-jx6tm,GPU-b30541a1-5408-9bb3-d9fa-12665d1e7472,DCGM_FI_DEV_DEC_UTIL,nvidia-dcgm-exporter,nvidia4,gpu-metrics,4,192.241.129.18:9400,nvidia-dcgm-exporter,NVIDIA A100-SXM4-80GB,nvidia-gpu-operator,nvidia-dcgm-exporter-xq25l,openshift-monitoring/k8s,nvidia-dcgm-exporter,0.0,,,
2024-05-21 17:26:00.772000074,NVIDIA,6.16,G506.0210.00.03,2.0,1652523023451,92.00.45.00.05,535.104.05,12.535.104.05,fmaas-devstage-backen-9cjgj-worker-a100-il-rdma-3-jx6tm,GPU-5a7be2c2-efcc-3083-73b1-eee12a966584,DCGM_FI_DEV_DEC_UTIL,nvidia-dcgm-exporter,nvidia0,gpu-metrics,0,192.241.129.18:9400,nvidia-dcgm-exporter,NVIDIA A100-SXM4-80GB,nvidia-gpu-operator,nvidia-dcgm-exporter-xq25l,openshift-monitoring/k8s,nvidia-dcgm-exporter,0.0,,,
2024-05-21 17:26:13.667999983,NVIDIA,6.16,G506.0210.00.03,2.0,1652523023451,92.00.45.00.05,535.104.05,12.535.104.05,fmaas-devstage-backen-9cjgj-worker-a100-il-rdma-3-jx6tm,GPU-5a7be2c2-efcc-3083-73b1-eee12a966584,DCGM_FI_DEV_DEC_UTIL,nvidia-dcgm-exporter,nvidia0,gpu-metrics,0,192.241.129.18:9400,nvidia-dcgm-exporter,NVIDIA A100-SXM4-80GB,nvidia-gpu-operator,nvidia-dcgm-exporter-xq25l,openshift-monitoring/k8s,nvidia-dcgm-exporter,0.0,,,
2024-05-21 17:26:43.667999983,NVIDIA,6.16,G506.0210.00.03,2.0,1652523023451,92.00.45.00.05,535.104.05,12.535.104.05,fmaas-devstage-backen-9cjgj-worker-a100-il-rdma-3-jx6tm,GPU-5a7be2c2-efcc-3083-73b1-eee12a966584,DCGM_FI_DEV_DEC_UTIL,nvidia-dcgm-exporter,nvidia0,gpu-metrics,0,192.241.129.18:9400,nvidia-dcgm-exporter,NVIDIA A100-SXM4-80GB,nvidia-gpu-operator,nvidia-dcgm-exporter-xq25l,openshift-monitoring/k8s,nvidia-dcgm-exporter,0.0,,,
2024-05-21 17:27:13.667999983,NVIDIA,6.16,G506.0210.00.03,2.0,1652523023451,92.00.45.00.05,535.104.05,12.535.104.05,fmaas-devstage-backen-9cjgj-worker-a100-il-rdma-3-jx6tm,GPU-5a7be2c2-efcc-3083-73b1-eee12a966584,DCGM_FI_DEV_DEC_UTIL,nvidia-dcgm-exporter,nvidia0,gpu-metrics,0,192.241.129.18:9400,nvidia-dcgm-exporter,NVIDIA A100-SXM4-80GB,nvidia-gpu-operator,nvidia-dcgm-exporter-xq25l,openshift-monitoring/k8s,nvidia-dcgm-exporter,0.0,,,
2024-05-21 17:27:43.667999983,NVIDIA,6.16,G506.0210.00.03,2.0,1652523023451,92.00.45.00.05,535.104.05,12.535.104.05,fmaas-devstage-backen-9cjgj-worker-a100-il-rdma-3-jx6tm,GPU-5a7be2c2-efcc-3083-73b1-eee12a966584,DCGM_FI_DEV_DEC_UTIL,nvidia-dcgm-exporter,nvidia0,gpu-metrics,0,192.241.129.18:9400,nvidia-dcgm-exporter,NVIDIA A100-SXM4-80GB,nvidia-gpu-operator,nvidia-dcgm-exporter-xq25l,openshift-monitoring/k8s,nvidia-dcgm-exporter,0.0,,,
2024-05-21 17:28:13.667999983,NVIDIA,6.16,G506.0210.00.03,2.0,1652523023451,92.00.45.00.05,535.104.05,12.535.104.05,fmaas-devstage-backen-9cjgj-worker-a100-il-rdma-3-jx6tm,GPU-5a7be2c2-efcc-3083-73b1-eee12a966584,DCGM_FI_DEV_DEC_UTIL,nvidia-dcgm-exporter,nvidia0,gpu-metrics,0,192.241.129.18:9400,nvidia-dcgm-exporter,NVIDIA A100-SXM4-80GB,nvidia-gpu-operator,nvidia-dcgm-exporter-xq25l,openshift-monitoring/k8s,nvidia-dcgm-exporter,0.0,,,
2024-05-21 17:28:43.667999983,NVIDIA,6.16,G506.0210.00.03,2.0,1652523023451,92.00.45.00.05,535.104.05,12.535.104.05,fmaas-devstage-backen-9cjgj-worker-a100-il-rdma-3-jx6tm,GPU-5a7be2c2-efcc-3083-73b1-eee12a966584,DCGM_FI_DEV_DEC_UTIL,nvidia-dcgm-exporter,nvidia0,gpu-metrics,0,192.241.129.18:9400,nvidia-dcgm-exporter,NVIDIA A100-SXM4-80GB,nvidia-gpu-operator,nvidia-dcgm-exporter-xq25l,openshift-monitoring/k8s,nvidia-dcgm-exporter,0.0,,,
2024-05-21 17:29:13.667999983,NVIDIA,6.16,G506.0210.00.03,2.0,1652523023451,92.00.45.00.05,535.104.05,12.535.104.05,fmaas-devstage-backen-9cjgj-worker-a100-il-rdma-3-jx6tm,GPU-5a7be2c2-efcc-3083-73b1-eee12a966584,DCGM_FI_DEV_DEC_UTIL,nvidia-dcgm-exporter,nvidia0,gpu-metrics,0,192.241.129.18:9400,nvidia-dcgm-exporter,NVIDIA A100-SXM4-80GB,nvidia-gpu-operator,nvidia-dcgm-exporter-xq25l,openshift-monitoring/k8s,nvidia-dcgm-exporter,0.0,,,
2024-05-21 17:29:43.667999983,NVIDIA,6.16,G506.0210.00.03,2.0,1652523023451,92.00.45.00.05,535.104.05,12.535.104.05,fmaas-devstage-backen-9cjgj-worker-a100-il-rdma-3-jx6tm,GPU-5a7be2c2-efcc-3083-73b1-eee12a966584,DCGM_FI_DEV_DEC_UTIL,nvidia-dcgm-exporter,nvidia0,gpu-metrics,0,192.241.129.18:9400,nvidia-dcgm-exporter,NVIDIA A100-SXM4-80GB,nvidia-gpu-operator,nvidia-dcgm-exporter-xq25l,openshift-monitoring/k8s,nvidia-dcgm-exporter,0.0,,,
2024-05-21 17:30:13.667999983,NVIDIA,6.16,G506.0210.00.03,2.0,1652523023451,92.00.45.00.05,535.104.05,12.535.104.05,fmaas-devstage-backen-9cjgj-worker-a100-il-rdma-3-jx6tm,GPU-5a7be2c2-efcc-3083-73b1-eee12a966584,DCGM_FI_DEV_DEC_UTIL,nvidia-dcgm-exporter,nvidia0,gpu-metrics,0,192.241.129.18:9400,nvidia-dcgm-exporter,NVIDIA A100-SXM4-80GB,nvidia-gpu-operator,nvidia-dcgm-exporter-xq25l,openshift-monitoring/k8s,nvidia-dcgm-exporter,0.0,,,
2024-05-21 17:30:43.667999983,NVIDIA,6.16,G506.0210.00.03,2.0,1652523023451,92.00.45.00.05,535.104.05,12.535.104.05,fmaas-devstage-backen-9cjgj-worker-a100-il-rdma-3-jx6tm,GPU-5a7be2c2-efcc-3083-73b1-eee12a966584,DCGM_FI_DEV_DEC_UTIL,nvidia-dcgm-exporter,nvidia0,gpu-metrics,0,192.241.129.18:9400,nvidia-dcgm-exporter,NVIDIA A100-SXM4-80GB,nvidia-gpu-operator,nvidia-dcgm-exporter-xq25l,openshift-monitoring/k8s,nvidia-dcgm-exporter,0.0,,,
2024-05-21 17:31:13.667999983,NVIDIA,6.16,G506.0210.00.03,2.0,1652523023451,92.00.45.00.05,535.104.05,12.535.104.05,fmaas-devstage-backen-9cjgj-worker-a100-il-rdma-3-jx6tm,GPU-5a7be2c2-efcc-3083-73b1-eee12a966584,DCGM_FI_DEV_DEC_UTIL,nvidia-dcgm-exporter,nvidia0,gpu-metrics,0,192.241.129.18:9400,nvidia-dcgm-exporter,NVIDIA A100-SXM4-80GB,nvidia-gpu-operator,nvidia-dcgm-exporter-xq25l,openshift-monitoring/k8s,nvidia-dcgm-exporter,0.0,,,
2024-05-21 17:31:43.667999983,NVIDIA,6.16,G506.0210.00.03,2.0,1652523023451,92.00.45.00.05,535.104.05,12.535.104.05,fmaas-devstage-backen-9cjgj-worker-a100-il-rdma-3-jx6tm,GPU-5a7be2c2-efcc-3083-73b1-eee12a966584,DCGM_FI_DEV_DEC_UTIL,nvidia-dcgm-exporter,nvidia0,gpu-metrics,0,192.241.129.18:9400,nvidia-dcgm-exporter,NVIDIA A100-SXM4-80GB,nvidia-gpu-operator,nvidia-dcgm-exporter-xq25l,openshift-monitoring/k8s,nvidia-dcgm-exporter,0.0,,,
2024-05-21 17:32:13.667999983,NVIDIA,6.16,G506.0210.00.03,2.0,1652523023451,92.00.45.00.05,535.104.05,12.535.104.05,fmaas-devstage-backen-9cjgj-worker-a100-il-rdma-3-jx6tm,GPU-5a7be2c2-efcc-3083-73b1-eee12a966584,DCGM_FI_DEV_DEC_UTIL,nvidia-dcgm-exporter,nvidia0,gpu-metrics,0,192.241.129.18:9400,nvidia-dcgm-exporter,NVIDIA A100-SXM4-80GB,nvidia-gpu-operator,nvidia-dcgm-exporter-xq25l,openshift-monitoring/k8s,nvidia-dcgm-exporter,0.0,,,
2024-05-21 17:32:43.667999983,NVIDIA,6.16,G506.0210.00.03,2.0,1652523023451,92.00.45.00.05,535.104.05,12.535.104.05,fmaas-devstage-backen-9cjgj-worker-a100-il-rdma-3-jx6tm,GPU-5a7be2c2-efcc-3083-73b1-eee12a966584,DCGM_FI_DEV_DEC_UTIL,nvidia-dcgm-exporter,nvidia0,gpu-metrics,0,192.241.129.18:9400,nvidia-dcgm-exporter,NVIDIA A100-SXM4-80GB,nvidia-gpu-operator,nvidia-dcgm-exporter-xq25l,openshift-monitoring/k8s,nvidia-dcgm-exporter,0.0,,,
2024-05-21 17:33:13.667999983,NVIDIA,6.16,G506.0210.00.03,2.0,1652523023451,92.00.45.00.05,535.104.05,12.535.104.05,fmaas-devstage-backen-9cjgj-worker-a100-il-rdma-3-jx6tm,GPU-5a7be2c2-efcc-3083-73b1-eee12a966584,DCGM_FI_DEV_DEC_UTIL,nvidia-dcgm-exporter,nvidia0,gpu-metrics,0,192.241.129.18:9400,nvidia-dcgm-exporter,NVIDIA A100-SXM4-80GB,nvidia-gpu-operator,nvidia-dcgm-exporter-xq25l,openshift-monitoring/k8s,nvidia-dcgm-exporter,0.0,,,
2024-05-21 17:33:43.667999983,NVIDIA,6.16,G506.0210.00.03,2.0,1652523023451,92.00.45.00.05,535.104.05,12.535.104.05,fmaas-devstage-backen-9cjgj-worker-a100-il-rdma-3-jx6tm,GPU-5a7be2c2-efcc-3083-73b1-eee12a966584,DCGM_FI_DEV_DEC_UTIL,nvidia-dcgm-exporter,nvidia0,gpu-metrics,0,192.241.129.18:9400,nvidia-dcgm-exporter,NVIDIA A100-SXM4-80GB,nvidia-gpu-operator,nvidia-dcgm-exporter-xq25l,openshift-monitoring/k8s,nvidia-dcgm-exporter,0.0,,,
2024-05-21 17:34:13.667999983,NVIDIA,6.16,G506.0210.00.03,2.0,1652523023451,92.00.45.00.05,535.104.05,12.535.104.05,fmaas-devstage-backen-9cjgj-worker-a100-il-rdma-3-jx6tm,GPU-5a7be2c2-efcc-3083-73b1-eee12a966584,DCGM_FI_DEV_DEC_UTIL,nvidia-dcgm-exporter,nvidia0,gpu-metrics,0,192.241.129.18:9400,nvidia-dcgm-exporter,NVIDIA A100-SXM4-80GB,nvidia-gpu-operator,nvidia-dcgm-exporter-xq25l,openshift-monitoring/k8s,nvidia-dcgm-exporter,0.0,,,
2024-05-21 17:34:43.667999983,NVIDIA,6.16,G506.0210.00.03,2.0,1652523023451,92.00.45.00.05,535.104.05,12.535.104.05,fmaas-devstage-backen-9cjgj-worker-a100-il-rdma-3-jx6tm,GPU-5a7be2c2-efcc-3083-73b1-eee12a966584,DCGM_FI_DEV_DEC_UTIL,nvidia-dcgm-exporter,nvidia0,gpu-metrics,0,192.241.129.18:9400,nvidia-dcgm-exporter,NVIDIA A100-SXM4-80GB,nvidia-gpu-operator,nvidia-dcgm-exporter-xq25l,openshift-monitoring/k8s,nvidia-dcgm-exporter,0.0,,,
2024-05-21 17:35:13.667999983,NVIDIA,6.16,G506.0210.00.03,2.0,1652523023451,92.00.45.00.05,535.104.05,12.535.104.05,fmaas-devstage-backen-9cjgj-worker-a100-il-rdma-3-jx6tm,GPU-5a7be2c2-efcc-3083-73b1-eee12a966584,DCGM_FI_DEV_DEC_UTIL,nvidia-dcgm-exporter,nvidia0,gpu-metrics,0,192.241.129.18:9400,nvidia-dcgm-exporter,NVIDIA A100-SXM4-80GB,nvidia-gpu-operator,nvidia-dcgm-exporter-xq25l,openshift-monitoring/k8s,nvidia-dcgm-exporter,0.0,,,
2024-05-21 17:35:43.667999983,NVIDIA,6.16,G506.0210.00.03,2.0,1652523023451,92.00.45.00.05,535.104.05,12.535.104.05,fmaas-devstage-backen-9cjgj-worker-a100-il-rdma-3-jx6tm,GPU-5a7be2c2-efcc-3083-73b1-eee12a966584,DCGM_FI_DEV_DEC_UTIL,nvidia-dcgm-exporter,nvidia0,gpu-metrics,0,192.241.129.18:9400,nvidia-dcgm-exporter,NVIDIA A100-SXM4-80GB,nvidia-gpu-operator,nvidia-dcgm-exporter-xq25l,openshift-monitoring/k8s,nvidia-dcgm-exporter,0.0,,,
