timestamp,__name__,endpoint,instance,job,namespace,pod,prometheus,service,value
2024-05-17 15:45:41.105999947,tgi_request_raw_input_length_sum,http,10.128.4.158:3000,tgis-bam,fmaas-monitoring,llama3,openshift-user-workload-monitoring/user-workload,tgis-bam,28487605.0
2024-05-17 15:45:46.105999947,tgi_request_raw_input_length_sum,http,10.128.4.158:3000,tgis-bam,fmaas-monitoring,llama3,openshift-user-workload-monitoring/user-workload,tgis-bam,28504166.0
2024-05-17 15:45:51.105999947,tgi_request_raw_input_length_sum,http,10.128.4.158:3000,tgis-bam,fmaas-monitoring,llama3,openshift-user-workload-monitoring/user-workload,tgis-bam,28507212.0
2024-05-17 15:45:56.105999947,tgi_request_raw_input_length_sum,http,10.128.4.158:3000,tgis-bam,fmaas-monitoring,llama3,openshift-user-workload-monitoring/user-workload,tgis-bam,28512728.0
2024-05-17 15:46:01.112999916,tgi_request_raw_input_length_sum,http,10.128.4.158:3000,tgis-bam,fmaas-monitoring,llama3,openshift-user-workload-monitoring/user-workload,tgis-bam,28515943.0
2024-05-17 15:46:06.105999947,tgi_request_raw_input_length_sum,http,10.128.4.158:3000,tgis-bam,fmaas-monitoring,llama3,openshift-user-workload-monitoring/user-workload,tgis-bam,28521173.0
2024-05-17 15:46:11.105999947,tgi_request_raw_input_length_sum,http,10.128.4.158:3000,tgis-bam,fmaas-monitoring,llama3,openshift-user-workload-monitoring/user-workload,tgis-bam,28543797.0
2024-05-17 15:46:16.105999947,tgi_request_raw_input_length_sum,http,10.128.4.158:3000,tgis-bam,fmaas-monitoring,llama3,openshift-user-workload-monitoring/user-workload,tgis-bam,28554516.0
2024-05-17 15:46:21.105999947,tgi_request_raw_input_length_sum,http,10.128.4.158:3000,tgis-bam,fmaas-monitoring,llama3,openshift-user-workload-monitoring/user-workload,tgis-bam,28561442.0
2024-05-17 15:46:26.105999947,tgi_request_raw_input_length_sum,http,10.128.4.158:3000,tgis-bam,fmaas-monitoring,llama3,openshift-user-workload-monitoring/user-workload,tgis-bam,28571081.0
2024-05-17 15:46:31.105999947,tgi_request_raw_input_length_sum,http,10.128.4.158:3000,tgis-bam,fmaas-monitoring,llama3,openshift-user-workload-monitoring/user-workload,tgis-bam,28571081.0
2024-05-17 15:46:36.105999947,tgi_request_raw_input_length_sum,http,10.128.4.158:3000,tgis-bam,fmaas-monitoring,llama3,openshift-user-workload-monitoring/user-workload,tgis-bam,28571081.0
2024-05-17 15:46:41.105999947,tgi_request_raw_input_length_sum,http,10.128.4.158:3000,tgis-bam,fmaas-monitoring,llama3,openshift-user-workload-monitoring/user-workload,tgis-bam,28576572.0
2024-05-17 15:46:46.105999947,tgi_request_raw_input_length_sum,http,10.128.4.158:3000,tgis-bam,fmaas-monitoring,llama3,openshift-user-workload-monitoring/user-workload,tgis-bam,28603184.0
2024-05-17 15:46:51.105999947,tgi_request_raw_input_length_sum,http,10.128.4.158:3000,tgis-bam,fmaas-monitoring,llama3,openshift-user-workload-monitoring/user-workload,tgis-bam,28633999.0
2024-05-17 15:46:56.105999947,tgi_request_raw_input_length_sum,http,10.128.4.158:3000,tgis-bam,fmaas-monitoring,llama3,openshift-user-workload-monitoring/user-workload,tgis-bam,28664174.0
2024-05-17 15:47:01.105999947,tgi_request_raw_input_length_sum,http,10.128.4.158:3000,tgis-bam,fmaas-monitoring,llama3,openshift-user-workload-monitoring/user-workload,tgis-bam,28681251.0
2024-05-17 15:47:06.105999947,tgi_request_raw_input_length_sum,http,10.128.4.158:3000,tgis-bam,fmaas-monitoring,llama3,openshift-user-workload-monitoring/user-workload,tgis-bam,28681251.0
2024-05-17 15:47:11.105999947,tgi_request_raw_input_length_sum,http,10.128.4.158:3000,tgis-bam,fmaas-monitoring,llama3,openshift-user-workload-monitoring/user-workload,tgis-bam,28681251.0
2024-05-17 15:47:16.105999947,tgi_request_raw_input_length_sum,http,10.128.4.158:3000,tgis-bam,fmaas-monitoring,llama3,openshift-user-workload-monitoring/user-workload,tgis-bam,28681251.0
2024-05-17 15:47:21.105999947,tgi_request_raw_input_length_sum,http,10.128.4.158:3000,tgis-bam,fmaas-monitoring,llama3,openshift-user-workload-monitoring/user-workload,tgis-bam,28681251.0
2024-05-17 15:47:26.105999947,tgi_request_raw_input_length_sum,http,10.128.4.158:3000,tgis-bam,fmaas-monitoring,llama3,openshift-user-workload-monitoring/user-workload,tgis-bam,28681251.0
2024-05-17 15:47:31.105999947,tgi_request_raw_input_length_sum,http,10.128.4.158:3000,tgis-bam,fmaas-monitoring,llama3,openshift-user-workload-monitoring/user-workload,tgis-bam,28681251.0
2024-05-17 15:47:36.105999947,tgi_request_raw_input_length_sum,http,10.128.4.158:3000,tgis-bam,fmaas-monitoring,llama3,openshift-user-workload-monitoring/user-workload,tgis-bam,28681251.0
2024-05-17 15:47:41.105999947,tgi_request_raw_input_length_sum,http,10.128.4.158:3000,tgis-bam,fmaas-monitoring,llama3,openshift-user-workload-monitoring/user-workload,tgis-bam,28720987.0
2024-05-17 15:47:46.105999947,tgi_request_raw_input_length_sum,http,10.128.4.158:3000,tgis-bam,fmaas-monitoring,llama3,openshift-user-workload-monitoring/user-workload,tgis-bam,28724955.0
2024-05-17 15:47:51.105999947,tgi_request_raw_input_length_sum,http,10.128.4.158:3000,tgis-bam,fmaas-monitoring,llama3,openshift-user-workload-monitoring/user-workload,tgis-bam,28732500.0
2024-05-17 15:47:56.105999947,tgi_request_raw_input_length_sum,http,10.128.4.158:3000,tgis-bam,fmaas-monitoring,llama3,openshift-user-workload-monitoring/user-workload,tgis-bam,28743190.0
2024-05-17 15:48:01.105999947,tgi_request_raw_input_length_sum,http,10.128.4.158:3000,tgis-bam,fmaas-monitoring,llama3,openshift-user-workload-monitoring/user-workload,tgis-bam,28761514.0
2024-05-17 15:48:06.105999947,tgi_request_raw_input_length_sum,http,10.128.4.158:3000,tgis-bam,fmaas-monitoring,llama3,openshift-user-workload-monitoring/user-workload,tgis-bam,28791182.0
2024-05-17 15:48:11.105999947,tgi_request_raw_input_length_sum,http,10.128.4.158:3000,tgis-bam,fmaas-monitoring,llama3,openshift-user-workload-monitoring/user-workload,tgis-bam,28794342.0
2024-05-17 15:48:16.105999947,tgi_request_raw_input_length_sum,http,10.128.4.158:3000,tgis-bam,fmaas-monitoring,llama3,openshift-user-workload-monitoring/user-workload,tgis-bam,28794342.0
2024-05-17 15:48:21.105999947,tgi_request_raw_input_length_sum,http,10.128.4.158:3000,tgis-bam,fmaas-monitoring,llama3,openshift-user-workload-monitoring/user-workload,tgis-bam,28794342.0
2024-05-17 15:48:26.105999947,tgi_request_raw_input_length_sum,http,10.128.4.158:3000,tgis-bam,fmaas-monitoring,llama3,openshift-user-workload-monitoring/user-workload,tgis-bam,28794342.0
2024-05-17 15:48:31.105999947,tgi_request_raw_input_length_sum,http,10.128.4.158:3000,tgis-bam,fmaas-monitoring,llama3,openshift-user-workload-monitoring/user-workload,tgis-bam,28794342.0
2024-05-17 15:48:36.105999947,tgi_request_raw_input_length_sum,http,10.128.4.158:3000,tgis-bam,fmaas-monitoring,llama3,openshift-user-workload-monitoring/user-workload,tgis-bam,28794342.0
2024-05-17 15:48:41.105999947,tgi_request_raw_input_length_sum,http,10.128.4.158:3000,tgis-bam,fmaas-monitoring,llama3,openshift-user-workload-monitoring/user-workload,tgis-bam,28802033.0
2024-05-17 15:48:46.105999947,tgi_request_raw_input_length_sum,http,10.128.4.158:3000,tgis-bam,fmaas-monitoring,llama3,openshift-user-workload-monitoring/user-workload,tgis-bam,28833573.0
2024-05-17 15:48:51.105999947,tgi_request_raw_input_length_sum,http,10.128.4.158:3000,tgis-bam,fmaas-monitoring,llama3,openshift-user-workload-monitoring/user-workload,tgis-bam,28845346.0
2024-05-17 15:48:56.105999947,tgi_request_raw_input_length_sum,http,10.128.4.158:3000,tgis-bam,fmaas-monitoring,llama3,openshift-user-workload-monitoring/user-workload,tgis-bam,28870510.0
2024-05-17 15:49:01.105999947,tgi_request_raw_input_length_sum,http,10.128.4.158:3000,tgis-bam,fmaas-monitoring,llama3,openshift-user-workload-monitoring/user-workload,tgis-bam,28901687.0
2024-05-17 15:49:06.105999947,tgi_request_raw_input_length_sum,http,10.128.4.158:3000,tgis-bam,fmaas-monitoring,llama3,openshift-user-workload-monitoring/user-workload,tgis-bam,28907174.0
2024-05-17 15:49:11.105999947,tgi_request_raw_input_length_sum,http,10.128.4.158:3000,tgis-bam,fmaas-monitoring,llama3,openshift-user-workload-monitoring/user-workload,tgis-bam,28907174.0
2024-05-17 15:49:16.105999947,tgi_request_raw_input_length_sum,http,10.128.4.158:3000,tgis-bam,fmaas-monitoring,llama3,openshift-user-workload-monitoring/user-workload,tgis-bam,28907174.0
2024-05-17 15:49:21.105999947,tgi_request_raw_input_length_sum,http,10.128.4.158:3000,tgis-bam,fmaas-monitoring,llama3,openshift-user-workload-monitoring/user-workload,tgis-bam,28907174.0
2024-05-17 15:49:26.105999947,tgi_request_raw_input_length_sum,http,10.128.4.158:3000,tgis-bam,fmaas-monitoring,llama3,openshift-user-workload-monitoring/user-workload,tgis-bam,28907174.0
2024-05-17 15:49:31.105999947,tgi_request_raw_input_length_sum,http,10.128.4.158:3000,tgis-bam,fmaas-monitoring,llama3,openshift-user-workload-monitoring/user-workload,tgis-bam,28907174.0
2024-05-17 15:49:36.105999947,tgi_request_raw_input_length_sum,http,10.128.4.158:3000,tgis-bam,fmaas-monitoring,llama3,openshift-user-workload-monitoring/user-workload,tgis-bam,28907174.0
2024-05-17 15:49:41.105999947,tgi_request_raw_input_length_sum,http,10.128.4.158:3000,tgis-bam,fmaas-monitoring,llama3,openshift-user-workload-monitoring/user-workload,tgis-bam,28934767.0
2024-05-17 15:49:46.105999947,tgi_request_raw_input_length_sum,http,10.128.4.158:3000,tgis-bam,fmaas-monitoring,llama3,openshift-user-workload-monitoring/user-workload,tgis-bam,28944982.0
2024-05-17 15:49:51.105999947,tgi_request_raw_input_length_sum,http,10.128.4.158:3000,tgis-bam,fmaas-monitoring,llama3,openshift-user-workload-monitoring/user-workload,tgis-bam,28970436.0
2024-05-17 15:49:56.105999947,tgi_request_raw_input_length_sum,http,10.128.4.158:3000,tgis-bam,fmaas-monitoring,llama3,openshift-user-workload-monitoring/user-workload,tgis-bam,28978635.0
2024-05-17 15:50:01.105999947,tgi_request_raw_input_length_sum,http,10.128.4.158:3000,tgis-bam,fmaas-monitoring,llama3,openshift-user-workload-monitoring/user-workload,tgis-bam,29002585.0
2024-05-17 15:50:06.105999947,tgi_request_raw_input_length_sum,http,10.128.4.158:3000,tgis-bam,fmaas-monitoring,llama3,openshift-user-workload-monitoring/user-workload,tgis-bam,29018487.0
2024-05-17 15:50:11.105999947,tgi_request_raw_input_length_sum,http,10.128.4.158:3000,tgis-bam,fmaas-monitoring,llama3,openshift-user-workload-monitoring/user-workload,tgis-bam,29018487.0
2024-05-17 15:50:16.105999947,tgi_request_raw_input_length_sum,http,10.128.4.158:3000,tgis-bam,fmaas-monitoring,llama3,openshift-user-workload-monitoring/user-workload,tgis-bam,29018487.0
2024-05-17 15:50:21.105999947,tgi_request_raw_input_length_sum,http,10.128.4.158:3000,tgis-bam,fmaas-monitoring,llama3,openshift-user-workload-monitoring/user-workload,tgis-bam,29018487.0
2024-05-17 15:50:26.105999947,tgi_request_raw_input_length_sum,http,10.128.4.158:3000,tgis-bam,fmaas-monitoring,llama3,openshift-user-workload-monitoring/user-workload,tgis-bam,29018487.0
2024-05-17 15:50:31.105999947,tgi_request_raw_input_length_sum,http,10.128.4.158:3000,tgis-bam,fmaas-monitoring,llama3,openshift-user-workload-monitoring/user-workload,tgis-bam,29018487.0
2024-05-17 15:50:36.105999947,tgi_request_raw_input_length_sum,http,10.128.4.158:3000,tgis-bam,fmaas-monitoring,llama3,openshift-user-workload-monitoring/user-workload,tgis-bam,29018487.0
2024-05-17 15:50:41.105999947,tgi_request_raw_input_length_sum,http,10.128.4.158:3000,tgis-bam,fmaas-monitoring,llama3,openshift-user-workload-monitoring/user-workload,tgis-bam,29035285.0
2024-05-17 15:50:46.105999947,tgi_request_raw_input_length_sum,http,10.128.4.158:3000,tgis-bam,fmaas-monitoring,llama3,openshift-user-workload-monitoring/user-workload,tgis-bam,29049322.0
2024-05-17 15:50:51.105999947,tgi_request_raw_input_length_sum,http,10.128.4.158:3000,tgis-bam,fmaas-monitoring,llama3,openshift-user-workload-monitoring/user-workload,tgis-bam,29054319.0
2024-05-17 15:50:56.105999947,tgi_request_raw_input_length_sum,http,10.128.4.158:3000,tgis-bam,fmaas-monitoring,llama3,openshift-user-workload-monitoring/user-workload,tgis-bam,29070827.0
2024-05-17 15:51:01.105999947,tgi_request_raw_input_length_sum,http,10.128.4.158:3000,tgis-bam,fmaas-monitoring,llama3,openshift-user-workload-monitoring/user-workload,tgis-bam,29079494.0
2024-05-17 15:51:06.105999947,tgi_request_raw_input_length_sum,http,10.128.4.158:3000,tgis-bam,fmaas-monitoring,llama3,openshift-user-workload-monitoring/user-workload,tgis-bam,29109742.0
2024-05-17 15:51:11.105999947,tgi_request_raw_input_length_sum,http,10.128.4.158:3000,tgis-bam,fmaas-monitoring,llama3,openshift-user-workload-monitoring/user-workload,tgis-bam,29119535.0
2024-05-17 15:51:16.105999947,tgi_request_raw_input_length_sum,http,10.128.4.158:3000,tgis-bam,fmaas-monitoring,llama3,openshift-user-workload-monitoring/user-workload,tgis-bam,29119535.0
2024-05-17 15:51:21.105999947,tgi_request_raw_input_length_sum,http,10.128.4.158:3000,tgis-bam,fmaas-monitoring,llama3,openshift-user-workload-monitoring/user-workload,tgis-bam,29119535.0
2024-05-17 15:51:26.105999947,tgi_request_raw_input_length_sum,http,10.128.4.158:3000,tgis-bam,fmaas-monitoring,llama3,openshift-user-workload-monitoring/user-workload,tgis-bam,29119535.0
2024-05-17 15:51:31.105999947,tgi_request_raw_input_length_sum,http,10.128.4.158:3000,tgis-bam,fmaas-monitoring,llama3,openshift-user-workload-monitoring/user-workload,tgis-bam,29119535.0
2024-05-17 15:51:36.105999947,tgi_request_raw_input_length_sum,http,10.128.4.158:3000,tgis-bam,fmaas-monitoring,llama3,openshift-user-workload-monitoring/user-workload,tgis-bam,29119535.0
2024-05-17 15:51:41.105999947,tgi_request_raw_input_length_sum,http,10.128.4.158:3000,tgis-bam,fmaas-monitoring,llama3,openshift-user-workload-monitoring/user-workload,tgis-bam,29122584.0
2024-05-17 15:51:46.105999947,tgi_request_raw_input_length_sum,http,10.128.4.158:3000,tgis-bam,fmaas-monitoring,llama3,openshift-user-workload-monitoring/user-workload,tgis-bam,29139712.0
2024-05-17 15:51:51.105999947,tgi_request_raw_input_length_sum,http,10.128.4.158:3000,tgis-bam,fmaas-monitoring,llama3,openshift-user-workload-monitoring/user-workload,tgis-bam,29173147.0
2024-05-17 15:51:56.105999947,tgi_request_raw_input_length_sum,http,10.128.4.158:3000,tgis-bam,fmaas-monitoring,llama3,openshift-user-workload-monitoring/user-workload,tgis-bam,29206707.0
2024-05-17 15:52:01.105999947,tgi_request_raw_input_length_sum,http,10.128.4.158:3000,tgis-bam,fmaas-monitoring,llama3,openshift-user-workload-monitoring/user-workload,tgis-bam,29241306.0
2024-05-17 15:52:06.105999947,tgi_request_raw_input_length_sum,http,10.128.4.158:3000,tgis-bam,fmaas-monitoring,llama3,openshift-user-workload-monitoring/user-workload,tgis-bam,29244221.0
2024-05-17 15:52:11.105999947,tgi_request_raw_input_length_sum,http,10.128.4.158:3000,tgis-bam,fmaas-monitoring,llama3,openshift-user-workload-monitoring/user-workload,tgis-bam,29244221.0
2024-05-17 15:52:16.105999947,tgi_request_raw_input_length_sum,http,10.128.4.158:3000,tgis-bam,fmaas-monitoring,llama3,openshift-user-workload-monitoring/user-workload,tgis-bam,29244221.0
2024-05-17 15:52:21.105999947,tgi_request_raw_input_length_sum,http,10.128.4.158:3000,tgis-bam,fmaas-monitoring,llama3,openshift-user-workload-monitoring/user-workload,tgis-bam,29244221.0
2024-05-17 15:52:26.105999947,tgi_request_raw_input_length_sum,http,10.128.4.158:3000,tgis-bam,fmaas-monitoring,llama3,openshift-user-workload-monitoring/user-workload,tgis-bam,29244221.0
2024-05-17 15:52:31.105999947,tgi_request_raw_input_length_sum,http,10.128.4.158:3000,tgis-bam,fmaas-monitoring,llama3,openshift-user-workload-monitoring/user-workload,tgis-bam,29244221.0
2024-05-17 15:52:36.105999947,tgi_request_raw_input_length_sum,http,10.128.4.158:3000,tgis-bam,fmaas-monitoring,llama3,openshift-user-workload-monitoring/user-workload,tgis-bam,29244221.0
2024-05-17 15:52:41.105999947,tgi_request_raw_input_length_sum,http,10.128.4.158:3000,tgis-bam,fmaas-monitoring,llama3,openshift-user-workload-monitoring/user-workload,tgis-bam,29252361.0
2024-05-17 15:52:46.105999947,tgi_request_raw_input_length_sum,http,10.128.4.158:3000,tgis-bam,fmaas-monitoring,llama3,openshift-user-workload-monitoring/user-workload,tgis-bam,29269165.0
2024-05-17 15:52:51.105999947,tgi_request_raw_input_length_sum,http,10.128.4.158:3000,tgis-bam,fmaas-monitoring,llama3,openshift-user-workload-monitoring/user-workload,tgis-bam,29274101.0
2024-05-17 15:52:56.105999947,tgi_request_raw_input_length_sum,http,10.128.4.158:3000,tgis-bam,fmaas-monitoring,llama3,openshift-user-workload-monitoring/user-workload,tgis-bam,29311522.0
2024-05-17 15:53:01.105999947,tgi_request_raw_input_length_sum,http,10.128.4.158:3000,tgis-bam,fmaas-monitoring,llama3,openshift-user-workload-monitoring/user-workload,tgis-bam,29316195.0
2024-05-17 15:53:06.105999947,tgi_request_raw_input_length_sum,http,10.128.4.158:3000,tgis-bam,fmaas-monitoring,llama3,openshift-user-workload-monitoring/user-workload,tgis-bam,29338147.0
2024-05-17 15:53:11.105999947,tgi_request_raw_input_length_sum,http,10.128.4.158:3000,tgis-bam,fmaas-monitoring,llama3,openshift-user-workload-monitoring/user-workload,tgis-bam,29338147.0
2024-05-17 15:53:16.105999947,tgi_request_raw_input_length_sum,http,10.128.4.158:3000,tgis-bam,fmaas-monitoring,llama3,openshift-user-workload-monitoring/user-workload,tgis-bam,29338147.0
2024-05-17 15:53:21.105999947,tgi_request_raw_input_length_sum,http,10.128.4.158:3000,tgis-bam,fmaas-monitoring,llama3,openshift-user-workload-monitoring/user-workload,tgis-bam,29338147.0
2024-05-17 15:53:26.105999947,tgi_request_raw_input_length_sum,http,10.128.4.158:3000,tgis-bam,fmaas-monitoring,llama3,openshift-user-workload-monitoring/user-workload,tgis-bam,29338147.0
2024-05-17 15:53:31.105999947,tgi_request_raw_input_length_sum,http,10.128.4.158:3000,tgis-bam,fmaas-monitoring,llama3,openshift-user-workload-monitoring/user-workload,tgis-bam,29338147.0
2024-05-17 15:53:36.105999947,tgi_request_raw_input_length_sum,http,10.128.4.158:3000,tgis-bam,fmaas-monitoring,llama3,openshift-user-workload-monitoring/user-workload,tgis-bam,29338147.0
2024-05-17 15:53:41.105999947,tgi_request_raw_input_length_sum,http,10.128.4.158:3000,tgis-bam,fmaas-monitoring,llama3,openshift-user-workload-monitoring/user-workload,tgis-bam,29367170.0
2024-05-17 15:53:46.105999947,tgi_request_raw_input_length_sum,http,10.128.4.158:3000,tgis-bam,fmaas-monitoring,llama3,openshift-user-workload-monitoring/user-workload,tgis-bam,29422096.0
2024-05-17 15:53:51.105999947,tgi_request_raw_input_length_sum,http,10.128.4.158:3000,tgis-bam,fmaas-monitoring,llama3,openshift-user-workload-monitoring/user-workload,tgis-bam,29468033.0
2024-05-17 15:53:56.105999947,tgi_request_raw_input_length_sum,http,10.128.4.158:3000,tgis-bam,fmaas-monitoring,llama3,openshift-user-workload-monitoring/user-workload,tgis-bam,29468033.0
2024-05-17 15:54:01.105999947,tgi_request_raw_input_length_sum,http,10.128.4.158:3000,tgis-bam,fmaas-monitoring,llama3,openshift-user-workload-monitoring/user-workload,tgis-bam,29468033.0
2024-05-17 15:54:06.105999947,tgi_request_raw_input_length_sum,http,10.128.4.158:3000,tgis-bam,fmaas-monitoring,llama3,openshift-user-workload-monitoring/user-workload,tgis-bam,29468033.0
2024-05-17 15:54:11.105999947,tgi_request_raw_input_length_sum,http,10.128.4.158:3000,tgis-bam,fmaas-monitoring,llama3,openshift-user-workload-monitoring/user-workload,tgis-bam,29468033.0
2024-05-17 15:54:16.105999947,tgi_request_raw_input_length_sum,http,10.128.4.158:3000,tgis-bam,fmaas-monitoring,llama3,openshift-user-workload-monitoring/user-workload,tgis-bam,29468033.0
2024-05-17 15:54:21.200000048,tgi_request_raw_input_length_sum,http,10.128.4.158:3000,tgis-bam,fmaas-monitoring,llama3,openshift-user-workload-monitoring/user-workload,tgis-bam,29468033.0
2024-05-17 15:54:26.105999947,tgi_request_raw_input_length_sum,http,10.128.4.158:3000,tgis-bam,fmaas-monitoring,llama3,openshift-user-workload-monitoring/user-workload,tgis-bam,29468033.0
2024-05-17 15:54:31.105999947,tgi_request_raw_input_length_sum,http,10.128.4.158:3000,tgis-bam,fmaas-monitoring,llama3,openshift-user-workload-monitoring/user-workload,tgis-bam,29468033.0
2024-05-17 15:54:36.105999947,tgi_request_raw_input_length_sum,http,10.128.4.158:3000,tgis-bam,fmaas-monitoring,llama3,openshift-user-workload-monitoring/user-workload,tgis-bam,29468033.0
2024-05-17 15:54:41.105999947,tgi_request_raw_input_length_sum,http,10.128.4.158:3000,tgis-bam,fmaas-monitoring,llama3,openshift-user-workload-monitoring/user-workload,tgis-bam,29496649.0
2024-05-17 15:54:46.246000051,tgi_request_raw_input_length_sum,http,10.128.4.158:3000,tgis-bam,fmaas-monitoring,llama3,openshift-user-workload-monitoring/user-workload,tgis-bam,29528196.0
2024-05-17 15:54:51.105999947,tgi_request_raw_input_length_sum,http,10.128.4.158:3000,tgis-bam,fmaas-monitoring,llama3,openshift-user-workload-monitoring/user-workload,tgis-bam,29549040.0
2024-05-17 15:54:56.105999947,tgi_request_raw_input_length_sum,http,10.128.4.158:3000,tgis-bam,fmaas-monitoring,llama3,openshift-user-workload-monitoring/user-workload,tgis-bam,29568091.0
2024-05-17 15:55:01.105999947,tgi_request_raw_input_length_sum,http,10.128.4.158:3000,tgis-bam,fmaas-monitoring,llama3,openshift-user-workload-monitoring/user-workload,tgis-bam,29577931.0
2024-05-17 15:55:06.105999947,tgi_request_raw_input_length_sum,http,10.128.4.158:3000,tgis-bam,fmaas-monitoring,llama3,openshift-user-workload-monitoring/user-workload,tgis-bam,29591606.0
2024-05-17 15:55:11.105999947,tgi_request_raw_input_length_sum,http,10.128.4.158:3000,tgis-bam,fmaas-monitoring,llama3,openshift-user-workload-monitoring/user-workload,tgis-bam,29591606.0
2024-05-17 15:55:16.105999947,tgi_request_raw_input_length_sum,http,10.128.4.158:3000,tgis-bam,fmaas-monitoring,llama3,openshift-user-workload-monitoring/user-workload,tgis-bam,29591606.0
2024-05-17 15:55:21.105999947,tgi_request_raw_input_length_sum,http,10.128.4.158:3000,tgis-bam,fmaas-monitoring,llama3,openshift-user-workload-monitoring/user-workload,tgis-bam,29591606.0
2024-05-17 15:55:26.105999947,tgi_request_raw_input_length_sum,http,10.128.4.158:3000,tgis-bam,fmaas-monitoring,llama3,openshift-user-workload-monitoring/user-workload,tgis-bam,29591606.0
2024-05-17 15:55:31.105999947,tgi_request_raw_input_length_sum,http,10.128.4.158:3000,tgis-bam,fmaas-monitoring,llama3,openshift-user-workload-monitoring/user-workload,tgis-bam,29591606.0
2024-05-17 15:55:36.105999947,tgi_request_raw_input_length_sum,http,10.128.4.158:3000,tgis-bam,fmaas-monitoring,llama3,openshift-user-workload-monitoring/user-workload,tgis-bam,29591606.0
2024-05-17 15:55:41.105999947,tgi_request_raw_input_length_sum,http,10.128.4.158:3000,tgis-bam,fmaas-monitoring,llama3,openshift-user-workload-monitoring/user-workload,tgis-bam,29593585.0
2024-05-17 15:55:46.105999947,tgi_request_raw_input_length_sum,http,10.128.4.158:3000,tgis-bam,fmaas-monitoring,llama3,openshift-user-workload-monitoring/user-workload,tgis-bam,29612110.0
2024-05-17 15:55:51.105999947,tgi_request_raw_input_length_sum,http,10.128.4.158:3000,tgis-bam,fmaas-monitoring,llama3,openshift-user-workload-monitoring/user-workload,tgis-bam,29617860.0
2024-05-17 15:55:56.105999947,tgi_request_raw_input_length_sum,http,10.128.4.158:3000,tgis-bam,fmaas-monitoring,llama3,openshift-user-workload-monitoring/user-workload,tgis-bam,29644839.0
2024-05-17 15:56:01.105999947,tgi_request_raw_input_length_sum,http,10.128.4.158:3000,tgis-bam,fmaas-monitoring,llama3,openshift-user-workload-monitoring/user-workload,tgis-bam,29662511.0
2024-05-17 15:56:06.105999947,tgi_request_raw_input_length_sum,http,10.128.4.158:3000,tgis-bam,fmaas-monitoring,llama3,openshift-user-workload-monitoring/user-workload,tgis-bam,29679866.0
2024-05-17 15:56:11.105999947,tgi_request_raw_input_length_sum,http,10.128.4.158:3000,tgis-bam,fmaas-monitoring,llama3,openshift-user-workload-monitoring/user-workload,tgis-bam,29707011.0
2024-05-17 15:56:16.105999947,tgi_request_raw_input_length_sum,http,10.128.4.158:3000,tgis-bam,fmaas-monitoring,llama3,openshift-user-workload-monitoring/user-workload,tgis-bam,29707011.0
2024-05-17 15:56:21.105999947,tgi_request_raw_input_length_sum,http,10.128.4.158:3000,tgis-bam,fmaas-monitoring,llama3,openshift-user-workload-monitoring/user-workload,tgis-bam,29707011.0
2024-05-17 15:56:26.105999947,tgi_request_raw_input_length_sum,http,10.128.4.158:3000,tgis-bam,fmaas-monitoring,llama3,openshift-user-workload-monitoring/user-workload,tgis-bam,29707011.0
2024-05-17 15:56:31.105999947,tgi_request_raw_input_length_sum,http,10.128.4.158:3000,tgis-bam,fmaas-monitoring,llama3,openshift-user-workload-monitoring/user-workload,tgis-bam,29707011.0
2024-05-17 15:56:36.105999947,tgi_request_raw_input_length_sum,http,10.128.4.158:3000,tgis-bam,fmaas-monitoring,llama3,openshift-user-workload-monitoring/user-workload,tgis-bam,29707011.0
2024-05-17 15:56:41.105999947,tgi_request_raw_input_length_sum,http,10.128.4.158:3000,tgis-bam,fmaas-monitoring,llama3,openshift-user-workload-monitoring/user-workload,tgis-bam,29707035.0
2024-05-17 15:56:46.105999947,tgi_request_raw_input_length_sum,http,10.128.4.158:3000,tgis-bam,fmaas-monitoring,llama3,openshift-user-workload-monitoring/user-workload,tgis-bam,29735134.0
2024-05-17 15:56:51.105999947,tgi_request_raw_input_length_sum,http,10.128.4.158:3000,tgis-bam,fmaas-monitoring,llama3,openshift-user-workload-monitoring/user-workload,tgis-bam,29768390.0
2024-05-17 15:56:56.114000082,tgi_request_raw_input_length_sum,http,10.128.4.158:3000,tgis-bam,fmaas-monitoring,llama3,openshift-user-workload-monitoring/user-workload,tgis-bam,29800806.0
2024-05-17 15:57:01.105999947,tgi_request_raw_input_length_sum,http,10.128.4.158:3000,tgis-bam,fmaas-monitoring,llama3,openshift-user-workload-monitoring/user-workload,tgis-bam,29800806.0
2024-05-17 15:57:06.105999947,tgi_request_raw_input_length_sum,http,10.128.4.158:3000,tgis-bam,fmaas-monitoring,llama3,openshift-user-workload-monitoring/user-workload,tgis-bam,29800806.0
2024-05-17 15:57:11.105999947,tgi_request_raw_input_length_sum,http,10.128.4.158:3000,tgis-bam,fmaas-monitoring,llama3,openshift-user-workload-monitoring/user-workload,tgis-bam,29800806.0
2024-05-17 15:57:16.105999947,tgi_request_raw_input_length_sum,http,10.128.4.158:3000,tgis-bam,fmaas-monitoring,llama3,openshift-user-workload-monitoring/user-workload,tgis-bam,29800806.0
2024-05-17 15:57:21.105999947,tgi_request_raw_input_length_sum,http,10.128.4.158:3000,tgis-bam,fmaas-monitoring,llama3,openshift-user-workload-monitoring/user-workload,tgis-bam,29800806.0
2024-05-17 15:57:26.111999989,tgi_request_raw_input_length_sum,http,10.128.4.158:3000,tgis-bam,fmaas-monitoring,llama3,openshift-user-workload-monitoring/user-workload,tgis-bam,29800806.0
2024-05-17 15:57:31.105999947,tgi_request_raw_input_length_sum,http,10.128.4.158:3000,tgis-bam,fmaas-monitoring,llama3,openshift-user-workload-monitoring/user-workload,tgis-bam,29800806.0
2024-05-17 15:57:36.105999947,tgi_request_raw_input_length_sum,http,10.128.4.158:3000,tgis-bam,fmaas-monitoring,llama3,openshift-user-workload-monitoring/user-workload,tgis-bam,29800806.0
2024-05-17 15:57:41.105999947,tgi_request_raw_input_length_sum,http,10.128.4.158:3000,tgis-bam,fmaas-monitoring,llama3,openshift-user-workload-monitoring/user-workload,tgis-bam,29801515.0
2024-05-17 15:57:46.105999947,tgi_request_raw_input_length_sum,http,10.128.4.158:3000,tgis-bam,fmaas-monitoring,llama3,openshift-user-workload-monitoring/user-workload,tgis-bam,29802549.0
2024-05-17 15:57:51.105999947,tgi_request_raw_input_length_sum,http,10.128.4.158:3000,tgis-bam,fmaas-monitoring,llama3,openshift-user-workload-monitoring/user-workload,tgis-bam,29846954.0
2024-05-17 15:57:56.105999947,tgi_request_raw_input_length_sum,http,10.128.4.158:3000,tgis-bam,fmaas-monitoring,llama3,openshift-user-workload-monitoring/user-workload,tgis-bam,29869791.0
2024-05-17 15:58:01.105999947,tgi_request_raw_input_length_sum,http,10.128.4.158:3000,tgis-bam,fmaas-monitoring,llama3,openshift-user-workload-monitoring/user-workload,tgis-bam,29885540.0
2024-05-17 15:58:06.105999947,tgi_request_raw_input_length_sum,http,10.128.4.158:3000,tgis-bam,fmaas-monitoring,llama3,openshift-user-workload-monitoring/user-workload,tgis-bam,29921847.0
2024-05-17 15:58:11.105999947,tgi_request_raw_input_length_sum,http,10.128.4.158:3000,tgis-bam,fmaas-monitoring,llama3,openshift-user-workload-monitoring/user-workload,tgis-bam,29921847.0
2024-05-17 15:58:16.105999947,tgi_request_raw_input_length_sum,http,10.128.4.158:3000,tgis-bam,fmaas-monitoring,llama3,openshift-user-workload-monitoring/user-workload,tgis-bam,29921847.0
2024-05-17 15:58:21.105999947,tgi_request_raw_input_length_sum,http,10.128.4.158:3000,tgis-bam,fmaas-monitoring,llama3,openshift-user-workload-monitoring/user-workload,tgis-bam,29921847.0
2024-05-17 15:58:26.105999947,tgi_request_raw_input_length_sum,http,10.128.4.158:3000,tgis-bam,fmaas-monitoring,llama3,openshift-user-workload-monitoring/user-workload,tgis-bam,29921847.0
2024-05-17 15:58:31.105999947,tgi_request_raw_input_length_sum,http,10.128.4.158:3000,tgis-bam,fmaas-monitoring,llama3,openshift-user-workload-monitoring/user-workload,tgis-bam,29921847.0
2024-05-17 15:58:36.105999947,tgi_request_raw_input_length_sum,http,10.128.4.158:3000,tgis-bam,fmaas-monitoring,llama3,openshift-user-workload-monitoring/user-workload,tgis-bam,29921847.0
2024-05-17 15:58:41.105999947,tgi_request_raw_input_length_sum,http,10.128.4.158:3000,tgis-bam,fmaas-monitoring,llama3,openshift-user-workload-monitoring/user-workload,tgis-bam,29922581.0
2024-05-17 15:58:46.105999947,tgi_request_raw_input_length_sum,http,10.128.4.158:3000,tgis-bam,fmaas-monitoring,llama3,openshift-user-workload-monitoring/user-workload,tgis-bam,29932239.0
2024-05-17 15:58:51.105999947,tgi_request_raw_input_length_sum,http,10.128.4.158:3000,tgis-bam,fmaas-monitoring,llama3,openshift-user-workload-monitoring/user-workload,tgis-bam,29944806.0
2024-05-17 15:58:56.105999947,tgi_request_raw_input_length_sum,http,10.128.4.158:3000,tgis-bam,fmaas-monitoring,llama3,openshift-user-workload-monitoring/user-workload,tgis-bam,29950977.0
2024-05-17 15:59:01.105999947,tgi_request_raw_input_length_sum,http,10.128.4.158:3000,tgis-bam,fmaas-monitoring,llama3,openshift-user-workload-monitoring/user-workload,tgis-bam,29959936.0
2024-05-17 15:59:06.105999947,tgi_request_raw_input_length_sum,http,10.128.4.158:3000,tgis-bam,fmaas-monitoring,llama3,openshift-user-workload-monitoring/user-workload,tgis-bam,29987523.0
2024-05-17 15:59:11.105999947,tgi_request_raw_input_length_sum,http,10.128.4.158:3000,tgis-bam,fmaas-monitoring,llama3,openshift-user-workload-monitoring/user-workload,tgis-bam,29996614.0
2024-05-17 15:59:16.105999947,tgi_request_raw_input_length_sum,http,10.128.4.158:3000,tgis-bam,fmaas-monitoring,llama3,openshift-user-workload-monitoring/user-workload,tgis-bam,30025548.0
2024-05-17 15:59:21.105999947,tgi_request_raw_input_length_sum,http,10.128.4.158:3000,tgis-bam,fmaas-monitoring,llama3,openshift-user-workload-monitoring/user-workload,tgis-bam,30025548.0
2024-05-17 15:59:26.105999947,tgi_request_raw_input_length_sum,http,10.128.4.158:3000,tgis-bam,fmaas-monitoring,llama3,openshift-user-workload-monitoring/user-workload,tgis-bam,30025548.0
2024-05-17 15:59:31.105999947,tgi_request_raw_input_length_sum,http,10.128.4.158:3000,tgis-bam,fmaas-monitoring,llama3,openshift-user-workload-monitoring/user-workload,tgis-bam,30025548.0
2024-05-17 15:59:36.105999947,tgi_request_raw_input_length_sum,http,10.128.4.158:3000,tgis-bam,fmaas-monitoring,llama3,openshift-user-workload-monitoring/user-workload,tgis-bam,30025548.0
2024-05-17 15:59:41.105999947,tgi_request_raw_input_length_sum,http,10.128.4.158:3000,tgis-bam,fmaas-monitoring,llama3,openshift-user-workload-monitoring/user-workload,tgis-bam,30028212.0
2024-05-17 15:59:46.105999947,tgi_request_raw_input_length_sum,http,10.128.4.158:3000,tgis-bam,fmaas-monitoring,llama3,openshift-user-workload-monitoring/user-workload,tgis-bam,30050385.0
2024-05-17 15:59:51.105999947,tgi_request_raw_input_length_sum,http,10.128.4.158:3000,tgis-bam,fmaas-monitoring,llama3,openshift-user-workload-monitoring/user-workload,tgis-bam,30061900.0
2024-05-17 15:59:56.105999947,tgi_request_raw_input_length_sum,http,10.128.4.158:3000,tgis-bam,fmaas-monitoring,llama3,openshift-user-workload-monitoring/user-workload,tgis-bam,30074433.0
2024-05-17 16:00:01.105999947,tgi_request_raw_input_length_sum,http,10.128.4.158:3000,tgis-bam,fmaas-monitoring,llama3,openshift-user-workload-monitoring/user-workload,tgis-bam,30097316.0
2024-05-17 16:00:06.105999947,tgi_request_raw_input_length_sum,http,10.128.4.158:3000,tgis-bam,fmaas-monitoring,llama3,openshift-user-workload-monitoring/user-workload,tgis-bam,30120638.0
2024-05-17 16:00:11.105999947,tgi_request_raw_input_length_sum,http,10.128.4.158:3000,tgis-bam,fmaas-monitoring,llama3,openshift-user-workload-monitoring/user-workload,tgis-bam,30135911.0
2024-05-17 16:00:16.105999947,tgi_request_raw_input_length_sum,http,10.128.4.158:3000,tgis-bam,fmaas-monitoring,llama3,openshift-user-workload-monitoring/user-workload,tgis-bam,30135911.0
2024-05-17 16:00:21.105999947,tgi_request_raw_input_length_sum,http,10.128.4.158:3000,tgis-bam,fmaas-monitoring,llama3,openshift-user-workload-monitoring/user-workload,tgis-bam,30135911.0
2024-05-17 16:00:26.105999947,tgi_request_raw_input_length_sum,http,10.128.4.158:3000,tgis-bam,fmaas-monitoring,llama3,openshift-user-workload-monitoring/user-workload,tgis-bam,30135911.0
2024-05-17 16:00:31.105999947,tgi_request_raw_input_length_sum,http,10.128.4.158:3000,tgis-bam,fmaas-monitoring,llama3,openshift-user-workload-monitoring/user-workload,tgis-bam,30135911.0
2024-05-17 16:00:36.105999947,tgi_request_raw_input_length_sum,http,10.128.4.158:3000,tgis-bam,fmaas-monitoring,llama3,openshift-user-workload-monitoring/user-workload,tgis-bam,30135911.0
2024-05-17 16:00:41.105999947,tgi_request_raw_input_length_sum,http,10.128.4.158:3000,tgis-bam,fmaas-monitoring,llama3,openshift-user-workload-monitoring/user-workload,tgis-bam,30142870.0
2024-05-17 16:00:46.105999947,tgi_request_raw_input_length_sum,http,10.128.4.158:3000,tgis-bam,fmaas-monitoring,llama3,openshift-user-workload-monitoring/user-workload,tgis-bam,30163805.0
2024-05-17 16:00:51.105999947,tgi_request_raw_input_length_sum,http,10.128.4.158:3000,tgis-bam,fmaas-monitoring,llama3,openshift-user-workload-monitoring/user-workload,tgis-bam,30191362.0
2024-05-17 16:00:56.105999947,tgi_request_raw_input_length_sum,http,10.128.4.158:3000,tgis-bam,fmaas-monitoring,llama3,openshift-user-workload-monitoring/user-workload,tgis-bam,30221845.0
2024-05-17 16:01:01.105999947,tgi_request_raw_input_length_sum,http,10.128.4.158:3000,tgis-bam,fmaas-monitoring,llama3,openshift-user-workload-monitoring/user-workload,tgis-bam,30248529.0
2024-05-17 16:01:06.105999947,tgi_request_raw_input_length_sum,http,10.128.4.158:3000,tgis-bam,fmaas-monitoring,llama3,openshift-user-workload-monitoring/user-workload,tgis-bam,30255814.0
2024-05-17 16:01:11.105999947,tgi_request_raw_input_length_sum,http,10.128.4.158:3000,tgis-bam,fmaas-monitoring,llama3,openshift-user-workload-monitoring/user-workload,tgis-bam,30255814.0
2024-05-17 16:01:16.105999947,tgi_request_raw_input_length_sum,http,10.128.4.158:3000,tgis-bam,fmaas-monitoring,llama3,openshift-user-workload-monitoring/user-workload,tgis-bam,30255814.0
2024-05-17 16:01:21.105999947,tgi_request_raw_input_length_sum,http,10.128.4.158:3000,tgis-bam,fmaas-monitoring,llama3,openshift-user-workload-monitoring/user-workload,tgis-bam,30255814.0
2024-05-17 16:01:26.105999947,tgi_request_raw_input_length_sum,http,10.128.4.158:3000,tgis-bam,fmaas-monitoring,llama3,openshift-user-workload-monitoring/user-workload,tgis-bam,30255814.0
2024-05-17 16:01:31.105999947,tgi_request_raw_input_length_sum,http,10.128.4.158:3000,tgis-bam,fmaas-monitoring,llama3,openshift-user-workload-monitoring/user-workload,tgis-bam,30255814.0
2024-05-17 16:01:36.105999947,tgi_request_raw_input_length_sum,http,10.128.4.158:3000,tgis-bam,fmaas-monitoring,llama3,openshift-user-workload-monitoring/user-workload,tgis-bam,30255814.0
2024-05-17 16:01:41.105999947,tgi_request_raw_input_length_sum,http,10.128.4.158:3000,tgis-bam,fmaas-monitoring,llama3,openshift-user-workload-monitoring/user-workload,tgis-bam,30255974.0
2024-05-17 16:01:46.105999947,tgi_request_raw_input_length_sum,http,10.128.4.158:3000,tgis-bam,fmaas-monitoring,llama3,openshift-user-workload-monitoring/user-workload,tgis-bam,30271350.0
2024-05-17 16:01:51.105999947,tgi_request_raw_input_length_sum,http,10.128.4.158:3000,tgis-bam,fmaas-monitoring,llama3,openshift-user-workload-monitoring/user-workload,tgis-bam,30309596.0
2024-05-17 16:01:56.105999947,tgi_request_raw_input_length_sum,http,10.128.4.158:3000,tgis-bam,fmaas-monitoring,llama3,openshift-user-workload-monitoring/user-workload,tgis-bam,30331543.0
2024-05-17 16:02:01.105999947,tgi_request_raw_input_length_sum,http,10.128.4.158:3000,tgis-bam,fmaas-monitoring,llama3,openshift-user-workload-monitoring/user-workload,tgis-bam,30346819.0
2024-05-17 16:02:06.105999947,tgi_request_raw_input_length_sum,http,10.128.4.158:3000,tgis-bam,fmaas-monitoring,llama3,openshift-user-workload-monitoring/user-workload,tgis-bam,30362132.0
2024-05-17 16:02:11.105999947,tgi_request_raw_input_length_sum,http,10.128.4.158:3000,tgis-bam,fmaas-monitoring,llama3,openshift-user-workload-monitoring/user-workload,tgis-bam,30362132.0
2024-05-17 16:02:16.105999947,tgi_request_raw_input_length_sum,http,10.128.4.158:3000,tgis-bam,fmaas-monitoring,llama3,openshift-user-workload-monitoring/user-workload,tgis-bam,30362132.0
2024-05-17 16:02:21.105999947,tgi_request_raw_input_length_sum,http,10.128.4.158:3000,tgis-bam,fmaas-monitoring,llama3,openshift-user-workload-monitoring/user-workload,tgis-bam,30362132.0
2024-05-17 16:02:26.105999947,tgi_request_raw_input_length_sum,http,10.128.4.158:3000,tgis-bam,fmaas-monitoring,llama3,openshift-user-workload-monitoring/user-workload,tgis-bam,30362132.0
2024-05-17 16:02:31.105999947,tgi_request_raw_input_length_sum,http,10.128.4.158:3000,tgis-bam,fmaas-monitoring,llama3,openshift-user-workload-monitoring/user-workload,tgis-bam,30362132.0
2024-05-17 16:02:36.105999947,tgi_request_raw_input_length_sum,http,10.128.4.158:3000,tgis-bam,fmaas-monitoring,llama3,openshift-user-workload-monitoring/user-workload,tgis-bam,30362132.0
2024-05-17 16:02:41.105999947,tgi_request_raw_input_length_sum,http,10.128.4.158:3000,tgis-bam,fmaas-monitoring,llama3,openshift-user-workload-monitoring/user-workload,tgis-bam,30371356.0
2024-05-17 16:02:46.105999947,tgi_request_raw_input_length_sum,http,10.128.4.158:3000,tgis-bam,fmaas-monitoring,llama3,openshift-user-workload-monitoring/user-workload,tgis-bam,30402935.0
2024-05-17 16:02:51.105999947,tgi_request_raw_input_length_sum,http,10.128.4.158:3000,tgis-bam,fmaas-monitoring,llama3,openshift-user-workload-monitoring/user-workload,tgis-bam,30422565.0
2024-05-17 16:02:56.105999947,tgi_request_raw_input_length_sum,http,10.128.4.158:3000,tgis-bam,fmaas-monitoring,llama3,openshift-user-workload-monitoring/user-workload,tgis-bam,30431384.0
2024-05-17 16:03:01.112999916,tgi_request_raw_input_length_sum,http,10.128.4.158:3000,tgis-bam,fmaas-monitoring,llama3,openshift-user-workload-monitoring/user-workload,tgis-bam,30439974.0
2024-05-17 16:03:06.105999947,tgi_request_raw_input_length_sum,http,10.128.4.158:3000,tgis-bam,fmaas-monitoring,llama3,openshift-user-workload-monitoring/user-workload,tgis-bam,30459174.0
2024-05-17 16:03:11.105999947,tgi_request_raw_input_length_sum,http,10.128.4.158:3000,tgis-bam,fmaas-monitoring,llama3,openshift-user-workload-monitoring/user-workload,tgis-bam,30466131.0
2024-05-17 16:03:16.105999947,tgi_request_raw_input_length_sum,http,10.128.4.158:3000,tgis-bam,fmaas-monitoring,llama3,openshift-user-workload-monitoring/user-workload,tgis-bam,30466131.0
2024-05-17 16:03:21.105999947,tgi_request_raw_input_length_sum,http,10.128.4.158:3000,tgis-bam,fmaas-monitoring,llama3,openshift-user-workload-monitoring/user-workload,tgis-bam,30466131.0
2024-05-17 16:03:26.105999947,tgi_request_raw_input_length_sum,http,10.128.4.158:3000,tgis-bam,fmaas-monitoring,llama3,openshift-user-workload-monitoring/user-workload,tgis-bam,30466131.0
2024-05-17 16:03:31.105999947,tgi_request_raw_input_length_sum,http,10.128.4.158:3000,tgis-bam,fmaas-monitoring,llama3,openshift-user-workload-monitoring/user-workload,tgis-bam,30466131.0
2024-05-17 16:03:36.105999947,tgi_request_raw_input_length_sum,http,10.128.4.158:3000,tgis-bam,fmaas-monitoring,llama3,openshift-user-workload-monitoring/user-workload,tgis-bam,30466131.0
2024-05-17 16:03:41.105999947,tgi_request_raw_input_length_sum,http,10.128.4.158:3000,tgis-bam,fmaas-monitoring,llama3,openshift-user-workload-monitoring/user-workload,tgis-bam,30466166.0
2024-05-17 16:03:46.105999947,tgi_request_raw_input_length_sum,http,10.128.4.158:3000,tgis-bam,fmaas-monitoring,llama3,openshift-user-workload-monitoring/user-workload,tgis-bam,30482878.0
2024-05-17 16:03:51.105999947,tgi_request_raw_input_length_sum,http,10.128.4.158:3000,tgis-bam,fmaas-monitoring,llama3,openshift-user-workload-monitoring/user-workload,tgis-bam,30509426.0
2024-05-17 16:03:56.105999947,tgi_request_raw_input_length_sum,http,10.128.4.158:3000,tgis-bam,fmaas-monitoring,llama3,openshift-user-workload-monitoring/user-workload,tgis-bam,30526698.0
2024-05-17 16:04:01.105999947,tgi_request_raw_input_length_sum,http,10.128.4.158:3000,tgis-bam,fmaas-monitoring,llama3,openshift-user-workload-monitoring/user-workload,tgis-bam,30552406.0
2024-05-17 16:04:06.105999947,tgi_request_raw_input_length_sum,http,10.128.4.158:3000,tgis-bam,fmaas-monitoring,llama3,openshift-user-workload-monitoring/user-workload,tgis-bam,30558354.0
2024-05-17 16:04:11.105999947,tgi_request_raw_input_length_sum,http,10.128.4.158:3000,tgis-bam,fmaas-monitoring,llama3,openshift-user-workload-monitoring/user-workload,tgis-bam,30558354.0
2024-05-17 16:04:16.105999947,tgi_request_raw_input_length_sum,http,10.128.4.158:3000,tgis-bam,fmaas-monitoring,llama3,openshift-user-workload-monitoring/user-workload,tgis-bam,30558354.0
2024-05-17 16:04:21.105999947,tgi_request_raw_input_length_sum,http,10.128.4.158:3000,tgis-bam,fmaas-monitoring,llama3,openshift-user-workload-monitoring/user-workload,tgis-bam,30558354.0
2024-05-17 16:04:26.105999947,tgi_request_raw_input_length_sum,http,10.128.4.158:3000,tgis-bam,fmaas-monitoring,llama3,openshift-user-workload-monitoring/user-workload,tgis-bam,30558354.0
2024-05-17 16:04:31.105999947,tgi_request_raw_input_length_sum,http,10.128.4.158:3000,tgis-bam,fmaas-monitoring,llama3,openshift-user-workload-monitoring/user-workload,tgis-bam,30558354.0
2024-05-17 16:04:36.105999947,tgi_request_raw_input_length_sum,http,10.128.4.158:3000,tgis-bam,fmaas-monitoring,llama3,openshift-user-workload-monitoring/user-workload,tgis-bam,30558354.0
2024-05-17 16:04:41.105999947,tgi_request_raw_input_length_sum,http,10.128.4.158:3000,tgis-bam,fmaas-monitoring,llama3,openshift-user-workload-monitoring/user-workload,tgis-bam,30585900.0
2024-05-17 16:04:46.105999947,tgi_request_raw_input_length_sum,http,10.128.4.158:3000,tgis-bam,fmaas-monitoring,llama3,openshift-user-workload-monitoring/user-workload,tgis-bam,30595480.0
2024-05-17 16:04:51.105999947,tgi_request_raw_input_length_sum,http,10.128.4.158:3000,tgis-bam,fmaas-monitoring,llama3,openshift-user-workload-monitoring/user-workload,tgis-bam,30604629.0
2024-05-17 16:04:56.128999949,tgi_request_raw_input_length_sum,http,10.128.4.158:3000,tgis-bam,fmaas-monitoring,llama3,openshift-user-workload-monitoring/user-workload,tgis-bam,30614810.0
2024-05-17 16:05:01.105999947,tgi_request_raw_input_length_sum,http,10.128.4.158:3000,tgis-bam,fmaas-monitoring,llama3,openshift-user-workload-monitoring/user-workload,tgis-bam,30628362.0
2024-05-17 16:05:06.105999947,tgi_request_raw_input_length_sum,http,10.128.4.158:3000,tgis-bam,fmaas-monitoring,llama3,openshift-user-workload-monitoring/user-workload,tgis-bam,30649365.0
2024-05-17 16:05:11.105999947,tgi_request_raw_input_length_sum,http,10.128.4.158:3000,tgis-bam,fmaas-monitoring,llama3,openshift-user-workload-monitoring/user-workload,tgis-bam,30665530.0
2024-05-17 16:05:16.105999947,tgi_request_raw_input_length_sum,http,10.128.4.158:3000,tgis-bam,fmaas-monitoring,llama3,openshift-user-workload-monitoring/user-workload,tgis-bam,30665530.0
2024-05-17 16:05:21.105999947,tgi_request_raw_input_length_sum,http,10.128.4.158:3000,tgis-bam,fmaas-monitoring,llama3,openshift-user-workload-monitoring/user-workload,tgis-bam,30665530.0
2024-05-17 16:05:26.105999947,tgi_request_raw_input_length_sum,http,10.128.4.158:3000,tgis-bam,fmaas-monitoring,llama3,openshift-user-workload-monitoring/user-workload,tgis-bam,30665530.0
2024-05-17 16:05:31.105999947,tgi_request_raw_input_length_sum,http,10.128.4.158:3000,tgis-bam,fmaas-monitoring,llama3,openshift-user-workload-monitoring/user-workload,tgis-bam,30665530.0
2024-05-17 16:05:36.111000061,tgi_request_raw_input_length_sum,http,10.128.4.158:3000,tgis-bam,fmaas-monitoring,llama3,openshift-user-workload-monitoring/user-workload,tgis-bam,30665530.0
2024-05-17 16:05:41.105999947,tgi_request_raw_input_length_sum,http,10.128.4.158:3000,tgis-bam,fmaas-monitoring,llama3,openshift-user-workload-monitoring/user-workload,tgis-bam,30667444.0
2024-05-17 16:05:46.105999947,tgi_request_raw_input_length_sum,http,10.128.4.158:3000,tgis-bam,fmaas-monitoring,llama3,openshift-user-workload-monitoring/user-workload,tgis-bam,30709593.0
2024-05-17 16:05:51.105999947,tgi_request_raw_input_length_sum,http,10.128.4.158:3000,tgis-bam,fmaas-monitoring,llama3,openshift-user-workload-monitoring/user-workload,tgis-bam,30742892.0
2024-05-17 16:05:56.112999916,tgi_request_raw_input_length_sum,http,10.128.4.158:3000,tgis-bam,fmaas-monitoring,llama3,openshift-user-workload-monitoring/user-workload,tgis-bam,30766336.0
2024-05-17 16:06:01.105999947,tgi_request_raw_input_length_sum,http,10.128.4.158:3000,tgis-bam,fmaas-monitoring,llama3,openshift-user-workload-monitoring/user-workload,tgis-bam,30773702.0
2024-05-17 16:06:06.105999947,tgi_request_raw_input_length_sum,http,10.128.4.158:3000,tgis-bam,fmaas-monitoring,llama3,openshift-user-workload-monitoring/user-workload,tgis-bam,30773702.0
2024-05-17 16:06:11.105999947,tgi_request_raw_input_length_sum,http,10.128.4.158:3000,tgis-bam,fmaas-monitoring,llama3,openshift-user-workload-monitoring/user-workload,tgis-bam,30773702.0
2024-05-17 16:06:16.105999947,tgi_request_raw_input_length_sum,http,10.128.4.158:3000,tgis-bam,fmaas-monitoring,llama3,openshift-user-workload-monitoring/user-workload,tgis-bam,30773702.0
2024-05-17 16:06:21.105999947,tgi_request_raw_input_length_sum,http,10.128.4.158:3000,tgis-bam,fmaas-monitoring,llama3,openshift-user-workload-monitoring/user-workload,tgis-bam,30773702.0
2024-05-17 16:06:26.105999947,tgi_request_raw_input_length_sum,http,10.128.4.158:3000,tgis-bam,fmaas-monitoring,llama3,openshift-user-workload-monitoring/user-workload,tgis-bam,30773702.0
2024-05-17 16:06:31.105999947,tgi_request_raw_input_length_sum,http,10.128.4.158:3000,tgis-bam,fmaas-monitoring,llama3,openshift-user-workload-monitoring/user-workload,tgis-bam,30773702.0
2024-05-17 16:06:36.105999947,tgi_request_raw_input_length_sum,http,10.128.4.158:3000,tgis-bam,fmaas-monitoring,llama3,openshift-user-workload-monitoring/user-workload,tgis-bam,30773702.0
2024-05-17 16:06:41.105999947,tgi_request_raw_input_length_sum,http,10.128.4.158:3000,tgis-bam,fmaas-monitoring,llama3,openshift-user-workload-monitoring/user-workload,tgis-bam,30781318.0
2024-05-17 16:06:46.105999947,tgi_request_raw_input_length_sum,http,10.128.4.158:3000,tgis-bam,fmaas-monitoring,llama3,openshift-user-workload-monitoring/user-workload,tgis-bam,30836263.0
2024-05-17 16:06:51.105999947,tgi_request_raw_input_length_sum,http,10.128.4.158:3000,tgis-bam,fmaas-monitoring,llama3,openshift-user-workload-monitoring/user-workload,tgis-bam,30848896.0
2024-05-17 16:06:56.105999947,tgi_request_raw_input_length_sum,http,10.128.4.158:3000,tgis-bam,fmaas-monitoring,llama3,openshift-user-workload-monitoring/user-workload,tgis-bam,30871046.0
2024-05-17 16:07:01.105999947,tgi_request_raw_input_length_sum,http,10.128.4.158:3000,tgis-bam,fmaas-monitoring,llama3,openshift-user-workload-monitoring/user-workload,tgis-bam,30891048.0
2024-05-17 16:07:06.105999947,tgi_request_raw_input_length_sum,http,10.128.4.158:3000,tgis-bam,fmaas-monitoring,llama3,openshift-user-workload-monitoring/user-workload,tgis-bam,30908694.0
2024-05-17 16:07:11.105999947,tgi_request_raw_input_length_sum,http,10.128.4.158:3000,tgis-bam,fmaas-monitoring,llama3,openshift-user-workload-monitoring/user-workload,tgis-bam,30908694.0
2024-05-17 16:07:16.105999947,tgi_request_raw_input_length_sum,http,10.128.4.158:3000,tgis-bam,fmaas-monitoring,llama3,openshift-user-workload-monitoring/user-workload,tgis-bam,30908694.0
2024-05-17 16:07:21.105999947,tgi_request_raw_input_length_sum,http,10.128.4.158:3000,tgis-bam,fmaas-monitoring,llama3,openshift-user-workload-monitoring/user-workload,tgis-bam,30908694.0
2024-05-17 16:07:26.105999947,tgi_request_raw_input_length_sum,http,10.128.4.158:3000,tgis-bam,fmaas-monitoring,llama3,openshift-user-workload-monitoring/user-workload,tgis-bam,30908694.0
2024-05-17 16:07:31.105999947,tgi_request_raw_input_length_sum,http,10.128.4.158:3000,tgis-bam,fmaas-monitoring,llama3,openshift-user-workload-monitoring/user-workload,tgis-bam,30908694.0
2024-05-17 16:07:36.105999947,tgi_request_raw_input_length_sum,http,10.128.4.158:3000,tgis-bam,fmaas-monitoring,llama3,openshift-user-workload-monitoring/user-workload,tgis-bam,30908694.0
2024-05-17 16:07:41.105999947,tgi_request_raw_input_length_sum,http,10.128.4.158:3000,tgis-bam,fmaas-monitoring,llama3,openshift-user-workload-monitoring/user-workload,tgis-bam,30917430.0
2024-05-17 16:07:46.105999947,tgi_request_raw_input_length_sum,http,10.128.4.158:3000,tgis-bam,fmaas-monitoring,llama3,openshift-user-workload-monitoring/user-workload,tgis-bam,30933550.0
2024-05-17 16:07:51.105999947,tgi_request_raw_input_length_sum,http,10.128.4.158:3000,tgis-bam,fmaas-monitoring,llama3,openshift-user-workload-monitoring/user-workload,tgis-bam,30962858.0
2024-05-17 16:07:56.105999947,tgi_request_raw_input_length_sum,http,10.128.4.158:3000,tgis-bam,fmaas-monitoring,llama3,openshift-user-workload-monitoring/user-workload,tgis-bam,30982520.0
2024-05-17 16:08:01.105999947,tgi_request_raw_input_length_sum,http,10.128.4.158:3000,tgis-bam,fmaas-monitoring,llama3,openshift-user-workload-monitoring/user-workload,tgis-bam,31005779.0
2024-05-17 16:08:06.105999947,tgi_request_raw_input_length_sum,http,10.128.4.158:3000,tgis-bam,fmaas-monitoring,llama3,openshift-user-workload-monitoring/user-workload,tgis-bam,31022348.0
2024-05-17 16:08:11.105999947,tgi_request_raw_input_length_sum,http,10.128.4.158:3000,tgis-bam,fmaas-monitoring,llama3,openshift-user-workload-monitoring/user-workload,tgis-bam,31022348.0
2024-05-17 16:08:16.105999947,tgi_request_raw_input_length_sum,http,10.128.4.158:3000,tgis-bam,fmaas-monitoring,llama3,openshift-user-workload-monitoring/user-workload,tgis-bam,31022348.0
2024-05-17 16:08:21.105999947,tgi_request_raw_input_length_sum,http,10.128.4.158:3000,tgis-bam,fmaas-monitoring,llama3,openshift-user-workload-monitoring/user-workload,tgis-bam,31022348.0
2024-05-17 16:08:26.105999947,tgi_request_raw_input_length_sum,http,10.128.4.158:3000,tgis-bam,fmaas-monitoring,llama3,openshift-user-workload-monitoring/user-workload,tgis-bam,31022348.0
2024-05-17 16:08:31.105999947,tgi_request_raw_input_length_sum,http,10.128.4.158:3000,tgis-bam,fmaas-monitoring,llama3,openshift-user-workload-monitoring/user-workload,tgis-bam,31022348.0
2024-05-17 16:08:36.105999947,tgi_request_raw_input_length_sum,http,10.128.4.158:3000,tgis-bam,fmaas-monitoring,llama3,openshift-user-workload-monitoring/user-workload,tgis-bam,31022348.0
2024-05-17 16:08:41.105999947,tgi_request_raw_input_length_sum,http,10.128.4.158:3000,tgis-bam,fmaas-monitoring,llama3,openshift-user-workload-monitoring/user-workload,tgis-bam,31028113.0
2024-05-17 16:08:46.105999947,tgi_request_raw_input_length_sum,http,10.128.4.158:3000,tgis-bam,fmaas-monitoring,llama3,openshift-user-workload-monitoring/user-workload,tgis-bam,31039678.0
2024-05-17 16:08:51.105999947,tgi_request_raw_input_length_sum,http,10.128.4.158:3000,tgis-bam,fmaas-monitoring,llama3,openshift-user-workload-monitoring/user-workload,tgis-bam,31090430.0
2024-05-17 16:08:56.105999947,tgi_request_raw_input_length_sum,http,10.128.4.158:3000,tgis-bam,fmaas-monitoring,llama3,openshift-user-workload-monitoring/user-workload,tgis-bam,31149652.0
2024-05-17 16:09:01.105999947,tgi_request_raw_input_length_sum,http,10.128.4.158:3000,tgis-bam,fmaas-monitoring,llama3,openshift-user-workload-monitoring/user-workload,tgis-bam,31151768.0
2024-05-17 16:09:06.105999947,tgi_request_raw_input_length_sum,http,10.128.4.158:3000,tgis-bam,fmaas-monitoring,llama3,openshift-user-workload-monitoring/user-workload,tgis-bam,31151768.0
2024-05-17 16:09:11.105999947,tgi_request_raw_input_length_sum,http,10.128.4.158:3000,tgis-bam,fmaas-monitoring,llama3,openshift-user-workload-monitoring/user-workload,tgis-bam,31151768.0
2024-05-17 16:09:16.105999947,tgi_request_raw_input_length_sum,http,10.128.4.158:3000,tgis-bam,fmaas-monitoring,llama3,openshift-user-workload-monitoring/user-workload,tgis-bam,31151768.0
2024-05-17 16:09:21.105999947,tgi_request_raw_input_length_sum,http,10.128.4.158:3000,tgis-bam,fmaas-monitoring,llama3,openshift-user-workload-monitoring/user-workload,tgis-bam,31151768.0
2024-05-17 16:09:26.105999947,tgi_request_raw_input_length_sum,http,10.128.4.158:3000,tgis-bam,fmaas-monitoring,llama3,openshift-user-workload-monitoring/user-workload,tgis-bam,31151768.0
2024-05-17 16:09:31.105999947,tgi_request_raw_input_length_sum,http,10.128.4.158:3000,tgis-bam,fmaas-monitoring,llama3,openshift-user-workload-monitoring/user-workload,tgis-bam,31151768.0
2024-05-17 16:09:36.105999947,tgi_request_raw_input_length_sum,http,10.128.4.158:3000,tgis-bam,fmaas-monitoring,llama3,openshift-user-workload-monitoring/user-workload,tgis-bam,31151768.0
2024-05-17 16:09:41.105999947,tgi_request_raw_input_length_sum,http,10.128.4.158:3000,tgis-bam,fmaas-monitoring,llama3,openshift-user-workload-monitoring/user-workload,tgis-bam,31153752.0
2024-05-17 16:09:46.105999947,tgi_request_raw_input_length_sum,http,10.128.4.158:3000,tgis-bam,fmaas-monitoring,llama3,openshift-user-workload-monitoring/user-workload,tgis-bam,31172031.0
2024-05-17 16:09:51.105999947,tgi_request_raw_input_length_sum,http,10.128.4.158:3000,tgis-bam,fmaas-monitoring,llama3,openshift-user-workload-monitoring/user-workload,tgis-bam,31195494.0
2024-05-17 16:09:56.105999947,tgi_request_raw_input_length_sum,http,10.128.4.158:3000,tgis-bam,fmaas-monitoring,llama3,openshift-user-workload-monitoring/user-workload,tgis-bam,31220994.0
2024-05-17 16:10:01.138999939,tgi_request_raw_input_length_sum,http,10.128.4.158:3000,tgis-bam,fmaas-monitoring,llama3,openshift-user-workload-monitoring/user-workload,tgis-bam,31235453.0
2024-05-17 16:10:06.105999947,tgi_request_raw_input_length_sum,http,10.128.4.158:3000,tgis-bam,fmaas-monitoring,llama3,openshift-user-workload-monitoring/user-workload,tgis-bam,31259233.0
2024-05-17 16:10:11.105999947,tgi_request_raw_input_length_sum,http,10.128.4.158:3000,tgis-bam,fmaas-monitoring,llama3,openshift-user-workload-monitoring/user-workload,tgis-bam,31259233.0
2024-05-17 16:10:16.105999947,tgi_request_raw_input_length_sum,http,10.128.4.158:3000,tgis-bam,fmaas-monitoring,llama3,openshift-user-workload-monitoring/user-workload,tgis-bam,31259233.0
2024-05-17 16:10:21.105999947,tgi_request_raw_input_length_sum,http,10.128.4.158:3000,tgis-bam,fmaas-monitoring,llama3,openshift-user-workload-monitoring/user-workload,tgis-bam,31259233.0
2024-05-17 16:10:26.105999947,tgi_request_raw_input_length_sum,http,10.128.4.158:3000,tgis-bam,fmaas-monitoring,llama3,openshift-user-workload-monitoring/user-workload,tgis-bam,31259233.0
2024-05-17 16:10:31.105999947,tgi_request_raw_input_length_sum,http,10.128.4.158:3000,tgis-bam,fmaas-monitoring,llama3,openshift-user-workload-monitoring/user-workload,tgis-bam,31259233.0
2024-05-17 16:10:36.105999947,tgi_request_raw_input_length_sum,http,10.128.4.158:3000,tgis-bam,fmaas-monitoring,llama3,openshift-user-workload-monitoring/user-workload,tgis-bam,31259233.0
2024-05-17 16:10:41.105999947,tgi_request_raw_input_length_sum,http,10.128.4.158:3000,tgis-bam,fmaas-monitoring,llama3,openshift-user-workload-monitoring/user-workload,tgis-bam,31265742.0
2024-05-17 16:10:46.105999947,tgi_request_raw_input_length_sum,http,10.128.4.158:3000,tgis-bam,fmaas-monitoring,llama3,openshift-user-workload-monitoring/user-workload,tgis-bam,31297951.0
2024-05-17 16:10:51.105999947,tgi_request_raw_input_length_sum,http,10.128.4.158:3000,tgis-bam,fmaas-monitoring,llama3,openshift-user-workload-monitoring/user-workload,tgis-bam,31314801.0
2024-05-17 16:10:56.105999947,tgi_request_raw_input_length_sum,http,10.128.4.158:3000,tgis-bam,fmaas-monitoring,llama3,openshift-user-workload-monitoring/user-workload,tgis-bam,31325216.0
2024-05-17 16:11:01.105999947,tgi_request_raw_input_length_sum,http,10.128.4.158:3000,tgis-bam,fmaas-monitoring,llama3,openshift-user-workload-monitoring/user-workload,tgis-bam,31340665.0
2024-05-17 16:11:06.105999947,tgi_request_raw_input_length_sum,http,10.128.4.158:3000,tgis-bam,fmaas-monitoring,llama3,openshift-user-workload-monitoring/user-workload,tgis-bam,31342670.0
2024-05-17 16:11:11.105999947,tgi_request_raw_input_length_sum,http,10.128.4.158:3000,tgis-bam,fmaas-monitoring,llama3,openshift-user-workload-monitoring/user-workload,tgis-bam,31342670.0
2024-05-17 16:11:16.105999947,tgi_request_raw_input_length_sum,http,10.128.4.158:3000,tgis-bam,fmaas-monitoring,llama3,openshift-user-workload-monitoring/user-workload,tgis-bam,31342670.0
2024-05-17 16:11:21.105999947,tgi_request_raw_input_length_sum,http,10.128.4.158:3000,tgis-bam,fmaas-monitoring,llama3,openshift-user-workload-monitoring/user-workload,tgis-bam,31342670.0
2024-05-17 16:11:26.105999947,tgi_request_raw_input_length_sum,http,10.128.4.158:3000,tgis-bam,fmaas-monitoring,llama3,openshift-user-workload-monitoring/user-workload,tgis-bam,31342670.0
2024-05-17 16:11:31.108999968,tgi_request_raw_input_length_sum,http,10.128.4.158:3000,tgis-bam,fmaas-monitoring,llama3,openshift-user-workload-monitoring/user-workload,tgis-bam,31342670.0
2024-05-17 16:11:36.105999947,tgi_request_raw_input_length_sum,http,10.128.4.158:3000,tgis-bam,fmaas-monitoring,llama3,openshift-user-workload-monitoring/user-workload,tgis-bam,31342670.0
2024-05-17 16:11:41.105999947,tgi_request_raw_input_length_sum,http,10.128.4.158:3000,tgis-bam,fmaas-monitoring,llama3,openshift-user-workload-monitoring/user-workload,tgis-bam,31350765.0
2024-05-17 16:11:46.105999947,tgi_request_raw_input_length_sum,http,10.128.4.158:3000,tgis-bam,fmaas-monitoring,llama3,openshift-user-workload-monitoring/user-workload,tgis-bam,31358174.0
2024-05-17 16:11:51.105999947,tgi_request_raw_input_length_sum,http,10.128.4.158:3000,tgis-bam,fmaas-monitoring,llama3,openshift-user-workload-monitoring/user-workload,tgis-bam,31360996.0
2024-05-17 16:11:56.105999947,tgi_request_raw_input_length_sum,http,10.128.4.158:3000,tgis-bam,fmaas-monitoring,llama3,openshift-user-workload-monitoring/user-workload,tgis-bam,31366418.0
2024-05-17 16:12:01.105999947,tgi_request_raw_input_length_sum,http,10.128.4.158:3000,tgis-bam,fmaas-monitoring,llama3,openshift-user-workload-monitoring/user-workload,tgis-bam,31372701.0
2024-05-17 16:12:06.105999947,tgi_request_raw_input_length_sum,http,10.128.4.158:3000,tgis-bam,fmaas-monitoring,llama3,openshift-user-workload-monitoring/user-workload,tgis-bam,31403351.0
2024-05-17 16:12:11.105999947,tgi_request_raw_input_length_sum,http,10.128.4.158:3000,tgis-bam,fmaas-monitoring,llama3,openshift-user-workload-monitoring/user-workload,tgis-bam,31424600.0
2024-05-17 16:12:16.105999947,tgi_request_raw_input_length_sum,http,10.128.4.158:3000,tgis-bam,fmaas-monitoring,llama3,openshift-user-workload-monitoring/user-workload,tgis-bam,31438957.0
2024-05-17 16:12:21.105999947,tgi_request_raw_input_length_sum,http,10.128.4.158:3000,tgis-bam,fmaas-monitoring,llama3,openshift-user-workload-monitoring/user-workload,tgis-bam,31448099.0
2024-05-17 16:12:26.105999947,tgi_request_raw_input_length_sum,http,10.128.4.158:3000,tgis-bam,fmaas-monitoring,llama3,openshift-user-workload-monitoring/user-workload,tgis-bam,31448099.0
2024-05-17 16:12:31.105999947,tgi_request_raw_input_length_sum,http,10.128.4.158:3000,tgis-bam,fmaas-monitoring,llama3,openshift-user-workload-monitoring/user-workload,tgis-bam,31448099.0
2024-05-17 16:12:36.105999947,tgi_request_raw_input_length_sum,http,10.128.4.158:3000,tgis-bam,fmaas-monitoring,llama3,openshift-user-workload-monitoring/user-workload,tgis-bam,31448099.0
2024-05-17 16:12:41.105999947,tgi_request_raw_input_length_sum,http,10.128.4.158:3000,tgis-bam,fmaas-monitoring,llama3,openshift-user-workload-monitoring/user-workload,tgis-bam,31451886.0
2024-05-17 16:12:46.105999947,tgi_request_raw_input_length_sum,http,10.128.4.158:3000,tgis-bam,fmaas-monitoring,llama3,openshift-user-workload-monitoring/user-workload,tgis-bam,31483381.0
2024-05-17 16:12:51.105999947,tgi_request_raw_input_length_sum,http,10.128.4.158:3000,tgis-bam,fmaas-monitoring,llama3,openshift-user-workload-monitoring/user-workload,tgis-bam,31495478.0
2024-05-17 16:12:56.157000065,tgi_request_raw_input_length_sum,http,10.128.4.158:3000,tgis-bam,fmaas-monitoring,llama3,openshift-user-workload-monitoring/user-workload,tgis-bam,31535037.0
2024-05-17 16:13:01.105999947,tgi_request_raw_input_length_sum,http,10.128.4.158:3000,tgis-bam,fmaas-monitoring,llama3,openshift-user-workload-monitoring/user-workload,tgis-bam,31551997.0
2024-05-17 16:13:06.105999947,tgi_request_raw_input_length_sum,http,10.128.4.158:3000,tgis-bam,fmaas-monitoring,llama3,openshift-user-workload-monitoring/user-workload,tgis-bam,31551997.0
2024-05-17 16:13:11.105999947,tgi_request_raw_input_length_sum,http,10.128.4.158:3000,tgis-bam,fmaas-monitoring,llama3,openshift-user-workload-monitoring/user-workload,tgis-bam,31551997.0
2024-05-17 16:13:16.115000010,tgi_request_raw_input_length_sum,http,10.128.4.158:3000,tgis-bam,fmaas-monitoring,llama3,openshift-user-workload-monitoring/user-workload,tgis-bam,31551997.0
2024-05-17 16:13:21.105999947,tgi_request_raw_input_length_sum,http,10.128.4.158:3000,tgis-bam,fmaas-monitoring,llama3,openshift-user-workload-monitoring/user-workload,tgis-bam,31551997.0
2024-05-17 16:13:26.105999947,tgi_request_raw_input_length_sum,http,10.128.4.158:3000,tgis-bam,fmaas-monitoring,llama3,openshift-user-workload-monitoring/user-workload,tgis-bam,31551997.0
2024-05-17 16:13:31.105999947,tgi_request_raw_input_length_sum,http,10.128.4.158:3000,tgis-bam,fmaas-monitoring,llama3,openshift-user-workload-monitoring/user-workload,tgis-bam,31551997.0
2024-05-17 16:13:36.105999947,tgi_request_raw_input_length_sum,http,10.128.4.158:3000,tgis-bam,fmaas-monitoring,llama3,openshift-user-workload-monitoring/user-workload,tgis-bam,31551997.0
2024-05-17 16:13:41.105999947,tgi_request_raw_input_length_sum,http,10.128.4.158:3000,tgis-bam,fmaas-monitoring,llama3,openshift-user-workload-monitoring/user-workload,tgis-bam,31555197.0
2024-05-17 16:13:46.105999947,tgi_request_raw_input_length_sum,http,10.128.4.158:3000,tgis-bam,fmaas-monitoring,llama3,openshift-user-workload-monitoring/user-workload,tgis-bam,31572701.0
2024-05-17 16:13:51.105999947,tgi_request_raw_input_length_sum,http,10.128.4.158:3000,tgis-bam,fmaas-monitoring,llama3,openshift-user-workload-monitoring/user-workload,tgis-bam,31588537.0
2024-05-17 16:13:56.105999947,tgi_request_raw_input_length_sum,http,10.128.4.158:3000,tgis-bam,fmaas-monitoring,llama3,openshift-user-workload-monitoring/user-workload,tgis-bam,31616299.0
2024-05-17 16:14:01.105999947,tgi_request_raw_input_length_sum,http,10.128.4.158:3000,tgis-bam,fmaas-monitoring,llama3,openshift-user-workload-monitoring/user-workload,tgis-bam,31667724.0
2024-05-17 16:14:06.105999947,tgi_request_raw_input_length_sum,http,10.128.4.158:3000,tgis-bam,fmaas-monitoring,llama3,openshift-user-workload-monitoring/user-workload,tgis-bam,31670511.0
2024-05-17 16:14:11.114000082,tgi_request_raw_input_length_sum,http,10.128.4.158:3000,tgis-bam,fmaas-monitoring,llama3,openshift-user-workload-monitoring/user-workload,tgis-bam,31670511.0
2024-05-17 16:14:16.105999947,tgi_request_raw_input_length_sum,http,10.128.4.158:3000,tgis-bam,fmaas-monitoring,llama3,openshift-user-workload-monitoring/user-workload,tgis-bam,31670511.0
2024-05-17 16:14:21.105999947,tgi_request_raw_input_length_sum,http,10.128.4.158:3000,tgis-bam,fmaas-monitoring,llama3,openshift-user-workload-monitoring/user-workload,tgis-bam,31670511.0
2024-05-17 16:14:26.105999947,tgi_request_raw_input_length_sum,http,10.128.4.158:3000,tgis-bam,fmaas-monitoring,llama3,openshift-user-workload-monitoring/user-workload,tgis-bam,31670511.0
2024-05-17 16:14:31.105999947,tgi_request_raw_input_length_sum,http,10.128.4.158:3000,tgis-bam,fmaas-monitoring,llama3,openshift-user-workload-monitoring/user-workload,tgis-bam,31670511.0
2024-05-17 16:14:36.105999947,tgi_request_raw_input_length_sum,http,10.128.4.158:3000,tgis-bam,fmaas-monitoring,llama3,openshift-user-workload-monitoring/user-workload,tgis-bam,31670511.0
2024-05-17 16:14:41.105999947,tgi_request_raw_input_length_sum,http,10.128.4.158:3000,tgis-bam,fmaas-monitoring,llama3,openshift-user-workload-monitoring/user-workload,tgis-bam,31673754.0
2024-05-17 16:14:46.105999947,tgi_request_raw_input_length_sum,http,10.128.4.158:3000,tgis-bam,fmaas-monitoring,llama3,openshift-user-workload-monitoring/user-workload,tgis-bam,31684349.0
2024-05-17 16:14:51.105999947,tgi_request_raw_input_length_sum,http,10.128.4.158:3000,tgis-bam,fmaas-monitoring,llama3,openshift-user-workload-monitoring/user-workload,tgis-bam,31694563.0
2024-05-17 16:14:56.105999947,tgi_request_raw_input_length_sum,http,10.128.4.158:3000,tgis-bam,fmaas-monitoring,llama3,openshift-user-workload-monitoring/user-workload,tgis-bam,31719154.0
2024-05-17 16:15:01.105999947,tgi_request_raw_input_length_sum,http,10.128.4.158:3000,tgis-bam,fmaas-monitoring,llama3,openshift-user-workload-monitoring/user-workload,tgis-bam,31751563.0
2024-05-17 16:15:06.105999947,tgi_request_raw_input_length_sum,http,10.128.4.158:3000,tgis-bam,fmaas-monitoring,llama3,openshift-user-workload-monitoring/user-workload,tgis-bam,31760611.0
2024-05-17 16:15:11.142999887,tgi_request_raw_input_length_sum,http,10.128.4.158:3000,tgis-bam,fmaas-monitoring,llama3,openshift-user-workload-monitoring/user-workload,tgis-bam,31765347.0
2024-05-17 16:15:16.105999947,tgi_request_raw_input_length_sum,http,10.128.4.158:3000,tgis-bam,fmaas-monitoring,llama3,openshift-user-workload-monitoring/user-workload,tgis-bam,31765882.0
2024-05-17 16:15:21.105999947,tgi_request_raw_input_length_sum,http,10.128.4.158:3000,tgis-bam,fmaas-monitoring,llama3,openshift-user-workload-monitoring/user-workload,tgis-bam,31765882.0
2024-05-17 16:15:26.105999947,tgi_request_raw_input_length_sum,http,10.128.4.158:3000,tgis-bam,fmaas-monitoring,llama3,openshift-user-workload-monitoring/user-workload,tgis-bam,31765882.0
2024-05-17 16:15:31.174999952,tgi_request_raw_input_length_sum,http,10.128.4.158:3000,tgis-bam,fmaas-monitoring,llama3,openshift-user-workload-monitoring/user-workload,tgis-bam,31765882.0
2024-05-17 16:15:36.105999947,tgi_request_raw_input_length_sum,http,10.128.4.158:3000,tgis-bam,fmaas-monitoring,llama3,openshift-user-workload-monitoring/user-workload,tgis-bam,31765882.0
2024-05-17 16:15:41.105999947,tgi_request_raw_input_length_sum,http,10.128.4.158:3000,tgis-bam,fmaas-monitoring,llama3,openshift-user-workload-monitoring/user-workload,tgis-bam,31785895.0
2024-05-17 16:15:46.105999947,tgi_request_raw_input_length_sum,http,10.128.4.158:3000,tgis-bam,fmaas-monitoring,llama3,openshift-user-workload-monitoring/user-workload,tgis-bam,31816030.0
2024-05-17 16:15:51.105999947,tgi_request_raw_input_length_sum,http,10.128.4.158:3000,tgis-bam,fmaas-monitoring,llama3,openshift-user-workload-monitoring/user-workload,tgis-bam,31838722.0
2024-05-17 16:15:56.105999947,tgi_request_raw_input_length_sum,http,10.128.4.158:3000,tgis-bam,fmaas-monitoring,llama3,openshift-user-workload-monitoring/user-workload,tgis-bam,31872897.0
2024-05-17 16:16:01.105999947,tgi_request_raw_input_length_sum,http,10.128.4.158:3000,tgis-bam,fmaas-monitoring,llama3,openshift-user-workload-monitoring/user-workload,tgis-bam,31890338.0
2024-05-17 16:16:06.105999947,tgi_request_raw_input_length_sum,http,10.128.4.158:3000,tgis-bam,fmaas-monitoring,llama3,openshift-user-workload-monitoring/user-workload,tgis-bam,31890338.0
2024-05-17 16:16:11.105999947,tgi_request_raw_input_length_sum,http,10.128.4.158:3000,tgis-bam,fmaas-monitoring,llama3,openshift-user-workload-monitoring/user-workload,tgis-bam,31890338.0
2024-05-17 16:16:16.105999947,tgi_request_raw_input_length_sum,http,10.128.4.158:3000,tgis-bam,fmaas-monitoring,llama3,openshift-user-workload-monitoring/user-workload,tgis-bam,31890338.0
2024-05-17 16:16:21.105999947,tgi_request_raw_input_length_sum,http,10.128.4.158:3000,tgis-bam,fmaas-monitoring,llama3,openshift-user-workload-monitoring/user-workload,tgis-bam,31890338.0
2024-05-17 16:16:26.105999947,tgi_request_raw_input_length_sum,http,10.128.4.158:3000,tgis-bam,fmaas-monitoring,llama3,openshift-user-workload-monitoring/user-workload,tgis-bam,31890338.0
2024-05-17 16:16:31.105999947,tgi_request_raw_input_length_sum,http,10.128.4.158:3000,tgis-bam,fmaas-monitoring,llama3,openshift-user-workload-monitoring/user-workload,tgis-bam,31890338.0
2024-05-17 16:16:36.105999947,tgi_request_raw_input_length_sum,http,10.128.4.158:3000,tgis-bam,fmaas-monitoring,llama3,openshift-user-workload-monitoring/user-workload,tgis-bam,31890338.0
2024-05-17 16:16:41.105999947,tgi_request_raw_input_length_sum,http,10.128.4.158:3000,tgis-bam,fmaas-monitoring,llama3,openshift-user-workload-monitoring/user-workload,tgis-bam,31893850.0
2024-05-17 16:16:46.105999947,tgi_request_raw_input_length_sum,http,10.128.4.158:3000,tgis-bam,fmaas-monitoring,llama3,openshift-user-workload-monitoring/user-workload,tgis-bam,31911625.0
2024-05-17 16:16:51.105999947,tgi_request_raw_input_length_sum,http,10.128.4.158:3000,tgis-bam,fmaas-monitoring,llama3,openshift-user-workload-monitoring/user-workload,tgis-bam,31940867.0
2024-05-17 16:16:56.105999947,tgi_request_raw_input_length_sum,http,10.128.4.158:3000,tgis-bam,fmaas-monitoring,llama3,openshift-user-workload-monitoring/user-workload,tgis-bam,31959677.0
2024-05-17 16:17:01.105999947,tgi_request_raw_input_length_sum,http,10.128.4.158:3000,tgis-bam,fmaas-monitoring,llama3,openshift-user-workload-monitoring/user-workload,tgis-bam,31963823.0
2024-05-17 16:17:06.105999947,tgi_request_raw_input_length_sum,http,10.128.4.158:3000,tgis-bam,fmaas-monitoring,llama3,openshift-user-workload-monitoring/user-workload,tgis-bam,31974609.0
2024-05-17 16:17:11.105999947,tgi_request_raw_input_length_sum,http,10.128.4.158:3000,tgis-bam,fmaas-monitoring,llama3,openshift-user-workload-monitoring/user-workload,tgis-bam,31998062.0
2024-05-17 16:17:16.105999947,tgi_request_raw_input_length_sum,http,10.128.4.158:3000,tgis-bam,fmaas-monitoring,llama3,openshift-user-workload-monitoring/user-workload,tgis-bam,31998062.0
2024-05-17 16:17:21.105999947,tgi_request_raw_input_length_sum,http,10.128.4.158:3000,tgis-bam,fmaas-monitoring,llama3,openshift-user-workload-monitoring/user-workload,tgis-bam,31998062.0
2024-05-17 16:17:26.105999947,tgi_request_raw_input_length_sum,http,10.128.4.158:3000,tgis-bam,fmaas-monitoring,llama3,openshift-user-workload-monitoring/user-workload,tgis-bam,31998062.0
2024-05-17 16:17:31.105999947,tgi_request_raw_input_length_sum,http,10.128.4.158:3000,tgis-bam,fmaas-monitoring,llama3,openshift-user-workload-monitoring/user-workload,tgis-bam,31998062.0
2024-05-17 16:17:36.105999947,tgi_request_raw_input_length_sum,http,10.128.4.158:3000,tgis-bam,fmaas-monitoring,llama3,openshift-user-workload-monitoring/user-workload,tgis-bam,31998062.0
2024-05-17 16:17:41.105999947,tgi_request_raw_input_length_sum,http,10.128.4.158:3000,tgis-bam,fmaas-monitoring,llama3,openshift-user-workload-monitoring/user-workload,tgis-bam,31999904.0
2024-05-17 16:17:46.105999947,tgi_request_raw_input_length_sum,http,10.128.4.158:3000,tgis-bam,fmaas-monitoring,llama3,openshift-user-workload-monitoring/user-workload,tgis-bam,32022709.0
2024-05-17 16:17:51.105999947,tgi_request_raw_input_length_sum,http,10.128.4.158:3000,tgis-bam,fmaas-monitoring,llama3,openshift-user-workload-monitoring/user-workload,tgis-bam,32057043.0
2024-05-17 16:17:56.105999947,tgi_request_raw_input_length_sum,http,10.128.4.158:3000,tgis-bam,fmaas-monitoring,llama3,openshift-user-workload-monitoring/user-workload,tgis-bam,32090958.0
2024-05-17 16:18:01.105999947,tgi_request_raw_input_length_sum,http,10.128.4.158:3000,tgis-bam,fmaas-monitoring,llama3,openshift-user-workload-monitoring/user-workload,tgis-bam,32131066.0
2024-05-17 16:18:06.105999947,tgi_request_raw_input_length_sum,http,10.128.4.158:3000,tgis-bam,fmaas-monitoring,llama3,openshift-user-workload-monitoring/user-workload,tgis-bam,32131066.0
2024-05-17 16:18:11.105999947,tgi_request_raw_input_length_sum,http,10.128.4.158:3000,tgis-bam,fmaas-monitoring,llama3,openshift-user-workload-monitoring/user-workload,tgis-bam,32131066.0
2024-05-17 16:18:16.105999947,tgi_request_raw_input_length_sum,http,10.128.4.158:3000,tgis-bam,fmaas-monitoring,llama3,openshift-user-workload-monitoring/user-workload,tgis-bam,32131066.0
2024-05-17 16:18:21.105999947,tgi_request_raw_input_length_sum,http,10.128.4.158:3000,tgis-bam,fmaas-monitoring,llama3,openshift-user-workload-monitoring/user-workload,tgis-bam,32131066.0
2024-05-17 16:18:26.115000010,tgi_request_raw_input_length_sum,http,10.128.4.158:3000,tgis-bam,fmaas-monitoring,llama3,openshift-user-workload-monitoring/user-workload,tgis-bam,32131066.0
2024-05-17 16:18:31.105999947,tgi_request_raw_input_length_sum,http,10.128.4.158:3000,tgis-bam,fmaas-monitoring,llama3,openshift-user-workload-monitoring/user-workload,tgis-bam,32131066.0
2024-05-17 16:18:36.105999947,tgi_request_raw_input_length_sum,http,10.128.4.158:3000,tgis-bam,fmaas-monitoring,llama3,openshift-user-workload-monitoring/user-workload,tgis-bam,32131066.0
2024-05-17 16:18:41.118999958,tgi_request_raw_input_length_sum,http,10.128.4.158:3000,tgis-bam,fmaas-monitoring,llama3,openshift-user-workload-monitoring/user-workload,tgis-bam,32139794.0
2024-05-17 16:18:46.105999947,tgi_request_raw_input_length_sum,http,10.128.4.158:3000,tgis-bam,fmaas-monitoring,llama3,openshift-user-workload-monitoring/user-workload,tgis-bam,32159998.0
2024-05-17 16:18:51.105999947,tgi_request_raw_input_length_sum,http,10.128.4.158:3000,tgis-bam,fmaas-monitoring,llama3,openshift-user-workload-monitoring/user-workload,tgis-bam,32199685.0
2024-05-17 16:18:56.105999947,tgi_request_raw_input_length_sum,http,10.128.4.158:3000,tgis-bam,fmaas-monitoring,llama3,openshift-user-workload-monitoring/user-workload,tgis-bam,32241959.0
2024-05-17 16:19:01.105999947,tgi_request_raw_input_length_sum,http,10.128.4.158:3000,tgis-bam,fmaas-monitoring,llama3,openshift-user-workload-monitoring/user-workload,tgis-bam,32254750.0
2024-05-17 16:19:06.105999947,tgi_request_raw_input_length_sum,http,10.128.4.158:3000,tgis-bam,fmaas-monitoring,llama3,openshift-user-workload-monitoring/user-workload,tgis-bam,32254750.0
2024-05-17 16:19:11.105999947,tgi_request_raw_input_length_sum,http,10.128.4.158:3000,tgis-bam,fmaas-monitoring,llama3,openshift-user-workload-monitoring/user-workload,tgis-bam,32254750.0
2024-05-17 16:19:16.105999947,tgi_request_raw_input_length_sum,http,10.128.4.158:3000,tgis-bam,fmaas-monitoring,llama3,openshift-user-workload-monitoring/user-workload,tgis-bam,32254750.0
2024-05-17 16:19:21.105999947,tgi_request_raw_input_length_sum,http,10.128.4.158:3000,tgis-bam,fmaas-monitoring,llama3,openshift-user-workload-monitoring/user-workload,tgis-bam,32254750.0
2024-05-17 16:19:26.105999947,tgi_request_raw_input_length_sum,http,10.128.4.158:3000,tgis-bam,fmaas-monitoring,llama3,openshift-user-workload-monitoring/user-workload,tgis-bam,32254750.0
2024-05-17 16:19:31.105999947,tgi_request_raw_input_length_sum,http,10.128.4.158:3000,tgis-bam,fmaas-monitoring,llama3,openshift-user-workload-monitoring/user-workload,tgis-bam,32254750.0
2024-05-17 16:19:36.105999947,tgi_request_raw_input_length_sum,http,10.128.4.158:3000,tgis-bam,fmaas-monitoring,llama3,openshift-user-workload-monitoring/user-workload,tgis-bam,32254750.0
2024-05-17 16:19:41.105999947,tgi_request_raw_input_length_sum,http,10.128.4.158:3000,tgis-bam,fmaas-monitoring,llama3,openshift-user-workload-monitoring/user-workload,tgis-bam,32268541.0
2024-05-17 16:19:46.105999947,tgi_request_raw_input_length_sum,http,10.128.4.158:3000,tgis-bam,fmaas-monitoring,llama3,openshift-user-workload-monitoring/user-workload,tgis-bam,32294583.0
2024-05-17 16:19:51.105999947,tgi_request_raw_input_length_sum,http,10.128.4.158:3000,tgis-bam,fmaas-monitoring,llama3,openshift-user-workload-monitoring/user-workload,tgis-bam,32306353.0
2024-05-17 16:19:56.105999947,tgi_request_raw_input_length_sum,http,10.128.4.158:3000,tgis-bam,fmaas-monitoring,llama3,openshift-user-workload-monitoring/user-workload,tgis-bam,32327839.0
2024-05-17 16:20:01.105999947,tgi_request_raw_input_length_sum,http,10.128.4.158:3000,tgis-bam,fmaas-monitoring,llama3,openshift-user-workload-monitoring/user-workload,tgis-bam,32343511.0
2024-05-17 16:20:06.105999947,tgi_request_raw_input_length_sum,http,10.128.4.158:3000,tgis-bam,fmaas-monitoring,llama3,openshift-user-workload-monitoring/user-workload,tgis-bam,32375715.0
2024-05-17 16:20:11.105999947,tgi_request_raw_input_length_sum,http,10.128.4.158:3000,tgis-bam,fmaas-monitoring,llama3,openshift-user-workload-monitoring/user-workload,tgis-bam,32379206.0
2024-05-17 16:20:16.211999893,tgi_request_raw_input_length_sum,http,10.128.4.158:3000,tgis-bam,fmaas-monitoring,llama3,openshift-user-workload-monitoring/user-workload,tgis-bam,32379206.0
2024-05-17 16:20:21.105999947,tgi_request_raw_input_length_sum,http,10.128.4.158:3000,tgis-bam,fmaas-monitoring,llama3,openshift-user-workload-monitoring/user-workload,tgis-bam,32379206.0
2024-05-17 16:20:26.105999947,tgi_request_raw_input_length_sum,http,10.128.4.158:3000,tgis-bam,fmaas-monitoring,llama3,openshift-user-workload-monitoring/user-workload,tgis-bam,32379206.0
2024-05-17 16:20:31.105999947,tgi_request_raw_input_length_sum,http,10.128.4.158:3000,tgis-bam,fmaas-monitoring,llama3,openshift-user-workload-monitoring/user-workload,tgis-bam,32379206.0
2024-05-17 16:20:36.105999947,tgi_request_raw_input_length_sum,http,10.128.4.158:3000,tgis-bam,fmaas-monitoring,llama3,openshift-user-workload-monitoring/user-workload,tgis-bam,32379206.0
2024-05-17 16:20:41.105999947,tgi_request_raw_input_length_sum,http,10.128.4.158:3000,tgis-bam,fmaas-monitoring,llama3,openshift-user-workload-monitoring/user-workload,tgis-bam,32391665.0
2024-05-17 16:20:46.105999947,tgi_request_raw_input_length_sum,http,10.128.4.158:3000,tgis-bam,fmaas-monitoring,llama3,openshift-user-workload-monitoring/user-workload,tgis-bam,32415399.0
2024-05-17 16:20:51.105999947,tgi_request_raw_input_length_sum,http,10.128.4.158:3000,tgis-bam,fmaas-monitoring,llama3,openshift-user-workload-monitoring/user-workload,tgis-bam,32430896.0
2024-05-17 16:20:56.105999947,tgi_request_raw_input_length_sum,http,10.128.4.158:3000,tgis-bam,fmaas-monitoring,llama3,openshift-user-workload-monitoring/user-workload,tgis-bam,32445578.0
2024-05-17 16:21:01.105999947,tgi_request_raw_input_length_sum,http,10.128.4.158:3000,tgis-bam,fmaas-monitoring,llama3,openshift-user-workload-monitoring/user-workload,tgis-bam,32455351.0
2024-05-17 16:21:06.105999947,tgi_request_raw_input_length_sum,http,10.128.4.158:3000,tgis-bam,fmaas-monitoring,llama3,openshift-user-workload-monitoring/user-workload,tgis-bam,32488502.0
2024-05-17 16:21:11.105999947,tgi_request_raw_input_length_sum,http,10.128.4.158:3000,tgis-bam,fmaas-monitoring,llama3,openshift-user-workload-monitoring/user-workload,tgis-bam,32500160.0
2024-05-17 16:21:16.105999947,tgi_request_raw_input_length_sum,http,10.128.4.158:3000,tgis-bam,fmaas-monitoring,llama3,openshift-user-workload-monitoring/user-workload,tgis-bam,32500160.0
2024-05-17 16:21:21.105999947,tgi_request_raw_input_length_sum,http,10.128.4.158:3000,tgis-bam,fmaas-monitoring,llama3,openshift-user-workload-monitoring/user-workload,tgis-bam,32500160.0
2024-05-17 16:21:26.105999947,tgi_request_raw_input_length_sum,http,10.128.4.158:3000,tgis-bam,fmaas-monitoring,llama3,openshift-user-workload-monitoring/user-workload,tgis-bam,32500160.0
2024-05-17 16:21:31.105999947,tgi_request_raw_input_length_sum,http,10.128.4.158:3000,tgis-bam,fmaas-monitoring,llama3,openshift-user-workload-monitoring/user-workload,tgis-bam,32500160.0
2024-05-17 16:21:36.105999947,tgi_request_raw_input_length_sum,http,10.128.4.158:3000,tgis-bam,fmaas-monitoring,llama3,openshift-user-workload-monitoring/user-workload,tgis-bam,32500160.0
2024-05-17 16:21:41.105999947,tgi_request_raw_input_length_sum,http,10.128.4.158:3000,tgis-bam,fmaas-monitoring,llama3,openshift-user-workload-monitoring/user-workload,tgis-bam,32523286.0
2024-05-17 16:21:46.105999947,tgi_request_raw_input_length_sum,http,10.128.4.158:3000,tgis-bam,fmaas-monitoring,llama3,openshift-user-workload-monitoring/user-workload,tgis-bam,32548961.0
2024-05-17 16:21:51.105999947,tgi_request_raw_input_length_sum,http,10.128.4.158:3000,tgis-bam,fmaas-monitoring,llama3,openshift-user-workload-monitoring/user-workload,tgis-bam,32568631.0
2024-05-17 16:21:56.105999947,tgi_request_raw_input_length_sum,http,10.128.4.158:3000,tgis-bam,fmaas-monitoring,llama3,openshift-user-workload-monitoring/user-workload,tgis-bam,32590746.0
2024-05-17 16:22:01.105999947,tgi_request_raw_input_length_sum,http,10.128.4.158:3000,tgis-bam,fmaas-monitoring,llama3,openshift-user-workload-monitoring/user-workload,tgis-bam,32618534.0
2024-05-17 16:22:06.105999947,tgi_request_raw_input_length_sum,http,10.128.4.158:3000,tgis-bam,fmaas-monitoring,llama3,openshift-user-workload-monitoring/user-workload,tgis-bam,32618534.0
2024-05-17 16:22:11.105999947,tgi_request_raw_input_length_sum,http,10.128.4.158:3000,tgis-bam,fmaas-monitoring,llama3,openshift-user-workload-monitoring/user-workload,tgis-bam,32618534.0
2024-05-17 16:22:16.105999947,tgi_request_raw_input_length_sum,http,10.128.4.158:3000,tgis-bam,fmaas-monitoring,llama3,openshift-user-workload-monitoring/user-workload,tgis-bam,32618534.0
2024-05-17 16:22:21.105999947,tgi_request_raw_input_length_sum,http,10.128.4.158:3000,tgis-bam,fmaas-monitoring,llama3,openshift-user-workload-monitoring/user-workload,tgis-bam,32618534.0
2024-05-17 16:22:26.105999947,tgi_request_raw_input_length_sum,http,10.128.4.158:3000,tgis-bam,fmaas-monitoring,llama3,openshift-user-workload-monitoring/user-workload,tgis-bam,32618534.0
2024-05-17 16:22:31.105999947,tgi_request_raw_input_length_sum,http,10.128.4.158:3000,tgis-bam,fmaas-monitoring,llama3,openshift-user-workload-monitoring/user-workload,tgis-bam,32618534.0
2024-05-17 16:22:36.112999916,tgi_request_raw_input_length_sum,http,10.128.4.158:3000,tgis-bam,fmaas-monitoring,llama3,openshift-user-workload-monitoring/user-workload,tgis-bam,32618534.0
2024-05-17 16:22:41.105999947,tgi_request_raw_input_length_sum,http,10.128.4.158:3000,tgis-bam,fmaas-monitoring,llama3,openshift-user-workload-monitoring/user-workload,tgis-bam,32622139.0
2024-05-17 16:22:46.105999947,tgi_request_raw_input_length_sum,http,10.128.4.158:3000,tgis-bam,fmaas-monitoring,llama3,openshift-user-workload-monitoring/user-workload,tgis-bam,32636024.0
2024-05-17 16:22:51.105999947,tgi_request_raw_input_length_sum,http,10.128.4.158:3000,tgis-bam,fmaas-monitoring,llama3,openshift-user-workload-monitoring/user-workload,tgis-bam,32645890.0
2024-05-17 16:22:56.115999937,tgi_request_raw_input_length_sum,http,10.128.4.158:3000,tgis-bam,fmaas-monitoring,llama3,openshift-user-workload-monitoring/user-workload,tgis-bam,32664182.0
2024-05-17 16:23:01.105999947,tgi_request_raw_input_length_sum,http,10.128.4.158:3000,tgis-bam,fmaas-monitoring,llama3,openshift-user-workload-monitoring/user-workload,tgis-bam,32665045.0
2024-05-17 16:23:06.105999947,tgi_request_raw_input_length_sum,http,10.128.4.158:3000,tgis-bam,fmaas-monitoring,llama3,openshift-user-workload-monitoring/user-workload,tgis-bam,32678419.0
2024-05-17 16:23:11.105999947,tgi_request_raw_input_length_sum,http,10.128.4.158:3000,tgis-bam,fmaas-monitoring,llama3,openshift-user-workload-monitoring/user-workload,tgis-bam,32704634.0
2024-05-17 16:23:16.105999947,tgi_request_raw_input_length_sum,http,10.128.4.158:3000,tgis-bam,fmaas-monitoring,llama3,openshift-user-workload-monitoring/user-workload,tgis-bam,32715752.0
2024-05-17 16:23:21.105999947,tgi_request_raw_input_length_sum,http,10.128.4.158:3000,tgis-bam,fmaas-monitoring,llama3,openshift-user-workload-monitoring/user-workload,tgis-bam,32715752.0
2024-05-17 16:23:26.105999947,tgi_request_raw_input_length_sum,http,10.128.4.158:3000,tgis-bam,fmaas-monitoring,llama3,openshift-user-workload-monitoring/user-workload,tgis-bam,32715752.0
2024-05-17 16:23:31.105999947,tgi_request_raw_input_length_sum,http,10.128.4.158:3000,tgis-bam,fmaas-monitoring,llama3,openshift-user-workload-monitoring/user-workload,tgis-bam,32715752.0
2024-05-17 16:23:36.105999947,tgi_request_raw_input_length_sum,http,10.128.4.158:3000,tgis-bam,fmaas-monitoring,llama3,openshift-user-workload-monitoring/user-workload,tgis-bam,32715752.0
2024-05-17 16:23:41.105999947,tgi_request_raw_input_length_sum,http,10.128.4.158:3000,tgis-bam,fmaas-monitoring,llama3,openshift-user-workload-monitoring/user-workload,tgis-bam,32717302.0
2024-05-17 16:23:46.105999947,tgi_request_raw_input_length_sum,http,10.128.4.158:3000,tgis-bam,fmaas-monitoring,llama3,openshift-user-workload-monitoring/user-workload,tgis-bam,32728498.0
2024-05-17 16:23:51.105999947,tgi_request_raw_input_length_sum,http,10.128.4.158:3000,tgis-bam,fmaas-monitoring,llama3,openshift-user-workload-monitoring/user-workload,tgis-bam,32752628.0
2024-05-17 16:23:56.105999947,tgi_request_raw_input_length_sum,http,10.128.4.158:3000,tgis-bam,fmaas-monitoring,llama3,openshift-user-workload-monitoring/user-workload,tgis-bam,32765512.0
2024-05-17 16:24:01.105999947,tgi_request_raw_input_length_sum,http,10.128.4.158:3000,tgis-bam,fmaas-monitoring,llama3,openshift-user-workload-monitoring/user-workload,tgis-bam,32773716.0
2024-05-17 16:24:06.105999947,tgi_request_raw_input_length_sum,http,10.128.4.158:3000,tgis-bam,fmaas-monitoring,llama3,openshift-user-workload-monitoring/user-workload,tgis-bam,32789722.0
2024-05-17 16:24:11.105999947,tgi_request_raw_input_length_sum,http,10.128.4.158:3000,tgis-bam,fmaas-monitoring,llama3,openshift-user-workload-monitoring/user-workload,tgis-bam,32789722.0
2024-05-17 16:24:16.105999947,tgi_request_raw_input_length_sum,http,10.128.4.158:3000,tgis-bam,fmaas-monitoring,llama3,openshift-user-workload-monitoring/user-workload,tgis-bam,32789722.0
2024-05-17 16:24:21.105999947,tgi_request_raw_input_length_sum,http,10.128.4.158:3000,tgis-bam,fmaas-monitoring,llama3,openshift-user-workload-monitoring/user-workload,tgis-bam,32789722.0
2024-05-17 16:24:26.105999947,tgi_request_raw_input_length_sum,http,10.128.4.158:3000,tgis-bam,fmaas-monitoring,llama3,openshift-user-workload-monitoring/user-workload,tgis-bam,32789722.0
2024-05-17 16:24:31.137000084,tgi_request_raw_input_length_sum,http,10.128.4.158:3000,tgis-bam,fmaas-monitoring,llama3,openshift-user-workload-monitoring/user-workload,tgis-bam,32789722.0
2024-05-17 16:24:36.105999947,tgi_request_raw_input_length_sum,http,10.128.4.158:3000,tgis-bam,fmaas-monitoring,llama3,openshift-user-workload-monitoring/user-workload,tgis-bam,32789722.0
2024-05-17 16:24:41.105999947,tgi_request_raw_input_length_sum,http,10.128.4.158:3000,tgis-bam,fmaas-monitoring,llama3,openshift-user-workload-monitoring/user-workload,tgis-bam,32802078.0
2024-05-17 16:24:46.105999947,tgi_request_raw_input_length_sum,http,10.128.4.158:3000,tgis-bam,fmaas-monitoring,llama3,openshift-user-workload-monitoring/user-workload,tgis-bam,32815008.0
2024-05-17 16:24:51.105999947,tgi_request_raw_input_length_sum,http,10.128.4.158:3000,tgis-bam,fmaas-monitoring,llama3,openshift-user-workload-monitoring/user-workload,tgis-bam,32876557.0
2024-05-17 16:24:56.105999947,tgi_request_raw_input_length_sum,http,10.128.4.158:3000,tgis-bam,fmaas-monitoring,llama3,openshift-user-workload-monitoring/user-workload,tgis-bam,32895156.0
2024-05-17 16:25:01.105999947,tgi_request_raw_input_length_sum,http,10.128.4.158:3000,tgis-bam,fmaas-monitoring,llama3,openshift-user-workload-monitoring/user-workload,tgis-bam,32920107.0
2024-05-17 16:25:06.105999947,tgi_request_raw_input_length_sum,http,10.128.4.158:3000,tgis-bam,fmaas-monitoring,llama3,openshift-user-workload-monitoring/user-workload,tgis-bam,32920107.0
2024-05-17 16:25:11.105999947,tgi_request_raw_input_length_sum,http,10.128.4.158:3000,tgis-bam,fmaas-monitoring,llama3,openshift-user-workload-monitoring/user-workload,tgis-bam,32920107.0
2024-05-17 16:25:16.105999947,tgi_request_raw_input_length_sum,http,10.128.4.158:3000,tgis-bam,fmaas-monitoring,llama3,openshift-user-workload-monitoring/user-workload,tgis-bam,32920107.0
2024-05-17 16:25:21.105999947,tgi_request_raw_input_length_sum,http,10.128.4.158:3000,tgis-bam,fmaas-monitoring,llama3,openshift-user-workload-monitoring/user-workload,tgis-bam,32920107.0
2024-05-17 16:25:26.105999947,tgi_request_raw_input_length_sum,http,10.128.4.158:3000,tgis-bam,fmaas-monitoring,llama3,openshift-user-workload-monitoring/user-workload,tgis-bam,32920107.0
2024-05-17 16:25:31.105999947,tgi_request_raw_input_length_sum,http,10.128.4.158:3000,tgis-bam,fmaas-monitoring,llama3,openshift-user-workload-monitoring/user-workload,tgis-bam,32920107.0
2024-05-17 16:25:36.105999947,tgi_request_raw_input_length_sum,http,10.128.4.158:3000,tgis-bam,fmaas-monitoring,llama3,openshift-user-workload-monitoring/user-workload,tgis-bam,32920107.0
