timestamp,__name__,endpoint,instance,job,method,namespace,pod,prometheus,service,value
2024-07-31 06:24:00.203999996,tgi_batch_inference_batch_size_count,http,10.128.4.201:3000,tgis-bam,next_token,fmaas-monitoring,bloom-v3,openshift-user-workload-monitoring/user-workload,tgis-bam,52516.0
2024-07-31 06:24:05.203999996,tgi_batch_inference_batch_size_count,http,10.128.4.201:3000,tgis-bam,next_token,fmaas-monitoring,bloom-v3,openshift-user-workload-monitoring/user-workload,tgis-bam,52550.0
2024-07-31 06:24:10.203999996,tgi_batch_inference_batch_size_count,http,10.128.4.201:3000,tgis-bam,next_token,fmaas-monitoring,bloom-v3,openshift-user-workload-monitoring/user-workload,tgis-bam,52576.0
2024-07-31 06:24:15.203999996,tgi_batch_inference_batch_size_count,http,10.128.4.201:3000,tgis-bam,next_token,fmaas-monitoring,bloom-v3,openshift-user-workload-monitoring/user-workload,tgis-bam,52633.0
2024-07-31 06:24:20.203999996,tgi_batch_inference_batch_size_count,http,10.128.4.201:3000,tgis-bam,next_token,fmaas-monitoring,bloom-v3,openshift-user-workload-monitoring/user-workload,tgis-bam,52668.0
2024-07-31 06:24:25.203999996,tgi_batch_inference_batch_size_count,http,10.128.4.201:3000,tgis-bam,next_token,fmaas-monitoring,bloom-v3,openshift-user-workload-monitoring/user-workload,tgis-bam,52740.0
2024-07-31 06:24:30.203999996,tgi_batch_inference_batch_size_count,http,10.128.4.201:3000,tgis-bam,next_token,fmaas-monitoring,bloom-v3,openshift-user-workload-monitoring/user-workload,tgis-bam,52779.0
2024-07-31 06:24:35.213000059,tgi_batch_inference_batch_size_count,http,10.128.4.201:3000,tgis-bam,next_token,fmaas-monitoring,bloom-v3,openshift-user-workload-monitoring/user-workload,tgis-bam,52839.0
2024-07-31 06:24:40.203999996,tgi_batch_inference_batch_size_count,http,10.128.4.201:3000,tgis-bam,next_token,fmaas-monitoring,bloom-v3,openshift-user-workload-monitoring/user-workload,tgis-bam,52884.0
2024-07-31 06:24:45.203999996,tgi_batch_inference_batch_size_count,http,10.128.4.201:3000,tgis-bam,next_token,fmaas-monitoring,bloom-v3,openshift-user-workload-monitoring/user-workload,tgis-bam,52943.0
2024-07-31 06:24:50.203999996,tgi_batch_inference_batch_size_count,http,10.128.4.201:3000,tgis-bam,next_token,fmaas-monitoring,bloom-v3,openshift-user-workload-monitoring/user-workload,tgis-bam,52982.0
2024-07-31 06:24:55.203999996,tgi_batch_inference_batch_size_count,http,10.128.4.201:3000,tgis-bam,next_token,fmaas-monitoring,bloom-v3,openshift-user-workload-monitoring/user-workload,tgis-bam,53031.0
2024-07-31 06:25:00.203999996,tgi_batch_inference_batch_size_count,http,10.128.4.201:3000,tgis-bam,next_token,fmaas-monitoring,bloom-v3,openshift-user-workload-monitoring/user-workload,tgis-bam,53071.0
2024-07-31 06:25:05.203999996,tgi_batch_inference_batch_size_count,http,10.128.4.201:3000,tgis-bam,next_token,fmaas-monitoring,bloom-v3,openshift-user-workload-monitoring/user-workload,tgis-bam,53137.0
2024-07-31 06:25:10.203999996,tgi_batch_inference_batch_size_count,http,10.128.4.201:3000,tgis-bam,next_token,fmaas-monitoring,bloom-v3,openshift-user-workload-monitoring/user-workload,tgis-bam,53184.0
2024-07-31 06:25:15.203999996,tgi_batch_inference_batch_size_count,http,10.128.4.201:3000,tgis-bam,next_token,fmaas-monitoring,bloom-v3,openshift-user-workload-monitoring/user-workload,tgis-bam,53235.0
2024-07-31 06:25:20.203999996,tgi_batch_inference_batch_size_count,http,10.128.4.201:3000,tgis-bam,next_token,fmaas-monitoring,bloom-v3,openshift-user-workload-monitoring/user-workload,tgis-bam,53283.0
2024-07-31 06:25:25.203999996,tgi_batch_inference_batch_size_count,http,10.128.4.201:3000,tgis-bam,next_token,fmaas-monitoring,bloom-v3,openshift-user-workload-monitoring/user-workload,tgis-bam,53332.0
2024-07-31 06:25:30.203999996,tgi_batch_inference_batch_size_count,http,10.128.4.201:3000,tgis-bam,next_token,fmaas-monitoring,bloom-v3,openshift-user-workload-monitoring/user-workload,tgis-bam,53381.0
2024-07-31 06:25:35.203999996,tgi_batch_inference_batch_size_count,http,10.128.4.201:3000,tgis-bam,next_token,fmaas-monitoring,bloom-v3,openshift-user-workload-monitoring/user-workload,tgis-bam,53444.0
2024-07-31 06:25:40.203999996,tgi_batch_inference_batch_size_count,http,10.128.4.201:3000,tgis-bam,next_token,fmaas-monitoring,bloom-v3,openshift-user-workload-monitoring/user-workload,tgis-bam,53473.0
2024-07-31 06:25:45.203999996,tgi_batch_inference_batch_size_count,http,10.128.4.201:3000,tgis-bam,next_token,fmaas-monitoring,bloom-v3,openshift-user-workload-monitoring/user-workload,tgis-bam,53548.0
2024-07-31 06:25:50.203999996,tgi_batch_inference_batch_size_count,http,10.128.4.201:3000,tgis-bam,next_token,fmaas-monitoring,bloom-v3,openshift-user-workload-monitoring/user-workload,tgis-bam,53583.0
2024-07-31 06:25:55.203999996,tgi_batch_inference_batch_size_count,http,10.128.4.201:3000,tgis-bam,next_token,fmaas-monitoring,bloom-v3,openshift-user-workload-monitoring/user-workload,tgis-bam,53652.0
2024-07-31 06:26:00.203999996,tgi_batch_inference_batch_size_count,http,10.128.4.201:3000,tgis-bam,next_token,fmaas-monitoring,bloom-v3,openshift-user-workload-monitoring/user-workload,tgis-bam,53692.0
2024-07-31 06:26:05.203999996,tgi_batch_inference_batch_size_count,http,10.128.4.201:3000,tgis-bam,next_token,fmaas-monitoring,bloom-v3,openshift-user-workload-monitoring/user-workload,tgis-bam,53744.0
2024-07-31 06:26:10.203999996,tgi_batch_inference_batch_size_count,http,10.128.4.201:3000,tgis-bam,next_token,fmaas-monitoring,bloom-v3,openshift-user-workload-monitoring/user-workload,tgis-bam,53785.0
2024-07-31 06:26:15.203999996,tgi_batch_inference_batch_size_count,http,10.128.4.201:3000,tgis-bam,next_token,fmaas-monitoring,bloom-v3,openshift-user-workload-monitoring/user-workload,tgis-bam,53840.0
2024-07-31 06:26:20.203999996,tgi_batch_inference_batch_size_count,http,10.128.4.201:3000,tgis-bam,next_token,fmaas-monitoring,bloom-v3,openshift-user-workload-monitoring/user-workload,tgis-bam,53877.0
2024-07-31 06:26:25.203999996,tgi_batch_inference_batch_size_count,http,10.128.4.201:3000,tgis-bam,next_token,fmaas-monitoring,bloom-v3,openshift-user-workload-monitoring/user-workload,tgis-bam,53941.0
2024-07-31 06:26:30.203999996,tgi_batch_inference_batch_size_count,http,10.128.4.201:3000,tgis-bam,next_token,fmaas-monitoring,bloom-v3,openshift-user-workload-monitoring/user-workload,tgis-bam,53990.0
2024-07-31 06:26:35.203999996,tgi_batch_inference_batch_size_count,http,10.128.4.201:3000,tgis-bam,next_token,fmaas-monitoring,bloom-v3,openshift-user-workload-monitoring/user-workload,tgis-bam,54026.0
2024-07-31 06:26:40.203999996,tgi_batch_inference_batch_size_count,http,10.128.4.201:3000,tgis-bam,next_token,fmaas-monitoring,bloom-v3,openshift-user-workload-monitoring/user-workload,tgis-bam,54090.0
2024-07-31 06:26:45.203999996,tgi_batch_inference_batch_size_count,http,10.128.4.201:3000,tgis-bam,next_token,fmaas-monitoring,bloom-v3,openshift-user-workload-monitoring/user-workload,tgis-bam,54128.0
2024-07-31 06:26:50.203999996,tgi_batch_inference_batch_size_count,http,10.128.4.201:3000,tgis-bam,next_token,fmaas-monitoring,bloom-v3,openshift-user-workload-monitoring/user-workload,tgis-bam,54167.0
2024-07-31 06:26:55.203999996,tgi_batch_inference_batch_size_count,http,10.128.4.201:3000,tgis-bam,next_token,fmaas-monitoring,bloom-v3,openshift-user-workload-monitoring/user-workload,tgis-bam,54216.0
2024-07-31 06:27:00.203999996,tgi_batch_inference_batch_size_count,http,10.128.4.201:3000,tgis-bam,next_token,fmaas-monitoring,bloom-v3,openshift-user-workload-monitoring/user-workload,tgis-bam,54276.0
2024-07-31 06:27:05.203999996,tgi_batch_inference_batch_size_count,http,10.128.4.201:3000,tgis-bam,next_token,fmaas-monitoring,bloom-v3,openshift-user-workload-monitoring/user-workload,tgis-bam,54325.0
2024-07-31 06:27:10.203999996,tgi_batch_inference_batch_size_count,http,10.128.4.201:3000,tgis-bam,next_token,fmaas-monitoring,bloom-v3,openshift-user-workload-monitoring/user-workload,tgis-bam,54371.0
2024-07-31 06:27:15.203999996,tgi_batch_inference_batch_size_count,http,10.128.4.201:3000,tgis-bam,next_token,fmaas-monitoring,bloom-v3,openshift-user-workload-monitoring/user-workload,tgis-bam,54442.0
2024-07-31 06:27:20.203999996,tgi_batch_inference_batch_size_count,http,10.128.4.201:3000,tgis-bam,next_token,fmaas-monitoring,bloom-v3,openshift-user-workload-monitoring/user-workload,tgis-bam,54508.0
2024-07-31 06:27:25.203999996,tgi_batch_inference_batch_size_count,http,10.128.4.201:3000,tgis-bam,next_token,fmaas-monitoring,bloom-v3,openshift-user-workload-monitoring/user-workload,tgis-bam,54552.0
2024-07-31 06:27:30.203999996,tgi_batch_inference_batch_size_count,http,10.128.4.201:3000,tgis-bam,next_token,fmaas-monitoring,bloom-v3,openshift-user-workload-monitoring/user-workload,tgis-bam,54621.0
2024-07-31 06:27:35.203999996,tgi_batch_inference_batch_size_count,http,10.128.4.201:3000,tgis-bam,next_token,fmaas-monitoring,bloom-v3,openshift-user-workload-monitoring/user-workload,tgis-bam,54663.0
2024-07-31 06:27:40.203999996,tgi_batch_inference_batch_size_count,http,10.128.4.201:3000,tgis-bam,next_token,fmaas-monitoring,bloom-v3,openshift-user-workload-monitoring/user-workload,tgis-bam,54702.0
2024-07-31 06:27:45.203999996,tgi_batch_inference_batch_size_count,http,10.128.4.201:3000,tgis-bam,next_token,fmaas-monitoring,bloom-v3,openshift-user-workload-monitoring/user-workload,tgis-bam,54752.0
2024-07-31 06:27:50.203999996,tgi_batch_inference_batch_size_count,http,10.128.4.201:3000,tgis-bam,next_token,fmaas-monitoring,bloom-v3,openshift-user-workload-monitoring/user-workload,tgis-bam,54812.0
2024-07-31 06:27:55.203999996,tgi_batch_inference_batch_size_count,http,10.128.4.201:3000,tgis-bam,next_token,fmaas-monitoring,bloom-v3,openshift-user-workload-monitoring/user-workload,tgis-bam,54872.0
2024-07-31 06:28:00.203999996,tgi_batch_inference_batch_size_count,http,10.128.4.201:3000,tgis-bam,next_token,fmaas-monitoring,bloom-v3,openshift-user-workload-monitoring/user-workload,tgis-bam,54914.0
2024-07-31 06:28:05.203999996,tgi_batch_inference_batch_size_count,http,10.128.4.201:3000,tgis-bam,next_token,fmaas-monitoring,bloom-v3,openshift-user-workload-monitoring/user-workload,tgis-bam,54964.0
2024-07-31 06:28:10.203999996,tgi_batch_inference_batch_size_count,http,10.128.4.201:3000,tgis-bam,next_token,fmaas-monitoring,bloom-v3,openshift-user-workload-monitoring/user-workload,tgis-bam,55017.0
2024-07-31 06:28:15.203999996,tgi_batch_inference_batch_size_count,http,10.128.4.201:3000,tgis-bam,next_token,fmaas-monitoring,bloom-v3,openshift-user-workload-monitoring/user-workload,tgis-bam,55054.0
2024-07-31 06:28:20.203999996,tgi_batch_inference_batch_size_count,http,10.128.4.201:3000,tgis-bam,next_token,fmaas-monitoring,bloom-v3,openshift-user-workload-monitoring/user-workload,tgis-bam,55125.0
2024-07-31 06:28:25.203999996,tgi_batch_inference_batch_size_count,http,10.128.4.201:3000,tgis-bam,next_token,fmaas-monitoring,bloom-v3,openshift-user-workload-monitoring/user-workload,tgis-bam,55169.0
2024-07-31 06:28:30.203999996,tgi_batch_inference_batch_size_count,http,10.128.4.201:3000,tgis-bam,next_token,fmaas-monitoring,bloom-v3,openshift-user-workload-monitoring/user-workload,tgis-bam,55214.0
2024-07-31 06:28:35.203999996,tgi_batch_inference_batch_size_count,http,10.128.4.201:3000,tgis-bam,next_token,fmaas-monitoring,bloom-v3,openshift-user-workload-monitoring/user-workload,tgis-bam,55266.0
2024-07-31 06:28:40.203999996,tgi_batch_inference_batch_size_count,http,10.128.4.201:3000,tgis-bam,next_token,fmaas-monitoring,bloom-v3,openshift-user-workload-monitoring/user-workload,tgis-bam,55309.0
2024-07-31 06:28:45.203999996,tgi_batch_inference_batch_size_count,http,10.128.4.201:3000,tgis-bam,next_token,fmaas-monitoring,bloom-v3,openshift-user-workload-monitoring/user-workload,tgis-bam,55356.0
2024-07-31 06:28:50.203999996,tgi_batch_inference_batch_size_count,http,10.128.4.201:3000,tgis-bam,next_token,fmaas-monitoring,bloom-v3,openshift-user-workload-monitoring/user-workload,tgis-bam,55429.0
2024-07-31 06:28:55.203999996,tgi_batch_inference_batch_size_count,http,10.128.4.201:3000,tgis-bam,next_token,fmaas-monitoring,bloom-v3,openshift-user-workload-monitoring/user-workload,tgis-bam,55467.0
2024-07-31 06:29:00.203999996,tgi_batch_inference_batch_size_count,http,10.128.4.201:3000,tgis-bam,next_token,fmaas-monitoring,bloom-v3,openshift-user-workload-monitoring/user-workload,tgis-bam,55512.0
2024-07-31 06:29:05.203999996,tgi_batch_inference_batch_size_count,http,10.128.4.201:3000,tgis-bam,next_token,fmaas-monitoring,bloom-v3,openshift-user-workload-monitoring/user-workload,tgis-bam,55574.0
2024-07-31 06:29:10.203999996,tgi_batch_inference_batch_size_count,http,10.128.4.201:3000,tgis-bam,next_token,fmaas-monitoring,bloom-v3,openshift-user-workload-monitoring/user-workload,tgis-bam,55627.0
2024-07-31 06:29:15.203999996,tgi_batch_inference_batch_size_count,http,10.128.4.201:3000,tgis-bam,next_token,fmaas-monitoring,bloom-v3,openshift-user-workload-monitoring/user-workload,tgis-bam,55678.0
2024-07-31 06:29:20.203999996,tgi_batch_inference_batch_size_count,http,10.128.4.201:3000,tgis-bam,next_token,fmaas-monitoring,bloom-v3,openshift-user-workload-monitoring/user-workload,tgis-bam,55747.0
2024-07-31 06:29:25.207000017,tgi_batch_inference_batch_size_count,http,10.128.4.201:3000,tgis-bam,next_token,fmaas-monitoring,bloom-v3,openshift-user-workload-monitoring/user-workload,tgis-bam,55796.0
2024-07-31 06:29:30.203999996,tgi_batch_inference_batch_size_count,http,10.128.4.201:3000,tgis-bam,next_token,fmaas-monitoring,bloom-v3,openshift-user-workload-monitoring/user-workload,tgis-bam,55836.0
2024-07-31 06:29:35.203999996,tgi_batch_inference_batch_size_count,http,10.128.4.201:3000,tgis-bam,next_token,fmaas-monitoring,bloom-v3,openshift-user-workload-monitoring/user-workload,tgis-bam,55888.0
2024-07-31 06:29:40.203999996,tgi_batch_inference_batch_size_count,http,10.128.4.201:3000,tgis-bam,next_token,fmaas-monitoring,bloom-v3,openshift-user-workload-monitoring/user-workload,tgis-bam,55956.0
2024-07-31 06:29:45.203999996,tgi_batch_inference_batch_size_count,http,10.128.4.201:3000,tgis-bam,next_token,fmaas-monitoring,bloom-v3,openshift-user-workload-monitoring/user-workload,tgis-bam,55991.0
2024-07-31 06:29:50.203999996,tgi_batch_inference_batch_size_count,http,10.128.4.201:3000,tgis-bam,next_token,fmaas-monitoring,bloom-v3,openshift-user-workload-monitoring/user-workload,tgis-bam,56062.0
2024-07-31 06:29:55.203999996,tgi_batch_inference_batch_size_count,http,10.128.4.201:3000,tgis-bam,next_token,fmaas-monitoring,bloom-v3,openshift-user-workload-monitoring/user-workload,tgis-bam,56110.0
2024-07-31 06:30:00.203999996,tgi_batch_inference_batch_size_count,http,10.128.4.201:3000,tgis-bam,next_token,fmaas-monitoring,bloom-v3,openshift-user-workload-monitoring/user-workload,tgis-bam,56151.0
2024-07-31 06:30:05.209000111,tgi_batch_inference_batch_size_count,http,10.128.4.201:3000,tgis-bam,next_token,fmaas-monitoring,bloom-v3,openshift-user-workload-monitoring/user-workload,tgis-bam,56213.0
2024-07-31 06:30:10.203999996,tgi_batch_inference_batch_size_count,http,10.128.4.201:3000,tgis-bam,next_token,fmaas-monitoring,bloom-v3,openshift-user-workload-monitoring/user-workload,tgis-bam,56262.0
2024-07-31 06:30:15.203999996,tgi_batch_inference_batch_size_count,http,10.128.4.201:3000,tgis-bam,next_token,fmaas-monitoring,bloom-v3,openshift-user-workload-monitoring/user-workload,tgis-bam,56308.0
2024-07-31 06:30:20.203999996,tgi_batch_inference_batch_size_count,http,10.128.4.201:3000,tgis-bam,next_token,fmaas-monitoring,bloom-v3,openshift-user-workload-monitoring/user-workload,tgis-bam,56344.0
2024-07-31 06:30:25.203999996,tgi_batch_inference_batch_size_count,http,10.128.4.201:3000,tgis-bam,next_token,fmaas-monitoring,bloom-v3,openshift-user-workload-monitoring/user-workload,tgis-bam,56407.0
2024-07-31 06:30:30.203999996,tgi_batch_inference_batch_size_count,http,10.128.4.201:3000,tgis-bam,next_token,fmaas-monitoring,bloom-v3,openshift-user-workload-monitoring/user-workload,tgis-bam,56452.0
2024-07-31 06:30:35.203999996,tgi_batch_inference_batch_size_count,http,10.128.4.201:3000,tgis-bam,next_token,fmaas-monitoring,bloom-v3,openshift-user-workload-monitoring/user-workload,tgis-bam,56502.0
2024-07-31 06:30:40.203999996,tgi_batch_inference_batch_size_count,http,10.128.4.201:3000,tgis-bam,next_token,fmaas-monitoring,bloom-v3,openshift-user-workload-monitoring/user-workload,tgis-bam,56551.0
2024-07-31 06:30:45.203999996,tgi_batch_inference_batch_size_count,http,10.128.4.201:3000,tgis-bam,next_token,fmaas-monitoring,bloom-v3,openshift-user-workload-monitoring/user-workload,tgis-bam,56625.0
2024-07-31 06:30:50.209000111,tgi_batch_inference_batch_size_count,http,10.128.4.201:3000,tgis-bam,next_token,fmaas-monitoring,bloom-v3,openshift-user-workload-monitoring/user-workload,tgis-bam,56664.0
2024-07-31 06:30:55.203999996,tgi_batch_inference_batch_size_count,http,10.128.4.201:3000,tgis-bam,next_token,fmaas-monitoring,bloom-v3,openshift-user-workload-monitoring/user-workload,tgis-bam,56723.0
2024-07-31 06:31:00.203999996,tgi_batch_inference_batch_size_count,http,10.128.4.201:3000,tgis-bam,next_token,fmaas-monitoring,bloom-v3,openshift-user-workload-monitoring/user-workload,tgis-bam,56771.0
2024-07-31 06:31:05.203999996,tgi_batch_inference_batch_size_count,http,10.128.4.201:3000,tgis-bam,next_token,fmaas-monitoring,bloom-v3,openshift-user-workload-monitoring/user-workload,tgis-bam,56823.0
2024-07-31 06:31:10.203999996,tgi_batch_inference_batch_size_count,http,10.128.4.201:3000,tgis-bam,next_token,fmaas-monitoring,bloom-v3,openshift-user-workload-monitoring/user-workload,tgis-bam,56856.0
2024-07-31 06:31:15.203999996,tgi_batch_inference_batch_size_count,http,10.128.4.201:3000,tgis-bam,next_token,fmaas-monitoring,bloom-v3,openshift-user-workload-monitoring/user-workload,tgis-bam,56924.0
2024-07-31 06:31:20.203999996,tgi_batch_inference_batch_size_count,http,10.128.4.201:3000,tgis-bam,next_token,fmaas-monitoring,bloom-v3,openshift-user-workload-monitoring/user-workload,tgis-bam,56972.0
2024-07-31 06:31:25.203999996,tgi_batch_inference_batch_size_count,http,10.128.4.201:3000,tgis-bam,next_token,fmaas-monitoring,bloom-v3,openshift-user-workload-monitoring/user-workload,tgis-bam,57017.0
2024-07-31 06:31:30.203999996,tgi_batch_inference_batch_size_count,http,10.128.4.201:3000,tgis-bam,next_token,fmaas-monitoring,bloom-v3,openshift-user-workload-monitoring/user-workload,tgis-bam,57074.0
2024-07-31 06:31:35.203999996,tgi_batch_inference_batch_size_count,http,10.128.4.201:3000,tgis-bam,next_token,fmaas-monitoring,bloom-v3,openshift-user-workload-monitoring/user-workload,tgis-bam,57135.0
2024-07-31 06:31:40.213999987,tgi_batch_inference_batch_size_count,http,10.128.4.201:3000,tgis-bam,next_token,fmaas-monitoring,bloom-v3,openshift-user-workload-monitoring/user-workload,tgis-bam,57177.0
2024-07-31 06:31:45.203999996,tgi_batch_inference_batch_size_count,http,10.128.4.201:3000,tgis-bam,next_token,fmaas-monitoring,bloom-v3,openshift-user-workload-monitoring/user-workload,tgis-bam,57228.0
2024-07-31 06:31:50.203999996,tgi_batch_inference_batch_size_count,http,10.128.4.201:3000,tgis-bam,next_token,fmaas-monitoring,bloom-v3,openshift-user-workload-monitoring/user-workload,tgis-bam,57288.0
2024-07-31 06:31:55.203999996,tgi_batch_inference_batch_size_count,http,10.128.4.201:3000,tgis-bam,next_token,fmaas-monitoring,bloom-v3,openshift-user-workload-monitoring/user-workload,tgis-bam,57336.0
2024-07-31 06:32:00.203999996,tgi_batch_inference_batch_size_count,http,10.128.4.201:3000,tgis-bam,next_token,fmaas-monitoring,bloom-v3,openshift-user-workload-monitoring/user-workload,tgis-bam,57382.0
2024-07-31 06:32:05.203999996,tgi_batch_inference_batch_size_count,http,10.128.4.201:3000,tgis-bam,next_token,fmaas-monitoring,bloom-v3,openshift-user-workload-monitoring/user-workload,tgis-bam,57437.0
2024-07-31 06:32:10.203999996,tgi_batch_inference_batch_size_count,http,10.128.4.201:3000,tgis-bam,next_token,fmaas-monitoring,bloom-v3,openshift-user-workload-monitoring/user-workload,tgis-bam,57483.0
2024-07-31 06:32:15.203999996,tgi_batch_inference_batch_size_count,http,10.128.4.201:3000,tgis-bam,next_token,fmaas-monitoring,bloom-v3,openshift-user-workload-monitoring/user-workload,tgis-bam,57543.0
2024-07-31 06:32:20.203999996,tgi_batch_inference_batch_size_count,http,10.128.4.201:3000,tgis-bam,next_token,fmaas-monitoring,bloom-v3,openshift-user-workload-monitoring/user-workload,tgis-bam,57595.0
2024-07-31 06:32:25.203999996,tgi_batch_inference_batch_size_count,http,10.128.4.201:3000,tgis-bam,next_token,fmaas-monitoring,bloom-v3,openshift-user-workload-monitoring/user-workload,tgis-bam,57649.0
2024-07-31 06:32:30.203999996,tgi_batch_inference_batch_size_count,http,10.128.4.201:3000,tgis-bam,next_token,fmaas-monitoring,bloom-v3,openshift-user-workload-monitoring/user-workload,tgis-bam,57702.0
2024-07-31 06:32:35.203999996,tgi_batch_inference_batch_size_count,http,10.128.4.201:3000,tgis-bam,next_token,fmaas-monitoring,bloom-v3,openshift-user-workload-monitoring/user-workload,tgis-bam,57748.0
2024-07-31 06:32:40.203999996,tgi_batch_inference_batch_size_count,http,10.128.4.201:3000,tgis-bam,next_token,fmaas-monitoring,bloom-v3,openshift-user-workload-monitoring/user-workload,tgis-bam,57828.0
2024-07-31 06:32:45.203999996,tgi_batch_inference_batch_size_count,http,10.128.4.201:3000,tgis-bam,next_token,fmaas-monitoring,bloom-v3,openshift-user-workload-monitoring/user-workload,tgis-bam,57857.0
2024-07-31 06:32:50.203999996,tgi_batch_inference_batch_size_count,http,10.128.4.201:3000,tgis-bam,next_token,fmaas-monitoring,bloom-v3,openshift-user-workload-monitoring/user-workload,tgis-bam,57913.0
2024-07-31 06:32:55.203999996,tgi_batch_inference_batch_size_count,http,10.128.4.201:3000,tgis-bam,next_token,fmaas-monitoring,bloom-v3,openshift-user-workload-monitoring/user-workload,tgis-bam,57954.0
2024-07-31 06:33:00.203999996,tgi_batch_inference_batch_size_count,http,10.128.4.201:3000,tgis-bam,next_token,fmaas-monitoring,bloom-v3,openshift-user-workload-monitoring/user-workload,tgis-bam,58011.0
2024-07-31 06:33:05.203999996,tgi_batch_inference_batch_size_count,http,10.128.4.201:3000,tgis-bam,next_token,fmaas-monitoring,bloom-v3,openshift-user-workload-monitoring/user-workload,tgis-bam,58060.0
2024-07-31 06:33:10.203999996,tgi_batch_inference_batch_size_count,http,10.128.4.201:3000,tgis-bam,next_token,fmaas-monitoring,bloom-v3,openshift-user-workload-monitoring/user-workload,tgis-bam,58107.0
2024-07-31 06:33:15.203999996,tgi_batch_inference_batch_size_count,http,10.128.4.201:3000,tgis-bam,next_token,fmaas-monitoring,bloom-v3,openshift-user-workload-monitoring/user-workload,tgis-bam,58164.0
2024-07-31 06:33:20.203999996,tgi_batch_inference_batch_size_count,http,10.128.4.201:3000,tgis-bam,next_token,fmaas-monitoring,bloom-v3,openshift-user-workload-monitoring/user-workload,tgis-bam,58213.0
2024-07-31 06:33:25.203999996,tgi_batch_inference_batch_size_count,http,10.128.4.201:3000,tgis-bam,next_token,fmaas-monitoring,bloom-v3,openshift-user-workload-monitoring/user-workload,tgis-bam,58261.0
2024-07-31 06:33:30.203999996,tgi_batch_inference_batch_size_count,http,10.128.4.201:3000,tgis-bam,next_token,fmaas-monitoring,bloom-v3,openshift-user-workload-monitoring/user-workload,tgis-bam,58310.0
2024-07-31 06:33:35.203999996,tgi_batch_inference_batch_size_count,http,10.128.4.201:3000,tgis-bam,next_token,fmaas-monitoring,bloom-v3,openshift-user-workload-monitoring/user-workload,tgis-bam,58380.0
2024-07-31 06:33:40.203999996,tgi_batch_inference_batch_size_count,http,10.128.4.201:3000,tgis-bam,next_token,fmaas-monitoring,bloom-v3,openshift-user-workload-monitoring/user-workload,tgis-bam,58426.0
2024-07-31 06:33:45.203999996,tgi_batch_inference_batch_size_count,http,10.128.4.201:3000,tgis-bam,next_token,fmaas-monitoring,bloom-v3,openshift-user-workload-monitoring/user-workload,tgis-bam,58476.0
2024-07-31 06:33:50.203999996,tgi_batch_inference_batch_size_count,http,10.128.4.201:3000,tgis-bam,next_token,fmaas-monitoring,bloom-v3,openshift-user-workload-monitoring/user-workload,tgis-bam,58533.0
2024-07-31 06:33:55.203999996,tgi_batch_inference_batch_size_count,http,10.128.4.201:3000,tgis-bam,next_token,fmaas-monitoring,bloom-v3,openshift-user-workload-monitoring/user-workload,tgis-bam,58571.0
2024-07-31 06:24:00.203999996,tgi_batch_inference_batch_size_count,http,10.128.4.201:3000,tgis-bam,prefill,fmaas-monitoring,bloom-v3,openshift-user-workload-monitoring/user-workload,tgis-bam,8094.0
2024-07-31 06:24:05.203999996,tgi_batch_inference_batch_size_count,http,10.128.4.201:3000,tgis-bam,prefill,fmaas-monitoring,bloom-v3,openshift-user-workload-monitoring/user-workload,tgis-bam,8099.0
2024-07-31 06:24:10.203999996,tgi_batch_inference_batch_size_count,http,10.128.4.201:3000,tgis-bam,prefill,fmaas-monitoring,bloom-v3,openshift-user-workload-monitoring/user-workload,tgis-bam,8108.0
2024-07-31 06:24:15.203999996,tgi_batch_inference_batch_size_count,http,10.128.4.201:3000,tgis-bam,prefill,fmaas-monitoring,bloom-v3,openshift-user-workload-monitoring/user-workload,tgis-bam,8112.0
2024-07-31 06:24:20.203999996,tgi_batch_inference_batch_size_count,http,10.128.4.201:3000,tgis-bam,prefill,fmaas-monitoring,bloom-v3,openshift-user-workload-monitoring/user-workload,tgis-bam,8125.0
2024-07-31 06:24:25.203999996,tgi_batch_inference_batch_size_count,http,10.128.4.201:3000,tgis-bam,prefill,fmaas-monitoring,bloom-v3,openshift-user-workload-monitoring/user-workload,tgis-bam,8128.0
2024-07-31 06:24:30.203999996,tgi_batch_inference_batch_size_count,http,10.128.4.201:3000,tgis-bam,prefill,fmaas-monitoring,bloom-v3,openshift-user-workload-monitoring/user-workload,tgis-bam,8140.0
2024-07-31 06:24:35.213000059,tgi_batch_inference_batch_size_count,http,10.128.4.201:3000,tgis-bam,prefill,fmaas-monitoring,bloom-v3,openshift-user-workload-monitoring/user-workload,tgis-bam,8144.0
2024-07-31 06:24:40.203999996,tgi_batch_inference_batch_size_count,http,10.128.4.201:3000,tgis-bam,prefill,fmaas-monitoring,bloom-v3,openshift-user-workload-monitoring/user-workload,tgis-bam,8155.0
2024-07-31 06:24:45.203999996,tgi_batch_inference_batch_size_count,http,10.128.4.201:3000,tgis-bam,prefill,fmaas-monitoring,bloom-v3,openshift-user-workload-monitoring/user-workload,tgis-bam,8159.0
2024-07-31 06:24:50.203999996,tgi_batch_inference_batch_size_count,http,10.128.4.201:3000,tgis-bam,prefill,fmaas-monitoring,bloom-v3,openshift-user-workload-monitoring/user-workload,tgis-bam,8171.0
2024-07-31 06:24:55.203999996,tgi_batch_inference_batch_size_count,http,10.128.4.201:3000,tgis-bam,prefill,fmaas-monitoring,bloom-v3,openshift-user-workload-monitoring/user-workload,tgis-bam,8176.0
2024-07-31 06:25:00.203999996,tgi_batch_inference_batch_size_count,http,10.128.4.201:3000,tgis-bam,prefill,fmaas-monitoring,bloom-v3,openshift-user-workload-monitoring/user-workload,tgis-bam,8189.0
2024-07-31 06:25:05.203999996,tgi_batch_inference_batch_size_count,http,10.128.4.201:3000,tgis-bam,prefill,fmaas-monitoring,bloom-v3,openshift-user-workload-monitoring/user-workload,tgis-bam,8198.0
2024-07-31 06:25:10.203999996,tgi_batch_inference_batch_size_count,http,10.128.4.201:3000,tgis-bam,prefill,fmaas-monitoring,bloom-v3,openshift-user-workload-monitoring/user-workload,tgis-bam,8205.0
2024-07-31 06:25:15.203999996,tgi_batch_inference_batch_size_count,http,10.128.4.201:3000,tgis-bam,prefill,fmaas-monitoring,bloom-v3,openshift-user-workload-monitoring/user-workload,tgis-bam,8211.0
2024-07-31 06:25:20.203999996,tgi_batch_inference_batch_size_count,http,10.128.4.201:3000,tgis-bam,prefill,fmaas-monitoring,bloom-v3,openshift-user-workload-monitoring/user-workload,tgis-bam,8222.0
2024-07-31 06:25:25.203999996,tgi_batch_inference_batch_size_count,http,10.128.4.201:3000,tgis-bam,prefill,fmaas-monitoring,bloom-v3,openshift-user-workload-monitoring/user-workload,tgis-bam,8228.0
2024-07-31 06:25:30.203999996,tgi_batch_inference_batch_size_count,http,10.128.4.201:3000,tgis-bam,prefill,fmaas-monitoring,bloom-v3,openshift-user-workload-monitoring/user-workload,tgis-bam,8240.0
2024-07-31 06:25:35.203999996,tgi_batch_inference_batch_size_count,http,10.128.4.201:3000,tgis-bam,prefill,fmaas-monitoring,bloom-v3,openshift-user-workload-monitoring/user-workload,tgis-bam,8246.0
2024-07-31 06:25:40.203999996,tgi_batch_inference_batch_size_count,http,10.128.4.201:3000,tgis-bam,prefill,fmaas-monitoring,bloom-v3,openshift-user-workload-monitoring/user-workload,tgis-bam,8257.0
2024-07-31 06:25:45.203999996,tgi_batch_inference_batch_size_count,http,10.128.4.201:3000,tgis-bam,prefill,fmaas-monitoring,bloom-v3,openshift-user-workload-monitoring/user-workload,tgis-bam,8262.0
2024-07-31 06:25:50.203999996,tgi_batch_inference_batch_size_count,http,10.128.4.201:3000,tgis-bam,prefill,fmaas-monitoring,bloom-v3,openshift-user-workload-monitoring/user-workload,tgis-bam,8274.0
2024-07-31 06:25:55.203999996,tgi_batch_inference_batch_size_count,http,10.128.4.201:3000,tgis-bam,prefill,fmaas-monitoring,bloom-v3,openshift-user-workload-monitoring/user-workload,tgis-bam,8278.0
2024-07-31 06:26:00.203999996,tgi_batch_inference_batch_size_count,http,10.128.4.201:3000,tgis-bam,prefill,fmaas-monitoring,bloom-v3,openshift-user-workload-monitoring/user-workload,tgis-bam,8290.0
2024-07-31 06:26:05.203999996,tgi_batch_inference_batch_size_count,http,10.128.4.201:3000,tgis-bam,prefill,fmaas-monitoring,bloom-v3,openshift-user-workload-monitoring/user-workload,tgis-bam,8297.0
2024-07-31 06:26:10.203999996,tgi_batch_inference_batch_size_count,http,10.128.4.201:3000,tgis-bam,prefill,fmaas-monitoring,bloom-v3,openshift-user-workload-monitoring/user-workload,tgis-bam,8305.0
2024-07-31 06:26:15.203999996,tgi_batch_inference_batch_size_count,http,10.128.4.201:3000,tgis-bam,prefill,fmaas-monitoring,bloom-v3,openshift-user-workload-monitoring/user-workload,tgis-bam,8310.0
2024-07-31 06:26:20.203999996,tgi_batch_inference_batch_size_count,http,10.128.4.201:3000,tgis-bam,prefill,fmaas-monitoring,bloom-v3,openshift-user-workload-monitoring/user-workload,tgis-bam,8322.0
2024-07-31 06:26:25.203999996,tgi_batch_inference_batch_size_count,http,10.128.4.201:3000,tgis-bam,prefill,fmaas-monitoring,bloom-v3,openshift-user-workload-monitoring/user-workload,tgis-bam,8329.0
2024-07-31 06:26:30.203999996,tgi_batch_inference_batch_size_count,http,10.128.4.201:3000,tgis-bam,prefill,fmaas-monitoring,bloom-v3,openshift-user-workload-monitoring/user-workload,tgis-bam,8337.0
2024-07-31 06:26:35.203999996,tgi_batch_inference_batch_size_count,http,10.128.4.201:3000,tgis-bam,prefill,fmaas-monitoring,bloom-v3,openshift-user-workload-monitoring/user-workload,tgis-bam,8342.0
2024-07-31 06:26:40.203999996,tgi_batch_inference_batch_size_count,http,10.128.4.201:3000,tgis-bam,prefill,fmaas-monitoring,bloom-v3,openshift-user-workload-monitoring/user-workload,tgis-bam,8350.0
2024-07-31 06:26:45.203999996,tgi_batch_inference_batch_size_count,http,10.128.4.201:3000,tgis-bam,prefill,fmaas-monitoring,bloom-v3,openshift-user-workload-monitoring/user-workload,tgis-bam,8357.0
2024-07-31 06:26:50.203999996,tgi_batch_inference_batch_size_count,http,10.128.4.201:3000,tgis-bam,prefill,fmaas-monitoring,bloom-v3,openshift-user-workload-monitoring/user-workload,tgis-bam,8364.0
2024-07-31 06:26:55.203999996,tgi_batch_inference_batch_size_count,http,10.128.4.201:3000,tgis-bam,prefill,fmaas-monitoring,bloom-v3,openshift-user-workload-monitoring/user-workload,tgis-bam,8369.0
2024-07-31 06:27:00.203999996,tgi_batch_inference_batch_size_count,http,10.128.4.201:3000,tgis-bam,prefill,fmaas-monitoring,bloom-v3,openshift-user-workload-monitoring/user-workload,tgis-bam,8381.0
2024-07-31 06:27:05.203999996,tgi_batch_inference_batch_size_count,http,10.128.4.201:3000,tgis-bam,prefill,fmaas-monitoring,bloom-v3,openshift-user-workload-monitoring/user-workload,tgis-bam,8385.0
2024-07-31 06:27:10.203999996,tgi_batch_inference_batch_size_count,http,10.128.4.201:3000,tgis-bam,prefill,fmaas-monitoring,bloom-v3,openshift-user-workload-monitoring/user-workload,tgis-bam,8400.0
2024-07-31 06:27:15.203999996,tgi_batch_inference_batch_size_count,http,10.128.4.201:3000,tgis-bam,prefill,fmaas-monitoring,bloom-v3,openshift-user-workload-monitoring/user-workload,tgis-bam,8405.0
2024-07-31 06:27:20.203999996,tgi_batch_inference_batch_size_count,http,10.128.4.201:3000,tgis-bam,prefill,fmaas-monitoring,bloom-v3,openshift-user-workload-monitoring/user-workload,tgis-bam,8418.0
2024-07-31 06:27:25.203999996,tgi_batch_inference_batch_size_count,http,10.128.4.201:3000,tgis-bam,prefill,fmaas-monitoring,bloom-v3,openshift-user-workload-monitoring/user-workload,tgis-bam,8422.0
2024-07-31 06:27:30.203999996,tgi_batch_inference_batch_size_count,http,10.128.4.201:3000,tgis-bam,prefill,fmaas-monitoring,bloom-v3,openshift-user-workload-monitoring/user-workload,tgis-bam,8435.0
2024-07-31 06:27:35.203999996,tgi_batch_inference_batch_size_count,http,10.128.4.201:3000,tgis-bam,prefill,fmaas-monitoring,bloom-v3,openshift-user-workload-monitoring/user-workload,tgis-bam,8441.0
2024-07-31 06:27:40.203999996,tgi_batch_inference_batch_size_count,http,10.128.4.201:3000,tgis-bam,prefill,fmaas-monitoring,bloom-v3,openshift-user-workload-monitoring/user-workload,tgis-bam,8450.0
2024-07-31 06:27:45.203999996,tgi_batch_inference_batch_size_count,http,10.128.4.201:3000,tgis-bam,prefill,fmaas-monitoring,bloom-v3,openshift-user-workload-monitoring/user-workload,tgis-bam,8454.0
2024-07-31 06:27:50.203999996,tgi_batch_inference_batch_size_count,http,10.128.4.201:3000,tgis-bam,prefill,fmaas-monitoring,bloom-v3,openshift-user-workload-monitoring/user-workload,tgis-bam,8465.0
2024-07-31 06:27:55.203999996,tgi_batch_inference_batch_size_count,http,10.128.4.201:3000,tgis-bam,prefill,fmaas-monitoring,bloom-v3,openshift-user-workload-monitoring/user-workload,tgis-bam,8471.0
2024-07-31 06:28:00.203999996,tgi_batch_inference_batch_size_count,http,10.128.4.201:3000,tgis-bam,prefill,fmaas-monitoring,bloom-v3,openshift-user-workload-monitoring/user-workload,tgis-bam,8482.0
2024-07-31 06:28:05.203999996,tgi_batch_inference_batch_size_count,http,10.128.4.201:3000,tgis-bam,prefill,fmaas-monitoring,bloom-v3,openshift-user-workload-monitoring/user-workload,tgis-bam,8488.0
2024-07-31 06:28:10.203999996,tgi_batch_inference_batch_size_count,http,10.128.4.201:3000,tgis-bam,prefill,fmaas-monitoring,bloom-v3,openshift-user-workload-monitoring/user-workload,tgis-bam,8498.0
2024-07-31 06:28:15.203999996,tgi_batch_inference_batch_size_count,http,10.128.4.201:3000,tgis-bam,prefill,fmaas-monitoring,bloom-v3,openshift-user-workload-monitoring/user-workload,tgis-bam,8503.0
2024-07-31 06:28:20.203999996,tgi_batch_inference_batch_size_count,http,10.128.4.201:3000,tgis-bam,prefill,fmaas-monitoring,bloom-v3,openshift-user-workload-monitoring/user-workload,tgis-bam,8517.0
2024-07-31 06:28:25.203999996,tgi_batch_inference_batch_size_count,http,10.128.4.201:3000,tgis-bam,prefill,fmaas-monitoring,bloom-v3,openshift-user-workload-monitoring/user-workload,tgis-bam,8523.0
2024-07-31 06:28:30.203999996,tgi_batch_inference_batch_size_count,http,10.128.4.201:3000,tgis-bam,prefill,fmaas-monitoring,bloom-v3,openshift-user-workload-monitoring/user-workload,tgis-bam,8531.0
2024-07-31 06:28:35.203999996,tgi_batch_inference_batch_size_count,http,10.128.4.201:3000,tgis-bam,prefill,fmaas-monitoring,bloom-v3,openshift-user-workload-monitoring/user-workload,tgis-bam,8535.0
2024-07-31 06:28:40.203999996,tgi_batch_inference_batch_size_count,http,10.128.4.201:3000,tgis-bam,prefill,fmaas-monitoring,bloom-v3,openshift-user-workload-monitoring/user-workload,tgis-bam,8548.0
2024-07-31 06:28:45.203999996,tgi_batch_inference_batch_size_count,http,10.128.4.201:3000,tgis-bam,prefill,fmaas-monitoring,bloom-v3,openshift-user-workload-monitoring/user-workload,tgis-bam,8551.0
2024-07-31 06:28:50.203999996,tgi_batch_inference_batch_size_count,http,10.128.4.201:3000,tgis-bam,prefill,fmaas-monitoring,bloom-v3,openshift-user-workload-monitoring/user-workload,tgis-bam,8566.0
2024-07-31 06:28:55.203999996,tgi_batch_inference_batch_size_count,http,10.128.4.201:3000,tgis-bam,prefill,fmaas-monitoring,bloom-v3,openshift-user-workload-monitoring/user-workload,tgis-bam,8570.0
2024-07-31 06:29:00.203999996,tgi_batch_inference_batch_size_count,http,10.128.4.201:3000,tgis-bam,prefill,fmaas-monitoring,bloom-v3,openshift-user-workload-monitoring/user-workload,tgis-bam,8584.0
2024-07-31 06:29:05.203999996,tgi_batch_inference_batch_size_count,http,10.128.4.201:3000,tgis-bam,prefill,fmaas-monitoring,bloom-v3,openshift-user-workload-monitoring/user-workload,tgis-bam,8589.0
2024-07-31 06:29:10.203999996,tgi_batch_inference_batch_size_count,http,10.128.4.201:3000,tgis-bam,prefill,fmaas-monitoring,bloom-v3,openshift-user-workload-monitoring/user-workload,tgis-bam,8600.0
2024-07-31 06:29:15.203999996,tgi_batch_inference_batch_size_count,http,10.128.4.201:3000,tgis-bam,prefill,fmaas-monitoring,bloom-v3,openshift-user-workload-monitoring/user-workload,tgis-bam,8604.0
2024-07-31 06:29:20.203999996,tgi_batch_inference_batch_size_count,http,10.128.4.201:3000,tgis-bam,prefill,fmaas-monitoring,bloom-v3,openshift-user-workload-monitoring/user-workload,tgis-bam,8618.0
2024-07-31 06:29:25.207000017,tgi_batch_inference_batch_size_count,http,10.128.4.201:3000,tgis-bam,prefill,fmaas-monitoring,bloom-v3,openshift-user-workload-monitoring/user-workload,tgis-bam,8622.0
2024-07-31 06:29:30.203999996,tgi_batch_inference_batch_size_count,http,10.128.4.201:3000,tgis-bam,prefill,fmaas-monitoring,bloom-v3,openshift-user-workload-monitoring/user-workload,tgis-bam,8632.0
2024-07-31 06:29:35.203999996,tgi_batch_inference_batch_size_count,http,10.128.4.201:3000,tgis-bam,prefill,fmaas-monitoring,bloom-v3,openshift-user-workload-monitoring/user-workload,tgis-bam,8638.0
2024-07-31 06:29:40.203999996,tgi_batch_inference_batch_size_count,http,10.128.4.201:3000,tgis-bam,prefill,fmaas-monitoring,bloom-v3,openshift-user-workload-monitoring/user-workload,tgis-bam,8648.0
2024-07-31 06:29:45.203999996,tgi_batch_inference_batch_size_count,http,10.128.4.201:3000,tgis-bam,prefill,fmaas-monitoring,bloom-v3,openshift-user-workload-monitoring/user-workload,tgis-bam,8653.0
2024-07-31 06:29:50.203999996,tgi_batch_inference_batch_size_count,http,10.128.4.201:3000,tgis-bam,prefill,fmaas-monitoring,bloom-v3,openshift-user-workload-monitoring/user-workload,tgis-bam,8666.0
2024-07-31 06:29:55.203999996,tgi_batch_inference_batch_size_count,http,10.128.4.201:3000,tgis-bam,prefill,fmaas-monitoring,bloom-v3,openshift-user-workload-monitoring/user-workload,tgis-bam,8669.0
2024-07-31 06:30:00.203999996,tgi_batch_inference_batch_size_count,http,10.128.4.201:3000,tgis-bam,prefill,fmaas-monitoring,bloom-v3,openshift-user-workload-monitoring/user-workload,tgis-bam,8682.0
2024-07-31 06:30:05.209000111,tgi_batch_inference_batch_size_count,http,10.128.4.201:3000,tgis-bam,prefill,fmaas-monitoring,bloom-v3,openshift-user-workload-monitoring/user-workload,tgis-bam,8689.0
2024-07-31 06:30:10.203999996,tgi_batch_inference_batch_size_count,http,10.128.4.201:3000,tgis-bam,prefill,fmaas-monitoring,bloom-v3,openshift-user-workload-monitoring/user-workload,tgis-bam,8696.0
2024-07-31 06:30:15.203999996,tgi_batch_inference_batch_size_count,http,10.128.4.201:3000,tgis-bam,prefill,fmaas-monitoring,bloom-v3,openshift-user-workload-monitoring/user-workload,tgis-bam,8700.0
2024-07-31 06:30:20.203999996,tgi_batch_inference_batch_size_count,http,10.128.4.201:3000,tgis-bam,prefill,fmaas-monitoring,bloom-v3,openshift-user-workload-monitoring/user-workload,tgis-bam,8713.0
2024-07-31 06:30:25.203999996,tgi_batch_inference_batch_size_count,http,10.128.4.201:3000,tgis-bam,prefill,fmaas-monitoring,bloom-v3,openshift-user-workload-monitoring/user-workload,tgis-bam,8717.0
2024-07-31 06:30:30.203999996,tgi_batch_inference_batch_size_count,http,10.128.4.201:3000,tgis-bam,prefill,fmaas-monitoring,bloom-v3,openshift-user-workload-monitoring/user-workload,tgis-bam,8728.0
2024-07-31 06:30:35.203999996,tgi_batch_inference_batch_size_count,http,10.128.4.201:3000,tgis-bam,prefill,fmaas-monitoring,bloom-v3,openshift-user-workload-monitoring/user-workload,tgis-bam,8732.0
2024-07-31 06:30:40.203999996,tgi_batch_inference_batch_size_count,http,10.128.4.201:3000,tgis-bam,prefill,fmaas-monitoring,bloom-v3,openshift-user-workload-monitoring/user-workload,tgis-bam,8745.0
2024-07-31 06:30:45.203999996,tgi_batch_inference_batch_size_count,http,10.128.4.201:3000,tgis-bam,prefill,fmaas-monitoring,bloom-v3,openshift-user-workload-monitoring/user-workload,tgis-bam,8749.0
2024-07-31 06:30:50.209000111,tgi_batch_inference_batch_size_count,http,10.128.4.201:3000,tgis-bam,prefill,fmaas-monitoring,bloom-v3,openshift-user-workload-monitoring/user-workload,tgis-bam,8761.0
2024-07-31 06:30:55.203999996,tgi_batch_inference_batch_size_count,http,10.128.4.201:3000,tgis-bam,prefill,fmaas-monitoring,bloom-v3,openshift-user-workload-monitoring/user-workload,tgis-bam,8766.0
2024-07-31 06:31:00.203999996,tgi_batch_inference_batch_size_count,http,10.128.4.201:3000,tgis-bam,prefill,fmaas-monitoring,bloom-v3,openshift-user-workload-monitoring/user-workload,tgis-bam,8778.0
2024-07-31 06:31:05.203999996,tgi_batch_inference_batch_size_count,http,10.128.4.201:3000,tgis-bam,prefill,fmaas-monitoring,bloom-v3,openshift-user-workload-monitoring/user-workload,tgis-bam,8785.0
2024-07-31 06:31:10.203999996,tgi_batch_inference_batch_size_count,http,10.128.4.201:3000,tgis-bam,prefill,fmaas-monitoring,bloom-v3,openshift-user-workload-monitoring/user-workload,tgis-bam,8796.0
2024-07-31 06:31:15.203999996,tgi_batch_inference_batch_size_count,http,10.128.4.201:3000,tgis-bam,prefill,fmaas-monitoring,bloom-v3,openshift-user-workload-monitoring/user-workload,tgis-bam,8803.0
2024-07-31 06:31:20.203999996,tgi_batch_inference_batch_size_count,http,10.128.4.201:3000,tgis-bam,prefill,fmaas-monitoring,bloom-v3,openshift-user-workload-monitoring/user-workload,tgis-bam,8812.0
2024-07-31 06:31:25.203999996,tgi_batch_inference_batch_size_count,http,10.128.4.201:3000,tgis-bam,prefill,fmaas-monitoring,bloom-v3,openshift-user-workload-monitoring/user-workload,tgis-bam,8816.0
2024-07-31 06:31:30.203999996,tgi_batch_inference_batch_size_count,http,10.128.4.201:3000,tgis-bam,prefill,fmaas-monitoring,bloom-v3,openshift-user-workload-monitoring/user-workload,tgis-bam,8828.0
2024-07-31 06:31:35.203999996,tgi_batch_inference_batch_size_count,http,10.128.4.201:3000,tgis-bam,prefill,fmaas-monitoring,bloom-v3,openshift-user-workload-monitoring/user-workload,tgis-bam,8834.0
2024-07-31 06:31:40.213999987,tgi_batch_inference_batch_size_count,http,10.128.4.201:3000,tgis-bam,prefill,fmaas-monitoring,bloom-v3,openshift-user-workload-monitoring/user-workload,tgis-bam,8845.0
2024-07-31 06:31:45.203999996,tgi_batch_inference_batch_size_count,http,10.128.4.201:3000,tgis-bam,prefill,fmaas-monitoring,bloom-v3,openshift-user-workload-monitoring/user-workload,tgis-bam,8849.0
2024-07-31 06:31:50.203999996,tgi_batch_inference_batch_size_count,http,10.128.4.201:3000,tgis-bam,prefill,fmaas-monitoring,bloom-v3,openshift-user-workload-monitoring/user-workload,tgis-bam,8861.0
2024-07-31 06:31:55.203999996,tgi_batch_inference_batch_size_count,http,10.128.4.201:3000,tgis-bam,prefill,fmaas-monitoring,bloom-v3,openshift-user-workload-monitoring/user-workload,tgis-bam,8866.0
2024-07-31 06:32:00.203999996,tgi_batch_inference_batch_size_count,http,10.128.4.201:3000,tgis-bam,prefill,fmaas-monitoring,bloom-v3,openshift-user-workload-monitoring/user-workload,tgis-bam,8878.0
2024-07-31 06:32:05.203999996,tgi_batch_inference_batch_size_count,http,10.128.4.201:3000,tgis-bam,prefill,fmaas-monitoring,bloom-v3,openshift-user-workload-monitoring/user-workload,tgis-bam,8881.0
2024-07-31 06:32:10.203999996,tgi_batch_inference_batch_size_count,http,10.128.4.201:3000,tgis-bam,prefill,fmaas-monitoring,bloom-v3,openshift-user-workload-monitoring/user-workload,tgis-bam,8896.0
2024-07-31 06:32:15.203999996,tgi_batch_inference_batch_size_count,http,10.128.4.201:3000,tgis-bam,prefill,fmaas-monitoring,bloom-v3,openshift-user-workload-monitoring/user-workload,tgis-bam,8900.0
2024-07-31 06:32:20.203999996,tgi_batch_inference_batch_size_count,http,10.128.4.201:3000,tgis-bam,prefill,fmaas-monitoring,bloom-v3,openshift-user-workload-monitoring/user-workload,tgis-bam,8911.0
2024-07-31 06:32:25.203999996,tgi_batch_inference_batch_size_count,http,10.128.4.201:3000,tgis-bam,prefill,fmaas-monitoring,bloom-v3,openshift-user-workload-monitoring/user-workload,tgis-bam,8915.0
2024-07-31 06:32:30.203999996,tgi_batch_inference_batch_size_count,http,10.128.4.201:3000,tgis-bam,prefill,fmaas-monitoring,bloom-v3,openshift-user-workload-monitoring/user-workload,tgis-bam,8926.0
2024-07-31 06:32:35.203999996,tgi_batch_inference_batch_size_count,http,10.128.4.201:3000,tgis-bam,prefill,fmaas-monitoring,bloom-v3,openshift-user-workload-monitoring/user-workload,tgis-bam,8930.0
2024-07-31 06:32:40.203999996,tgi_batch_inference_batch_size_count,http,10.128.4.201:3000,tgis-bam,prefill,fmaas-monitoring,bloom-v3,openshift-user-workload-monitoring/user-workload,tgis-bam,8942.0
2024-07-31 06:32:45.203999996,tgi_batch_inference_batch_size_count,http,10.128.4.201:3000,tgis-bam,prefill,fmaas-monitoring,bloom-v3,openshift-user-workload-monitoring/user-workload,tgis-bam,8946.0
2024-07-31 06:32:50.203999996,tgi_batch_inference_batch_size_count,http,10.128.4.201:3000,tgis-bam,prefill,fmaas-monitoring,bloom-v3,openshift-user-workload-monitoring/user-workload,tgis-bam,8958.0
2024-07-31 06:32:55.203999996,tgi_batch_inference_batch_size_count,http,10.128.4.201:3000,tgis-bam,prefill,fmaas-monitoring,bloom-v3,openshift-user-workload-monitoring/user-workload,tgis-bam,8960.0
2024-07-31 06:33:00.203999996,tgi_batch_inference_batch_size_count,http,10.128.4.201:3000,tgis-bam,prefill,fmaas-monitoring,bloom-v3,openshift-user-workload-monitoring/user-workload,tgis-bam,8973.0
2024-07-31 06:33:05.203999996,tgi_batch_inference_batch_size_count,http,10.128.4.201:3000,tgis-bam,prefill,fmaas-monitoring,bloom-v3,openshift-user-workload-monitoring/user-workload,tgis-bam,8981.0
2024-07-31 06:33:10.203999996,tgi_batch_inference_batch_size_count,http,10.128.4.201:3000,tgis-bam,prefill,fmaas-monitoring,bloom-v3,openshift-user-workload-monitoring/user-workload,tgis-bam,8991.0
2024-07-31 06:33:15.203999996,tgi_batch_inference_batch_size_count,http,10.128.4.201:3000,tgis-bam,prefill,fmaas-monitoring,bloom-v3,openshift-user-workload-monitoring/user-workload,tgis-bam,8995.0
2024-07-31 06:33:20.203999996,tgi_batch_inference_batch_size_count,http,10.128.4.201:3000,tgis-bam,prefill,fmaas-monitoring,bloom-v3,openshift-user-workload-monitoring/user-workload,tgis-bam,9006.0
2024-07-31 06:33:25.203999996,tgi_batch_inference_batch_size_count,http,10.128.4.201:3000,tgis-bam,prefill,fmaas-monitoring,bloom-v3,openshift-user-workload-monitoring/user-workload,tgis-bam,9008.0
2024-07-31 06:33:30.203999996,tgi_batch_inference_batch_size_count,http,10.128.4.201:3000,tgis-bam,prefill,fmaas-monitoring,bloom-v3,openshift-user-workload-monitoring/user-workload,tgis-bam,9024.0
2024-07-31 06:33:35.203999996,tgi_batch_inference_batch_size_count,http,10.128.4.201:3000,tgis-bam,prefill,fmaas-monitoring,bloom-v3,openshift-user-workload-monitoring/user-workload,tgis-bam,9028.0
2024-07-31 06:33:40.203999996,tgi_batch_inference_batch_size_count,http,10.128.4.201:3000,tgis-bam,prefill,fmaas-monitoring,bloom-v3,openshift-user-workload-monitoring/user-workload,tgis-bam,9038.0
2024-07-31 06:33:45.203999996,tgi_batch_inference_batch_size_count,http,10.128.4.201:3000,tgis-bam,prefill,fmaas-monitoring,bloom-v3,openshift-user-workload-monitoring/user-workload,tgis-bam,9042.0
2024-07-31 06:33:50.203999996,tgi_batch_inference_batch_size_count,http,10.128.4.201:3000,tgis-bam,prefill,fmaas-monitoring,bloom-v3,openshift-user-workload-monitoring/user-workload,tgis-bam,9052.0
2024-07-31 06:33:55.203999996,tgi_batch_inference_batch_size_count,http,10.128.4.201:3000,tgis-bam,prefill,fmaas-monitoring,bloom-v3,openshift-user-workload-monitoring/user-workload,tgis-bam,9055.0
2024-07-31 06:34:00.203999996,tgi_batch_inference_batch_size_count,http,10.128.4.201:3000,tgis-bam,next_token,fmaas-monitoring,bloom-v3,openshift-user-workload-monitoring/user-workload,tgis-bam,58630.0
2024-07-31 06:34:05.203999996,tgi_batch_inference_batch_size_count,http,10.128.4.201:3000,tgis-bam,next_token,fmaas-monitoring,bloom-v3,openshift-user-workload-monitoring/user-workload,tgis-bam,58682.0
2024-07-31 06:34:10.203999996,tgi_batch_inference_batch_size_count,http,10.128.4.201:3000,tgis-bam,next_token,fmaas-monitoring,bloom-v3,openshift-user-workload-monitoring/user-workload,tgis-bam,58758.0
2024-07-31 06:34:15.203999996,tgi_batch_inference_batch_size_count,http,10.128.4.201:3000,tgis-bam,next_token,fmaas-monitoring,bloom-v3,openshift-user-workload-monitoring/user-workload,tgis-bam,58794.0
2024-07-31 06:34:20.203999996,tgi_batch_inference_batch_size_count,http,10.128.4.201:3000,tgis-bam,next_token,fmaas-monitoring,bloom-v3,openshift-user-workload-monitoring/user-workload,tgis-bam,58845.0
2024-07-31 06:34:25.203999996,tgi_batch_inference_batch_size_count,http,10.128.4.201:3000,tgis-bam,next_token,fmaas-monitoring,bloom-v3,openshift-user-workload-monitoring/user-workload,tgis-bam,58906.0
2024-07-31 06:34:30.203999996,tgi_batch_inference_batch_size_count,http,10.128.4.201:3000,tgis-bam,next_token,fmaas-monitoring,bloom-v3,openshift-user-workload-monitoring/user-workload,tgis-bam,58942.0
2024-07-31 06:34:35.203999996,tgi_batch_inference_batch_size_count,http,10.128.4.201:3000,tgis-bam,next_token,fmaas-monitoring,bloom-v3,openshift-user-workload-monitoring/user-workload,tgis-bam,59007.0
2024-07-31 06:34:40.203999996,tgi_batch_inference_batch_size_count,http,10.128.4.201:3000,tgis-bam,next_token,fmaas-monitoring,bloom-v3,openshift-user-workload-monitoring/user-workload,tgis-bam,59039.0
2024-07-31 06:34:45.203999996,tgi_batch_inference_batch_size_count,http,10.128.4.201:3000,tgis-bam,next_token,fmaas-monitoring,bloom-v3,openshift-user-workload-monitoring/user-workload,tgis-bam,59115.0
2024-07-31 06:34:50.203999996,tgi_batch_inference_batch_size_count,http,10.128.4.201:3000,tgis-bam,next_token,fmaas-monitoring,bloom-v3,openshift-user-workload-monitoring/user-workload,tgis-bam,59154.0
2024-07-31 06:34:55.203999996,tgi_batch_inference_batch_size_count,http,10.128.4.201:3000,tgis-bam,next_token,fmaas-monitoring,bloom-v3,openshift-user-workload-monitoring/user-workload,tgis-bam,59215.0
2024-07-31 06:35:00.203999996,tgi_batch_inference_batch_size_count,http,10.128.4.201:3000,tgis-bam,next_token,fmaas-monitoring,bloom-v3,openshift-user-workload-monitoring/user-workload,tgis-bam,59253.0
2024-07-31 06:35:05.203999996,tgi_batch_inference_batch_size_count,http,10.128.4.201:3000,tgis-bam,next_token,fmaas-monitoring,bloom-v3,openshift-user-workload-monitoring/user-workload,tgis-bam,59325.0
2024-07-31 06:35:10.203999996,tgi_batch_inference_batch_size_count,http,10.128.4.201:3000,tgis-bam,next_token,fmaas-monitoring,bloom-v3,openshift-user-workload-monitoring/user-workload,tgis-bam,59369.0
2024-07-31 06:35:15.203999996,tgi_batch_inference_batch_size_count,http,10.128.4.201:3000,tgis-bam,next_token,fmaas-monitoring,bloom-v3,openshift-user-workload-monitoring/user-workload,tgis-bam,59429.0
2024-07-31 06:35:20.203999996,tgi_batch_inference_batch_size_count,http,10.128.4.201:3000,tgis-bam,next_token,fmaas-monitoring,bloom-v3,openshift-user-workload-monitoring/user-workload,tgis-bam,59479.0
2024-07-31 06:35:25.203999996,tgi_batch_inference_batch_size_count,http,10.128.4.201:3000,tgis-bam,next_token,fmaas-monitoring,bloom-v3,openshift-user-workload-monitoring/user-workload,tgis-bam,59526.0
2024-07-31 06:35:30.203999996,tgi_batch_inference_batch_size_count,http,10.128.4.201:3000,tgis-bam,next_token,fmaas-monitoring,bloom-v3,openshift-user-workload-monitoring/user-workload,tgis-bam,59573.0
2024-07-31 06:35:35.203999996,tgi_batch_inference_batch_size_count,http,10.128.4.201:3000,tgis-bam,next_token,fmaas-monitoring,bloom-v3,openshift-user-workload-monitoring/user-workload,tgis-bam,59627.0
2024-07-31 06:35:40.203999996,tgi_batch_inference_batch_size_count,http,10.128.4.201:3000,tgis-bam,next_token,fmaas-monitoring,bloom-v3,openshift-user-workload-monitoring/user-workload,tgis-bam,59658.0
2024-07-31 06:35:45.203999996,tgi_batch_inference_batch_size_count,http,10.128.4.201:3000,tgis-bam,next_token,fmaas-monitoring,bloom-v3,openshift-user-workload-monitoring/user-workload,tgis-bam,59712.0
2024-07-31 06:35:50.203999996,tgi_batch_inference_batch_size_count,http,10.128.4.201:3000,tgis-bam,next_token,fmaas-monitoring,bloom-v3,openshift-user-workload-monitoring/user-workload,tgis-bam,59762.0
2024-07-31 06:35:55.203999996,tgi_batch_inference_batch_size_count,http,10.128.4.201:3000,tgis-bam,next_token,fmaas-monitoring,bloom-v3,openshift-user-workload-monitoring/user-workload,tgis-bam,59821.0
2024-07-31 06:36:00.203999996,tgi_batch_inference_batch_size_count,http,10.128.4.201:3000,tgis-bam,next_token,fmaas-monitoring,bloom-v3,openshift-user-workload-monitoring/user-workload,tgis-bam,59886.0
2024-07-31 06:36:05.203999996,tgi_batch_inference_batch_size_count,http,10.128.4.201:3000,tgis-bam,next_token,fmaas-monitoring,bloom-v3,openshift-user-workload-monitoring/user-workload,tgis-bam,59953.0
2024-07-31 06:36:10.203999996,tgi_batch_inference_batch_size_count,http,10.128.4.201:3000,tgis-bam,next_token,fmaas-monitoring,bloom-v3,openshift-user-workload-monitoring/user-workload,tgis-bam,59987.0
2024-07-31 06:36:15.203999996,tgi_batch_inference_batch_size_count,http,10.128.4.201:3000,tgis-bam,next_token,fmaas-monitoring,bloom-v3,openshift-user-workload-monitoring/user-workload,tgis-bam,60042.0
2024-07-31 06:36:20.203999996,tgi_batch_inference_batch_size_count,http,10.128.4.201:3000,tgis-bam,next_token,fmaas-monitoring,bloom-v3,openshift-user-workload-monitoring/user-workload,tgis-bam,60078.0
2024-07-31 06:36:25.203999996,tgi_batch_inference_batch_size_count,http,10.128.4.201:3000,tgis-bam,next_token,fmaas-monitoring,bloom-v3,openshift-user-workload-monitoring/user-workload,tgis-bam,60139.0
2024-07-31 06:36:30.203999996,tgi_batch_inference_batch_size_count,http,10.128.4.201:3000,tgis-bam,next_token,fmaas-monitoring,bloom-v3,openshift-user-workload-monitoring/user-workload,tgis-bam,60167.0
2024-07-31 06:36:35.203999996,tgi_batch_inference_batch_size_count,http,10.128.4.201:3000,tgis-bam,next_token,fmaas-monitoring,bloom-v3,openshift-user-workload-monitoring/user-workload,tgis-bam,60208.0
2024-07-31 06:36:40.203999996,tgi_batch_inference_batch_size_count,http,10.128.4.201:3000,tgis-bam,next_token,fmaas-monitoring,bloom-v3,openshift-user-workload-monitoring/user-workload,tgis-bam,60241.0
2024-07-31 06:36:45.203999996,tgi_batch_inference_batch_size_count,http,10.128.4.201:3000,tgis-bam,next_token,fmaas-monitoring,bloom-v3,openshift-user-workload-monitoring/user-workload,tgis-bam,60298.0
2024-07-31 06:36:50.203999996,tgi_batch_inference_batch_size_count,http,10.128.4.201:3000,tgis-bam,next_token,fmaas-monitoring,bloom-v3,openshift-user-workload-monitoring/user-workload,tgis-bam,60326.0
2024-07-31 06:36:55.203999996,tgi_batch_inference_batch_size_count,http,10.128.4.201:3000,tgis-bam,next_token,fmaas-monitoring,bloom-v3,openshift-user-workload-monitoring/user-workload,tgis-bam,60400.0
2024-07-31 06:37:00.203999996,tgi_batch_inference_batch_size_count,http,10.128.4.201:3000,tgis-bam,next_token,fmaas-monitoring,bloom-v3,openshift-user-workload-monitoring/user-workload,tgis-bam,60440.0
2024-07-31 06:37:05.203999996,tgi_batch_inference_batch_size_count,http,10.128.4.201:3000,tgis-bam,next_token,fmaas-monitoring,bloom-v3,openshift-user-workload-monitoring/user-workload,tgis-bam,60494.0
2024-07-31 06:37:10.203999996,tgi_batch_inference_batch_size_count,http,10.128.4.201:3000,tgis-bam,next_token,fmaas-monitoring,bloom-v3,openshift-user-workload-monitoring/user-workload,tgis-bam,60551.0
2024-07-31 06:37:15.203999996,tgi_batch_inference_batch_size_count,http,10.128.4.201:3000,tgis-bam,next_token,fmaas-monitoring,bloom-v3,openshift-user-workload-monitoring/user-workload,tgis-bam,60608.0
2024-07-31 06:37:20.203999996,tgi_batch_inference_batch_size_count,http,10.128.4.201:3000,tgis-bam,next_token,fmaas-monitoring,bloom-v3,openshift-user-workload-monitoring/user-workload,tgis-bam,60644.0
2024-07-31 06:37:25.203999996,tgi_batch_inference_batch_size_count,http,10.128.4.201:3000,tgis-bam,next_token,fmaas-monitoring,bloom-v3,openshift-user-workload-monitoring/user-workload,tgis-bam,60707.0
2024-07-31 06:37:30.203999996,tgi_batch_inference_batch_size_count,http,10.128.4.201:3000,tgis-bam,next_token,fmaas-monitoring,bloom-v3,openshift-user-workload-monitoring/user-workload,tgis-bam,60756.0
2024-07-31 06:37:35.203999996,tgi_batch_inference_batch_size_count,http,10.128.4.201:3000,tgis-bam,next_token,fmaas-monitoring,bloom-v3,openshift-user-workload-monitoring/user-workload,tgis-bam,60801.0
2024-07-31 06:37:40.203999996,tgi_batch_inference_batch_size_count,http,10.128.4.201:3000,tgis-bam,next_token,fmaas-monitoring,bloom-v3,openshift-user-workload-monitoring/user-workload,tgis-bam,60853.0
2024-07-31 06:37:45.203999996,tgi_batch_inference_batch_size_count,http,10.128.4.201:3000,tgis-bam,next_token,fmaas-monitoring,bloom-v3,openshift-user-workload-monitoring/user-workload,tgis-bam,60906.0
2024-07-31 06:37:50.203999996,tgi_batch_inference_batch_size_count,http,10.128.4.201:3000,tgis-bam,next_token,fmaas-monitoring,bloom-v3,openshift-user-workload-monitoring/user-workload,tgis-bam,60949.0
2024-07-31 06:37:55.203999996,tgi_batch_inference_batch_size_count,http,10.128.4.201:3000,tgis-bam,next_token,fmaas-monitoring,bloom-v3,openshift-user-workload-monitoring/user-workload,tgis-bam,61008.0
2024-07-31 06:38:00.203999996,tgi_batch_inference_batch_size_count,http,10.128.4.201:3000,tgis-bam,next_token,fmaas-monitoring,bloom-v3,openshift-user-workload-monitoring/user-workload,tgis-bam,61035.0
2024-07-31 06:38:05.203999996,tgi_batch_inference_batch_size_count,http,10.128.4.201:3000,tgis-bam,next_token,fmaas-monitoring,bloom-v3,openshift-user-workload-monitoring/user-workload,tgis-bam,61070.0
2024-07-31 06:38:10.203999996,tgi_batch_inference_batch_size_count,http,10.128.4.201:3000,tgis-bam,next_token,fmaas-monitoring,bloom-v3,openshift-user-workload-monitoring/user-workload,tgis-bam,61093.0
2024-07-31 06:38:15.209000111,tgi_batch_inference_batch_size_count,http,10.128.4.201:3000,tgis-bam,next_token,fmaas-monitoring,bloom-v3,openshift-user-workload-monitoring/user-workload,tgis-bam,61130.0
2024-07-31 06:38:20.203999996,tgi_batch_inference_batch_size_count,http,10.128.4.201:3000,tgis-bam,next_token,fmaas-monitoring,bloom-v3,openshift-user-workload-monitoring/user-workload,tgis-bam,61145.0
2024-07-31 06:38:25.203999996,tgi_batch_inference_batch_size_count,http,10.128.4.201:3000,tgis-bam,next_token,fmaas-monitoring,bloom-v3,openshift-user-workload-monitoring/user-workload,tgis-bam,61182.0
2024-07-31 06:38:30.203999996,tgi_batch_inference_batch_size_count,http,10.128.4.201:3000,tgis-bam,next_token,fmaas-monitoring,bloom-v3,openshift-user-workload-monitoring/user-workload,tgis-bam,61205.0
2024-07-31 06:38:35.203999996,tgi_batch_inference_batch_size_count,http,10.128.4.201:3000,tgis-bam,next_token,fmaas-monitoring,bloom-v3,openshift-user-workload-monitoring/user-workload,tgis-bam,61265.0
2024-07-31 06:38:40.203999996,tgi_batch_inference_batch_size_count,http,10.128.4.201:3000,tgis-bam,next_token,fmaas-monitoring,bloom-v3,openshift-user-workload-monitoring/user-workload,tgis-bam,61321.0
2024-07-31 06:38:45.203999996,tgi_batch_inference_batch_size_count,http,10.128.4.201:3000,tgis-bam,next_token,fmaas-monitoring,bloom-v3,openshift-user-workload-monitoring/user-workload,tgis-bam,61376.0
2024-07-31 06:38:50.203999996,tgi_batch_inference_batch_size_count,http,10.128.4.201:3000,tgis-bam,next_token,fmaas-monitoring,bloom-v3,openshift-user-workload-monitoring/user-workload,tgis-bam,61417.0
2024-07-31 06:38:55.203999996,tgi_batch_inference_batch_size_count,http,10.128.4.201:3000,tgis-bam,next_token,fmaas-monitoring,bloom-v3,openshift-user-workload-monitoring/user-workload,tgis-bam,61470.0
2024-07-31 06:39:00.203999996,tgi_batch_inference_batch_size_count,http,10.128.4.201:3000,tgis-bam,next_token,fmaas-monitoring,bloom-v3,openshift-user-workload-monitoring/user-workload,tgis-bam,61523.0
2024-07-31 06:39:05.203999996,tgi_batch_inference_batch_size_count,http,10.128.4.201:3000,tgis-bam,next_token,fmaas-monitoring,bloom-v3,openshift-user-workload-monitoring/user-workload,tgis-bam,61582.0
2024-07-31 06:39:10.203999996,tgi_batch_inference_batch_size_count,http,10.128.4.201:3000,tgis-bam,next_token,fmaas-monitoring,bloom-v3,openshift-user-workload-monitoring/user-workload,tgis-bam,61623.0
2024-07-31 06:39:15.203999996,tgi_batch_inference_batch_size_count,http,10.128.4.201:3000,tgis-bam,next_token,fmaas-monitoring,bloom-v3,openshift-user-workload-monitoring/user-workload,tgis-bam,61655.0
2024-07-31 06:39:20.203999996,tgi_batch_inference_batch_size_count,http,10.128.4.201:3000,tgis-bam,next_token,fmaas-monitoring,bloom-v3,openshift-user-workload-monitoring/user-workload,tgis-bam,61670.0
2024-07-31 06:39:25.203999996,tgi_batch_inference_batch_size_count,http,10.128.4.201:3000,tgis-bam,next_token,fmaas-monitoring,bloom-v3,openshift-user-workload-monitoring/user-workload,tgis-bam,61707.0
2024-07-31 06:39:30.203999996,tgi_batch_inference_batch_size_count,http,10.128.4.201:3000,tgis-bam,next_token,fmaas-monitoring,bloom-v3,openshift-user-workload-monitoring/user-workload,tgis-bam,61723.0
2024-07-31 06:39:35.203999996,tgi_batch_inference_batch_size_count,http,10.128.4.201:3000,tgis-bam,next_token,fmaas-monitoring,bloom-v3,openshift-user-workload-monitoring/user-workload,tgis-bam,61764.0
2024-07-31 06:39:40.203999996,tgi_batch_inference_batch_size_count,http,10.128.4.201:3000,tgis-bam,next_token,fmaas-monitoring,bloom-v3,openshift-user-workload-monitoring/user-workload,tgis-bam,61788.0
2024-07-31 06:39:45.203999996,tgi_batch_inference_batch_size_count,http,10.128.4.201:3000,tgis-bam,next_token,fmaas-monitoring,bloom-v3,openshift-user-workload-monitoring/user-workload,tgis-bam,61849.0
2024-07-31 06:39:50.203999996,tgi_batch_inference_batch_size_count,http,10.128.4.201:3000,tgis-bam,next_token,fmaas-monitoring,bloom-v3,openshift-user-workload-monitoring/user-workload,tgis-bam,61907.0
2024-07-31 06:39:55.203999996,tgi_batch_inference_batch_size_count,http,10.128.4.201:3000,tgis-bam,next_token,fmaas-monitoring,bloom-v3,openshift-user-workload-monitoring/user-workload,tgis-bam,61958.0
2024-07-31 06:40:00.203999996,tgi_batch_inference_batch_size_count,http,10.128.4.201:3000,tgis-bam,next_token,fmaas-monitoring,bloom-v3,openshift-user-workload-monitoring/user-workload,tgis-bam,62003.0
2024-07-31 06:40:05.203999996,tgi_batch_inference_batch_size_count,http,10.128.4.201:3000,tgis-bam,next_token,fmaas-monitoring,bloom-v3,openshift-user-workload-monitoring/user-workload,tgis-bam,62055.0
2024-07-31 06:40:10.203999996,tgi_batch_inference_batch_size_count,http,10.128.4.201:3000,tgis-bam,next_token,fmaas-monitoring,bloom-v3,openshift-user-workload-monitoring/user-workload,tgis-bam,62099.0
2024-07-31 06:40:15.203999996,tgi_batch_inference_batch_size_count,http,10.128.4.201:3000,tgis-bam,next_token,fmaas-monitoring,bloom-v3,openshift-user-workload-monitoring/user-workload,tgis-bam,62163.0
2024-07-31 06:40:20.203999996,tgi_batch_inference_batch_size_count,http,10.128.4.201:3000,tgis-bam,next_token,fmaas-monitoring,bloom-v3,openshift-user-workload-monitoring/user-workload,tgis-bam,62215.0
2024-07-31 06:40:25.203999996,tgi_batch_inference_batch_size_count,http,10.128.4.201:3000,tgis-bam,next_token,fmaas-monitoring,bloom-v3,openshift-user-workload-monitoring/user-workload,tgis-bam,62264.0
2024-07-31 06:40:30.203999996,tgi_batch_inference_batch_size_count,http,10.128.4.201:3000,tgis-bam,next_token,fmaas-monitoring,bloom-v3,openshift-user-workload-monitoring/user-workload,tgis-bam,62311.0
2024-07-31 06:40:35.203999996,tgi_batch_inference_batch_size_count,http,10.128.4.201:3000,tgis-bam,next_token,fmaas-monitoring,bloom-v3,openshift-user-workload-monitoring/user-workload,tgis-bam,62354.0
2024-07-31 06:40:40.203999996,tgi_batch_inference_batch_size_count,http,10.128.4.201:3000,tgis-bam,next_token,fmaas-monitoring,bloom-v3,openshift-user-workload-monitoring/user-workload,tgis-bam,62422.0
2024-07-31 06:40:45.203999996,tgi_batch_inference_batch_size_count,http,10.128.4.201:3000,tgis-bam,next_token,fmaas-monitoring,bloom-v3,openshift-user-workload-monitoring/user-workload,tgis-bam,62488.0
2024-07-31 06:40:50.203999996,tgi_batch_inference_batch_size_count,http,10.128.4.201:3000,tgis-bam,next_token,fmaas-monitoring,bloom-v3,openshift-user-workload-monitoring/user-workload,tgis-bam,62525.0
2024-07-31 06:40:55.207999945,tgi_batch_inference_batch_size_count,http,10.128.4.201:3000,tgis-bam,next_token,fmaas-monitoring,bloom-v3,openshift-user-workload-monitoring/user-workload,tgis-bam,62583.0
2024-07-31 06:41:00.203999996,tgi_batch_inference_batch_size_count,http,10.128.4.201:3000,tgis-bam,next_token,fmaas-monitoring,bloom-v3,openshift-user-workload-monitoring/user-workload,tgis-bam,62636.0
2024-07-31 06:41:05.203999996,tgi_batch_inference_batch_size_count,http,10.128.4.201:3000,tgis-bam,next_token,fmaas-monitoring,bloom-v3,openshift-user-workload-monitoring/user-workload,tgis-bam,62681.0
2024-07-31 06:41:10.203999996,tgi_batch_inference_batch_size_count,http,10.128.4.201:3000,tgis-bam,next_token,fmaas-monitoring,bloom-v3,openshift-user-workload-monitoring/user-workload,tgis-bam,62736.0
2024-07-31 06:41:15.203999996,tgi_batch_inference_batch_size_count,http,10.128.4.201:3000,tgis-bam,next_token,fmaas-monitoring,bloom-v3,openshift-user-workload-monitoring/user-workload,tgis-bam,62800.0
2024-07-31 06:41:20.203999996,tgi_batch_inference_batch_size_count,http,10.128.4.201:3000,tgis-bam,next_token,fmaas-monitoring,bloom-v3,openshift-user-workload-monitoring/user-workload,tgis-bam,62835.0
2024-07-31 06:41:25.203999996,tgi_batch_inference_batch_size_count,http,10.128.4.201:3000,tgis-bam,next_token,fmaas-monitoring,bloom-v3,openshift-user-workload-monitoring/user-workload,tgis-bam,62896.0
2024-07-31 06:41:30.203999996,tgi_batch_inference_batch_size_count,http,10.128.4.201:3000,tgis-bam,next_token,fmaas-monitoring,bloom-v3,openshift-user-workload-monitoring/user-workload,tgis-bam,62940.0
2024-07-31 06:41:35.203999996,tgi_batch_inference_batch_size_count,http,10.128.4.201:3000,tgis-bam,next_token,fmaas-monitoring,bloom-v3,openshift-user-workload-monitoring/user-workload,tgis-bam,63003.0
2024-07-31 06:41:40.203999996,tgi_batch_inference_batch_size_count,http,10.128.4.201:3000,tgis-bam,next_token,fmaas-monitoring,bloom-v3,openshift-user-workload-monitoring/user-workload,tgis-bam,63050.0
2024-07-31 06:41:45.203999996,tgi_batch_inference_batch_size_count,http,10.128.4.201:3000,tgis-bam,next_token,fmaas-monitoring,bloom-v3,openshift-user-workload-monitoring/user-workload,tgis-bam,63094.0
2024-07-31 06:41:50.203999996,tgi_batch_inference_batch_size_count,http,10.128.4.201:3000,tgis-bam,next_token,fmaas-monitoring,bloom-v3,openshift-user-workload-monitoring/user-workload,tgis-bam,63152.0
2024-07-31 06:41:55.203999996,tgi_batch_inference_batch_size_count,http,10.128.4.201:3000,tgis-bam,next_token,fmaas-monitoring,bloom-v3,openshift-user-workload-monitoring/user-workload,tgis-bam,63187.0
2024-07-31 06:42:00.203999996,tgi_batch_inference_batch_size_count,http,10.128.4.201:3000,tgis-bam,next_token,fmaas-monitoring,bloom-v3,openshift-user-workload-monitoring/user-workload,tgis-bam,63247.0
2024-07-31 06:42:05.203999996,tgi_batch_inference_batch_size_count,http,10.128.4.201:3000,tgis-bam,next_token,fmaas-monitoring,bloom-v3,openshift-user-workload-monitoring/user-workload,tgis-bam,63316.0
2024-07-31 06:42:10.203999996,tgi_batch_inference_batch_size_count,http,10.128.4.201:3000,tgis-bam,next_token,fmaas-monitoring,bloom-v3,openshift-user-workload-monitoring/user-workload,tgis-bam,63355.0
2024-07-31 06:42:15.203999996,tgi_batch_inference_batch_size_count,http,10.128.4.201:3000,tgis-bam,next_token,fmaas-monitoring,bloom-v3,openshift-user-workload-monitoring/user-workload,tgis-bam,63417.0
2024-07-31 06:42:20.203999996,tgi_batch_inference_batch_size_count,http,10.128.4.201:3000,tgis-bam,next_token,fmaas-monitoring,bloom-v3,openshift-user-workload-monitoring/user-workload,tgis-bam,63469.0
2024-07-31 06:42:25.203999996,tgi_batch_inference_batch_size_count,http,10.128.4.201:3000,tgis-bam,next_token,fmaas-monitoring,bloom-v3,openshift-user-workload-monitoring/user-workload,tgis-bam,63532.0
2024-07-31 06:42:30.203999996,tgi_batch_inference_batch_size_count,http,10.128.4.201:3000,tgis-bam,next_token,fmaas-monitoring,bloom-v3,openshift-user-workload-monitoring/user-workload,tgis-bam,63580.0
2024-07-31 06:42:35.203999996,tgi_batch_inference_batch_size_count,http,10.128.4.201:3000,tgis-bam,next_token,fmaas-monitoring,bloom-v3,openshift-user-workload-monitoring/user-workload,tgis-bam,63638.0
2024-07-31 06:42:40.203999996,tgi_batch_inference_batch_size_count,http,10.128.4.201:3000,tgis-bam,next_token,fmaas-monitoring,bloom-v3,openshift-user-workload-monitoring/user-workload,tgis-bam,63680.0
2024-07-31 06:42:45.203999996,tgi_batch_inference_batch_size_count,http,10.128.4.201:3000,tgis-bam,next_token,fmaas-monitoring,bloom-v3,openshift-user-workload-monitoring/user-workload,tgis-bam,63740.0
2024-07-31 06:42:50.203999996,tgi_batch_inference_batch_size_count,http,10.128.4.201:3000,tgis-bam,next_token,fmaas-monitoring,bloom-v3,openshift-user-workload-monitoring/user-workload,tgis-bam,63785.0
2024-07-31 06:42:55.203999996,tgi_batch_inference_batch_size_count,http,10.128.4.201:3000,tgis-bam,next_token,fmaas-monitoring,bloom-v3,openshift-user-workload-monitoring/user-workload,tgis-bam,63842.0
2024-07-31 06:43:00.203999996,tgi_batch_inference_batch_size_count,http,10.128.4.201:3000,tgis-bam,next_token,fmaas-monitoring,bloom-v3,openshift-user-workload-monitoring/user-workload,tgis-bam,63882.0
2024-07-31 06:43:05.203999996,tgi_batch_inference_batch_size_count,http,10.128.4.201:3000,tgis-bam,next_token,fmaas-monitoring,bloom-v3,openshift-user-workload-monitoring/user-workload,tgis-bam,63942.0
2024-07-31 06:43:10.203999996,tgi_batch_inference_batch_size_count,http,10.128.4.201:3000,tgis-bam,next_token,fmaas-monitoring,bloom-v3,openshift-user-workload-monitoring/user-workload,tgis-bam,63987.0
2024-07-31 06:43:15.203999996,tgi_batch_inference_batch_size_count,http,10.128.4.201:3000,tgis-bam,next_token,fmaas-monitoring,bloom-v3,openshift-user-workload-monitoring/user-workload,tgis-bam,64032.0
2024-07-31 06:43:20.203999996,tgi_batch_inference_batch_size_count,http,10.128.4.201:3000,tgis-bam,next_token,fmaas-monitoring,bloom-v3,openshift-user-workload-monitoring/user-workload,tgis-bam,64089.0
2024-07-31 06:43:25.203999996,tgi_batch_inference_batch_size_count,http,10.128.4.201:3000,tgis-bam,next_token,fmaas-monitoring,bloom-v3,openshift-user-workload-monitoring/user-workload,tgis-bam,64145.0
2024-07-31 06:43:30.203999996,tgi_batch_inference_batch_size_count,http,10.128.4.201:3000,tgis-bam,next_token,fmaas-monitoring,bloom-v3,openshift-user-workload-monitoring/user-workload,tgis-bam,64183.0
2024-07-31 06:43:35.203999996,tgi_batch_inference_batch_size_count,http,10.128.4.201:3000,tgis-bam,next_token,fmaas-monitoring,bloom-v3,openshift-user-workload-monitoring/user-workload,tgis-bam,64245.0
2024-07-31 06:43:40.203999996,tgi_batch_inference_batch_size_count,http,10.128.4.201:3000,tgis-bam,next_token,fmaas-monitoring,bloom-v3,openshift-user-workload-monitoring/user-workload,tgis-bam,64292.0
2024-07-31 06:43:45.203999996,tgi_batch_inference_batch_size_count,http,10.128.4.201:3000,tgis-bam,next_token,fmaas-monitoring,bloom-v3,openshift-user-workload-monitoring/user-workload,tgis-bam,64344.0
2024-07-31 06:43:50.203999996,tgi_batch_inference_batch_size_count,http,10.128.4.201:3000,tgis-bam,next_token,fmaas-monitoring,bloom-v3,openshift-user-workload-monitoring/user-workload,tgis-bam,64398.0
2024-07-31 06:43:55.203999996,tgi_batch_inference_batch_size_count,http,10.128.4.201:3000,tgis-bam,next_token,fmaas-monitoring,bloom-v3,openshift-user-workload-monitoring/user-workload,tgis-bam,64466.0
2024-07-31 06:34:00.203999996,tgi_batch_inference_batch_size_count,http,10.128.4.201:3000,tgis-bam,prefill,fmaas-monitoring,bloom-v3,openshift-user-workload-monitoring/user-workload,tgis-bam,9064.0
2024-07-31 06:34:05.203999996,tgi_batch_inference_batch_size_count,http,10.128.4.201:3000,tgis-bam,prefill,fmaas-monitoring,bloom-v3,openshift-user-workload-monitoring/user-workload,tgis-bam,9068.0
2024-07-31 06:34:10.203999996,tgi_batch_inference_batch_size_count,http,10.128.4.201:3000,tgis-bam,prefill,fmaas-monitoring,bloom-v3,openshift-user-workload-monitoring/user-workload,tgis-bam,9078.0
2024-07-31 06:34:15.203999996,tgi_batch_inference_batch_size_count,http,10.128.4.201:3000,tgis-bam,prefill,fmaas-monitoring,bloom-v3,openshift-user-workload-monitoring/user-workload,tgis-bam,9081.0
2024-07-31 06:34:20.203999996,tgi_batch_inference_batch_size_count,http,10.128.4.201:3000,tgis-bam,prefill,fmaas-monitoring,bloom-v3,openshift-user-workload-monitoring/user-workload,tgis-bam,9092.0
2024-07-31 06:34:25.203999996,tgi_batch_inference_batch_size_count,http,10.128.4.201:3000,tgis-bam,prefill,fmaas-monitoring,bloom-v3,openshift-user-workload-monitoring/user-workload,tgis-bam,9096.0
2024-07-31 06:34:30.203999996,tgi_batch_inference_batch_size_count,http,10.128.4.201:3000,tgis-bam,prefill,fmaas-monitoring,bloom-v3,openshift-user-workload-monitoring/user-workload,tgis-bam,9105.0
2024-07-31 06:34:35.203999996,tgi_batch_inference_batch_size_count,http,10.128.4.201:3000,tgis-bam,prefill,fmaas-monitoring,bloom-v3,openshift-user-workload-monitoring/user-workload,tgis-bam,9109.0
2024-07-31 06:34:40.203999996,tgi_batch_inference_batch_size_count,http,10.128.4.201:3000,tgis-bam,prefill,fmaas-monitoring,bloom-v3,openshift-user-workload-monitoring/user-workload,tgis-bam,9120.0
2024-07-31 06:34:45.203999996,tgi_batch_inference_batch_size_count,http,10.128.4.201:3000,tgis-bam,prefill,fmaas-monitoring,bloom-v3,openshift-user-workload-monitoring/user-workload,tgis-bam,9129.0
2024-07-31 06:34:50.203999996,tgi_batch_inference_batch_size_count,http,10.128.4.201:3000,tgis-bam,prefill,fmaas-monitoring,bloom-v3,openshift-user-workload-monitoring/user-workload,tgis-bam,9139.0
2024-07-31 06:34:55.203999996,tgi_batch_inference_batch_size_count,http,10.128.4.201:3000,tgis-bam,prefill,fmaas-monitoring,bloom-v3,openshift-user-workload-monitoring/user-workload,tgis-bam,9145.0
2024-07-31 06:35:00.203999996,tgi_batch_inference_batch_size_count,http,10.128.4.201:3000,tgis-bam,prefill,fmaas-monitoring,bloom-v3,openshift-user-workload-monitoring/user-workload,tgis-bam,9156.0
2024-07-31 06:35:05.203999996,tgi_batch_inference_batch_size_count,http,10.128.4.201:3000,tgis-bam,prefill,fmaas-monitoring,bloom-v3,openshift-user-workload-monitoring/user-workload,tgis-bam,9161.0
2024-07-31 06:35:10.203999996,tgi_batch_inference_batch_size_count,http,10.128.4.201:3000,tgis-bam,prefill,fmaas-monitoring,bloom-v3,openshift-user-workload-monitoring/user-workload,tgis-bam,9173.0
2024-07-31 06:35:15.203999996,tgi_batch_inference_batch_size_count,http,10.128.4.201:3000,tgis-bam,prefill,fmaas-monitoring,bloom-v3,openshift-user-workload-monitoring/user-workload,tgis-bam,9178.0
2024-07-31 06:35:20.203999996,tgi_batch_inference_batch_size_count,http,10.128.4.201:3000,tgis-bam,prefill,fmaas-monitoring,bloom-v3,openshift-user-workload-monitoring/user-workload,tgis-bam,9189.0
2024-07-31 06:35:25.203999996,tgi_batch_inference_batch_size_count,http,10.128.4.201:3000,tgis-bam,prefill,fmaas-monitoring,bloom-v3,openshift-user-workload-monitoring/user-workload,tgis-bam,9193.0
2024-07-31 06:35:30.203999996,tgi_batch_inference_batch_size_count,http,10.128.4.201:3000,tgis-bam,prefill,fmaas-monitoring,bloom-v3,openshift-user-workload-monitoring/user-workload,tgis-bam,9203.0
2024-07-31 06:35:35.203999996,tgi_batch_inference_batch_size_count,http,10.128.4.201:3000,tgis-bam,prefill,fmaas-monitoring,bloom-v3,openshift-user-workload-monitoring/user-workload,tgis-bam,9208.0
2024-07-31 06:35:40.203999996,tgi_batch_inference_batch_size_count,http,10.128.4.201:3000,tgis-bam,prefill,fmaas-monitoring,bloom-v3,openshift-user-workload-monitoring/user-workload,tgis-bam,9218.0
2024-07-31 06:35:45.203999996,tgi_batch_inference_batch_size_count,http,10.128.4.201:3000,tgis-bam,prefill,fmaas-monitoring,bloom-v3,openshift-user-workload-monitoring/user-workload,tgis-bam,9222.0
2024-07-31 06:35:50.203999996,tgi_batch_inference_batch_size_count,http,10.128.4.201:3000,tgis-bam,prefill,fmaas-monitoring,bloom-v3,openshift-user-workload-monitoring/user-workload,tgis-bam,9234.0
2024-07-31 06:35:55.203999996,tgi_batch_inference_batch_size_count,http,10.128.4.201:3000,tgis-bam,prefill,fmaas-monitoring,bloom-v3,openshift-user-workload-monitoring/user-workload,tgis-bam,9238.0
2024-07-31 06:36:00.203999996,tgi_batch_inference_batch_size_count,http,10.128.4.201:3000,tgis-bam,prefill,fmaas-monitoring,bloom-v3,openshift-user-workload-monitoring/user-workload,tgis-bam,9252.0
2024-07-31 06:36:05.203999996,tgi_batch_inference_batch_size_count,http,10.128.4.201:3000,tgis-bam,prefill,fmaas-monitoring,bloom-v3,openshift-user-workload-monitoring/user-workload,tgis-bam,9258.0
2024-07-31 06:36:10.203999996,tgi_batch_inference_batch_size_count,http,10.128.4.201:3000,tgis-bam,prefill,fmaas-monitoring,bloom-v3,openshift-user-workload-monitoring/user-workload,tgis-bam,9268.0
2024-07-31 06:36:15.203999996,tgi_batch_inference_batch_size_count,http,10.128.4.201:3000,tgis-bam,prefill,fmaas-monitoring,bloom-v3,openshift-user-workload-monitoring/user-workload,tgis-bam,9273.0
2024-07-31 06:36:20.203999996,tgi_batch_inference_batch_size_count,http,10.128.4.201:3000,tgis-bam,prefill,fmaas-monitoring,bloom-v3,openshift-user-workload-monitoring/user-workload,tgis-bam,9284.0
2024-07-31 06:36:25.203999996,tgi_batch_inference_batch_size_count,http,10.128.4.201:3000,tgis-bam,prefill,fmaas-monitoring,bloom-v3,openshift-user-workload-monitoring/user-workload,tgis-bam,9287.0
2024-07-31 06:36:30.203999996,tgi_batch_inference_batch_size_count,http,10.128.4.201:3000,tgis-bam,prefill,fmaas-monitoring,bloom-v3,openshift-user-workload-monitoring/user-workload,tgis-bam,9299.0
2024-07-31 06:36:35.203999996,tgi_batch_inference_batch_size_count,http,10.128.4.201:3000,tgis-bam,prefill,fmaas-monitoring,bloom-v3,openshift-user-workload-monitoring/user-workload,tgis-bam,9305.0
2024-07-31 06:36:40.203999996,tgi_batch_inference_batch_size_count,http,10.128.4.201:3000,tgis-bam,prefill,fmaas-monitoring,bloom-v3,openshift-user-workload-monitoring/user-workload,tgis-bam,9317.0
2024-07-31 06:36:45.203999996,tgi_batch_inference_batch_size_count,http,10.128.4.201:3000,tgis-bam,prefill,fmaas-monitoring,bloom-v3,openshift-user-workload-monitoring/user-workload,tgis-bam,9323.0
2024-07-31 06:36:50.203999996,tgi_batch_inference_batch_size_count,http,10.128.4.201:3000,tgis-bam,prefill,fmaas-monitoring,bloom-v3,openshift-user-workload-monitoring/user-workload,tgis-bam,9334.0
2024-07-31 06:36:55.203999996,tgi_batch_inference_batch_size_count,http,10.128.4.201:3000,tgis-bam,prefill,fmaas-monitoring,bloom-v3,openshift-user-workload-monitoring/user-workload,tgis-bam,9340.0
2024-07-31 06:37:00.203999996,tgi_batch_inference_batch_size_count,http,10.128.4.201:3000,tgis-bam,prefill,fmaas-monitoring,bloom-v3,openshift-user-workload-monitoring/user-workload,tgis-bam,9349.0
2024-07-31 06:37:05.203999996,tgi_batch_inference_batch_size_count,http,10.128.4.201:3000,tgis-bam,prefill,fmaas-monitoring,bloom-v3,openshift-user-workload-monitoring/user-workload,tgis-bam,9354.0
2024-07-31 06:37:10.203999996,tgi_batch_inference_batch_size_count,http,10.128.4.201:3000,tgis-bam,prefill,fmaas-monitoring,bloom-v3,openshift-user-workload-monitoring/user-workload,tgis-bam,9365.0
2024-07-31 06:37:15.203999996,tgi_batch_inference_batch_size_count,http,10.128.4.201:3000,tgis-bam,prefill,fmaas-monitoring,bloom-v3,openshift-user-workload-monitoring/user-workload,tgis-bam,9371.0
2024-07-31 06:37:20.203999996,tgi_batch_inference_batch_size_count,http,10.128.4.201:3000,tgis-bam,prefill,fmaas-monitoring,bloom-v3,openshift-user-workload-monitoring/user-workload,tgis-bam,9380.0
2024-07-31 06:37:25.203999996,tgi_batch_inference_batch_size_count,http,10.128.4.201:3000,tgis-bam,prefill,fmaas-monitoring,bloom-v3,openshift-user-workload-monitoring/user-workload,tgis-bam,9383.0
2024-07-31 06:37:30.203999996,tgi_batch_inference_batch_size_count,http,10.128.4.201:3000,tgis-bam,prefill,fmaas-monitoring,bloom-v3,openshift-user-workload-monitoring/user-workload,tgis-bam,9393.0
2024-07-31 06:37:35.203999996,tgi_batch_inference_batch_size_count,http,10.128.4.201:3000,tgis-bam,prefill,fmaas-monitoring,bloom-v3,openshift-user-workload-monitoring/user-workload,tgis-bam,9397.0
2024-07-31 06:37:40.203999996,tgi_batch_inference_batch_size_count,http,10.128.4.201:3000,tgis-bam,prefill,fmaas-monitoring,bloom-v3,openshift-user-workload-monitoring/user-workload,tgis-bam,9407.0
2024-07-31 06:37:45.203999996,tgi_batch_inference_batch_size_count,http,10.128.4.201:3000,tgis-bam,prefill,fmaas-monitoring,bloom-v3,openshift-user-workload-monitoring/user-workload,tgis-bam,9411.0
2024-07-31 06:37:50.203999996,tgi_batch_inference_batch_size_count,http,10.128.4.201:3000,tgis-bam,prefill,fmaas-monitoring,bloom-v3,openshift-user-workload-monitoring/user-workload,tgis-bam,9422.0
2024-07-31 06:37:55.203999996,tgi_batch_inference_batch_size_count,http,10.128.4.201:3000,tgis-bam,prefill,fmaas-monitoring,bloom-v3,openshift-user-workload-monitoring/user-workload,tgis-bam,9427.0
2024-07-31 06:38:00.203999996,tgi_batch_inference_batch_size_count,http,10.128.4.201:3000,tgis-bam,prefill,fmaas-monitoring,bloom-v3,openshift-user-workload-monitoring/user-workload,tgis-bam,9436.0
2024-07-31 06:38:05.203999996,tgi_batch_inference_batch_size_count,http,10.128.4.201:3000,tgis-bam,prefill,fmaas-monitoring,bloom-v3,openshift-user-workload-monitoring/user-workload,tgis-bam,9441.0
2024-07-31 06:38:10.203999996,tgi_batch_inference_batch_size_count,http,10.128.4.201:3000,tgis-bam,prefill,fmaas-monitoring,bloom-v3,openshift-user-workload-monitoring/user-workload,tgis-bam,9451.0
2024-07-31 06:38:15.209000111,tgi_batch_inference_batch_size_count,http,10.128.4.201:3000,tgis-bam,prefill,fmaas-monitoring,bloom-v3,openshift-user-workload-monitoring/user-workload,tgis-bam,9458.0
2024-07-31 06:38:20.203999996,tgi_batch_inference_batch_size_count,http,10.128.4.201:3000,tgis-bam,prefill,fmaas-monitoring,bloom-v3,openshift-user-workload-monitoring/user-workload,tgis-bam,9466.0
2024-07-31 06:38:25.203999996,tgi_batch_inference_batch_size_count,http,10.128.4.201:3000,tgis-bam,prefill,fmaas-monitoring,bloom-v3,openshift-user-workload-monitoring/user-workload,tgis-bam,9471.0
2024-07-31 06:38:30.203999996,tgi_batch_inference_batch_size_count,http,10.128.4.201:3000,tgis-bam,prefill,fmaas-monitoring,bloom-v3,openshift-user-workload-monitoring/user-workload,tgis-bam,9484.0
2024-07-31 06:38:35.203999996,tgi_batch_inference_batch_size_count,http,10.128.4.201:3000,tgis-bam,prefill,fmaas-monitoring,bloom-v3,openshift-user-workload-monitoring/user-workload,tgis-bam,9488.0
2024-07-31 06:38:40.203999996,tgi_batch_inference_batch_size_count,http,10.128.4.201:3000,tgis-bam,prefill,fmaas-monitoring,bloom-v3,openshift-user-workload-monitoring/user-workload,tgis-bam,9500.0
2024-07-31 06:38:45.203999996,tgi_batch_inference_batch_size_count,http,10.128.4.201:3000,tgis-bam,prefill,fmaas-monitoring,bloom-v3,openshift-user-workload-monitoring/user-workload,tgis-bam,9506.0
2024-07-31 06:38:50.203999996,tgi_batch_inference_batch_size_count,http,10.128.4.201:3000,tgis-bam,prefill,fmaas-monitoring,bloom-v3,openshift-user-workload-monitoring/user-workload,tgis-bam,9518.0
2024-07-31 06:38:55.203999996,tgi_batch_inference_batch_size_count,http,10.128.4.201:3000,tgis-bam,prefill,fmaas-monitoring,bloom-v3,openshift-user-workload-monitoring/user-workload,tgis-bam,9521.0
2024-07-31 06:39:00.203999996,tgi_batch_inference_batch_size_count,http,10.128.4.201:3000,tgis-bam,prefill,fmaas-monitoring,bloom-v3,openshift-user-workload-monitoring/user-workload,tgis-bam,9533.0
2024-07-31 06:39:05.203999996,tgi_batch_inference_batch_size_count,http,10.128.4.201:3000,tgis-bam,prefill,fmaas-monitoring,bloom-v3,openshift-user-workload-monitoring/user-workload,tgis-bam,9537.0
2024-07-31 06:39:10.203999996,tgi_batch_inference_batch_size_count,http,10.128.4.201:3000,tgis-bam,prefill,fmaas-monitoring,bloom-v3,openshift-user-workload-monitoring/user-workload,tgis-bam,9548.0
2024-07-31 06:39:15.203999996,tgi_batch_inference_batch_size_count,http,10.128.4.201:3000,tgis-bam,prefill,fmaas-monitoring,bloom-v3,openshift-user-workload-monitoring/user-workload,tgis-bam,9553.0
2024-07-31 06:39:20.203999996,tgi_batch_inference_batch_size_count,http,10.128.4.201:3000,tgis-bam,prefill,fmaas-monitoring,bloom-v3,openshift-user-workload-monitoring/user-workload,tgis-bam,9563.0
2024-07-31 06:39:25.203999996,tgi_batch_inference_batch_size_count,http,10.128.4.201:3000,tgis-bam,prefill,fmaas-monitoring,bloom-v3,openshift-user-workload-monitoring/user-workload,tgis-bam,9569.0
2024-07-31 06:39:30.203999996,tgi_batch_inference_batch_size_count,http,10.128.4.201:3000,tgis-bam,prefill,fmaas-monitoring,bloom-v3,openshift-user-workload-monitoring/user-workload,tgis-bam,9579.0
2024-07-31 06:39:35.203999996,tgi_batch_inference_batch_size_count,http,10.128.4.201:3000,tgis-bam,prefill,fmaas-monitoring,bloom-v3,openshift-user-workload-monitoring/user-workload,tgis-bam,9581.0
2024-07-31 06:39:40.203999996,tgi_batch_inference_batch_size_count,http,10.128.4.201:3000,tgis-bam,prefill,fmaas-monitoring,bloom-v3,openshift-user-workload-monitoring/user-workload,tgis-bam,9594.0
2024-07-31 06:39:45.203999996,tgi_batch_inference_batch_size_count,http,10.128.4.201:3000,tgis-bam,prefill,fmaas-monitoring,bloom-v3,openshift-user-workload-monitoring/user-workload,tgis-bam,9597.0
2024-07-31 06:39:50.203999996,tgi_batch_inference_batch_size_count,http,10.128.4.201:3000,tgis-bam,prefill,fmaas-monitoring,bloom-v3,openshift-user-workload-monitoring/user-workload,tgis-bam,9611.0
2024-07-31 06:39:55.203999996,tgi_batch_inference_batch_size_count,http,10.128.4.201:3000,tgis-bam,prefill,fmaas-monitoring,bloom-v3,openshift-user-workload-monitoring/user-workload,tgis-bam,9616.0
2024-07-31 06:40:00.203999996,tgi_batch_inference_batch_size_count,http,10.128.4.201:3000,tgis-bam,prefill,fmaas-monitoring,bloom-v3,openshift-user-workload-monitoring/user-workload,tgis-bam,9627.0
2024-07-31 06:40:05.203999996,tgi_batch_inference_batch_size_count,http,10.128.4.201:3000,tgis-bam,prefill,fmaas-monitoring,bloom-v3,openshift-user-workload-monitoring/user-workload,tgis-bam,9630.0
2024-07-31 06:40:10.203999996,tgi_batch_inference_batch_size_count,http,10.128.4.201:3000,tgis-bam,prefill,fmaas-monitoring,bloom-v3,openshift-user-workload-monitoring/user-workload,tgis-bam,9640.0
2024-07-31 06:40:15.203999996,tgi_batch_inference_batch_size_count,http,10.128.4.201:3000,tgis-bam,prefill,fmaas-monitoring,bloom-v3,openshift-user-workload-monitoring/user-workload,tgis-bam,9645.0
2024-07-31 06:40:20.203999996,tgi_batch_inference_batch_size_count,http,10.128.4.201:3000,tgis-bam,prefill,fmaas-monitoring,bloom-v3,openshift-user-workload-monitoring/user-workload,tgis-bam,9656.0
2024-07-31 06:40:25.203999996,tgi_batch_inference_batch_size_count,http,10.128.4.201:3000,tgis-bam,prefill,fmaas-monitoring,bloom-v3,openshift-user-workload-monitoring/user-workload,tgis-bam,9662.0
2024-07-31 06:40:30.203999996,tgi_batch_inference_batch_size_count,http,10.128.4.201:3000,tgis-bam,prefill,fmaas-monitoring,bloom-v3,openshift-user-workload-monitoring/user-workload,tgis-bam,9671.0
2024-07-31 06:40:35.203999996,tgi_batch_inference_batch_size_count,http,10.128.4.201:3000,tgis-bam,prefill,fmaas-monitoring,bloom-v3,openshift-user-workload-monitoring/user-workload,tgis-bam,9675.0
2024-07-31 06:40:40.203999996,tgi_batch_inference_batch_size_count,http,10.128.4.201:3000,tgis-bam,prefill,fmaas-monitoring,bloom-v3,openshift-user-workload-monitoring/user-workload,tgis-bam,9689.0
2024-07-31 06:40:45.203999996,tgi_batch_inference_batch_size_count,http,10.128.4.201:3000,tgis-bam,prefill,fmaas-monitoring,bloom-v3,openshift-user-workload-monitoring/user-workload,tgis-bam,9693.0
2024-07-31 06:40:50.203999996,tgi_batch_inference_batch_size_count,http,10.128.4.201:3000,tgis-bam,prefill,fmaas-monitoring,bloom-v3,openshift-user-workload-monitoring/user-workload,tgis-bam,9703.0
2024-07-31 06:40:55.207999945,tgi_batch_inference_batch_size_count,http,10.128.4.201:3000,tgis-bam,prefill,fmaas-monitoring,bloom-v3,openshift-user-workload-monitoring/user-workload,tgis-bam,9708.0
2024-07-31 06:41:00.203999996,tgi_batch_inference_batch_size_count,http,10.128.4.201:3000,tgis-bam,prefill,fmaas-monitoring,bloom-v3,openshift-user-workload-monitoring/user-workload,tgis-bam,9719.0
2024-07-31 06:41:05.203999996,tgi_batch_inference_batch_size_count,http,10.128.4.201:3000,tgis-bam,prefill,fmaas-monitoring,bloom-v3,openshift-user-workload-monitoring/user-workload,tgis-bam,9724.0
2024-07-31 06:41:10.203999996,tgi_batch_inference_batch_size_count,http,10.128.4.201:3000,tgis-bam,prefill,fmaas-monitoring,bloom-v3,openshift-user-workload-monitoring/user-workload,tgis-bam,9738.0
2024-07-31 06:41:15.203999996,tgi_batch_inference_batch_size_count,http,10.128.4.201:3000,tgis-bam,prefill,fmaas-monitoring,bloom-v3,openshift-user-workload-monitoring/user-workload,tgis-bam,9745.0
2024-07-31 06:41:20.203999996,tgi_batch_inference_batch_size_count,http,10.128.4.201:3000,tgis-bam,prefill,fmaas-monitoring,bloom-v3,openshift-user-workload-monitoring/user-workload,tgis-bam,9755.0
2024-07-31 06:41:25.203999996,tgi_batch_inference_batch_size_count,http,10.128.4.201:3000,tgis-bam,prefill,fmaas-monitoring,bloom-v3,openshift-user-workload-monitoring/user-workload,tgis-bam,9761.0
2024-07-31 06:41:30.203999996,tgi_batch_inference_batch_size_count,http,10.128.4.201:3000,tgis-bam,prefill,fmaas-monitoring,bloom-v3,openshift-user-workload-monitoring/user-workload,tgis-bam,9770.0
2024-07-31 06:41:35.203999996,tgi_batch_inference_batch_size_count,http,10.128.4.201:3000,tgis-bam,prefill,fmaas-monitoring,bloom-v3,openshift-user-workload-monitoring/user-workload,tgis-bam,9775.0
2024-07-31 06:41:40.203999996,tgi_batch_inference_batch_size_count,http,10.128.4.201:3000,tgis-bam,prefill,fmaas-monitoring,bloom-v3,openshift-user-workload-monitoring/user-workload,tgis-bam,9785.0
2024-07-31 06:41:45.203999996,tgi_batch_inference_batch_size_count,http,10.128.4.201:3000,tgis-bam,prefill,fmaas-monitoring,bloom-v3,openshift-user-workload-monitoring/user-workload,tgis-bam,9789.0
2024-07-31 06:41:50.203999996,tgi_batch_inference_batch_size_count,http,10.128.4.201:3000,tgis-bam,prefill,fmaas-monitoring,bloom-v3,openshift-user-workload-monitoring/user-workload,tgis-bam,9800.0
2024-07-31 06:41:55.203999996,tgi_batch_inference_batch_size_count,http,10.128.4.201:3000,tgis-bam,prefill,fmaas-monitoring,bloom-v3,openshift-user-workload-monitoring/user-workload,tgis-bam,9804.0
2024-07-31 06:42:00.203999996,tgi_batch_inference_batch_size_count,http,10.128.4.201:3000,tgis-bam,prefill,fmaas-monitoring,bloom-v3,openshift-user-workload-monitoring/user-workload,tgis-bam,9815.0
2024-07-31 06:42:05.203999996,tgi_batch_inference_batch_size_count,http,10.128.4.201:3000,tgis-bam,prefill,fmaas-monitoring,bloom-v3,openshift-user-workload-monitoring/user-workload,tgis-bam,9820.0
2024-07-31 06:42:10.203999996,tgi_batch_inference_batch_size_count,http,10.128.4.201:3000,tgis-bam,prefill,fmaas-monitoring,bloom-v3,openshift-user-workload-monitoring/user-workload,tgis-bam,9829.0
2024-07-31 06:42:15.203999996,tgi_batch_inference_batch_size_count,http,10.128.4.201:3000,tgis-bam,prefill,fmaas-monitoring,bloom-v3,openshift-user-workload-monitoring/user-workload,tgis-bam,9833.0
2024-07-31 06:42:20.203999996,tgi_batch_inference_batch_size_count,http,10.128.4.201:3000,tgis-bam,prefill,fmaas-monitoring,bloom-v3,openshift-user-workload-monitoring/user-workload,tgis-bam,9846.0
2024-07-31 06:42:25.203999996,tgi_batch_inference_batch_size_count,http,10.128.4.201:3000,tgis-bam,prefill,fmaas-monitoring,bloom-v3,openshift-user-workload-monitoring/user-workload,tgis-bam,9851.0
2024-07-31 06:42:30.203999996,tgi_batch_inference_batch_size_count,http,10.128.4.201:3000,tgis-bam,prefill,fmaas-monitoring,bloom-v3,openshift-user-workload-monitoring/user-workload,tgis-bam,9862.0
2024-07-31 06:42:35.203999996,tgi_batch_inference_batch_size_count,http,10.128.4.201:3000,tgis-bam,prefill,fmaas-monitoring,bloom-v3,openshift-user-workload-monitoring/user-workload,tgis-bam,9867.0
2024-07-31 06:42:40.203999996,tgi_batch_inference_batch_size_count,http,10.128.4.201:3000,tgis-bam,prefill,fmaas-monitoring,bloom-v3,openshift-user-workload-monitoring/user-workload,tgis-bam,9877.0
2024-07-31 06:42:45.203999996,tgi_batch_inference_batch_size_count,http,10.128.4.201:3000,tgis-bam,prefill,fmaas-monitoring,bloom-v3,openshift-user-workload-monitoring/user-workload,tgis-bam,9883.0
2024-07-31 06:42:50.203999996,tgi_batch_inference_batch_size_count,http,10.128.4.201:3000,tgis-bam,prefill,fmaas-monitoring,bloom-v3,openshift-user-workload-monitoring/user-workload,tgis-bam,9895.0
2024-07-31 06:42:55.203999996,tgi_batch_inference_batch_size_count,http,10.128.4.201:3000,tgis-bam,prefill,fmaas-monitoring,bloom-v3,openshift-user-workload-monitoring/user-workload,tgis-bam,9901.0
2024-07-31 06:43:00.203999996,tgi_batch_inference_batch_size_count,http,10.128.4.201:3000,tgis-bam,prefill,fmaas-monitoring,bloom-v3,openshift-user-workload-monitoring/user-workload,tgis-bam,9909.0
2024-07-31 06:43:05.203999996,tgi_batch_inference_batch_size_count,http,10.128.4.201:3000,tgis-bam,prefill,fmaas-monitoring,bloom-v3,openshift-user-workload-monitoring/user-workload,tgis-bam,9913.0
2024-07-31 06:43:10.203999996,tgi_batch_inference_batch_size_count,http,10.128.4.201:3000,tgis-bam,prefill,fmaas-monitoring,bloom-v3,openshift-user-workload-monitoring/user-workload,tgis-bam,9926.0
2024-07-31 06:43:15.203999996,tgi_batch_inference_batch_size_count,http,10.128.4.201:3000,tgis-bam,prefill,fmaas-monitoring,bloom-v3,openshift-user-workload-monitoring/user-workload,tgis-bam,9930.0
2024-07-31 06:43:20.203999996,tgi_batch_inference_batch_size_count,http,10.128.4.201:3000,tgis-bam,prefill,fmaas-monitoring,bloom-v3,openshift-user-workload-monitoring/user-workload,tgis-bam,9943.0
2024-07-31 06:43:25.203999996,tgi_batch_inference_batch_size_count,http,10.128.4.201:3000,tgis-bam,prefill,fmaas-monitoring,bloom-v3,openshift-user-workload-monitoring/user-workload,tgis-bam,9948.0
2024-07-31 06:43:30.203999996,tgi_batch_inference_batch_size_count,http,10.128.4.201:3000,tgis-bam,prefill,fmaas-monitoring,bloom-v3,openshift-user-workload-monitoring/user-workload,tgis-bam,9958.0
2024-07-31 06:43:35.203999996,tgi_batch_inference_batch_size_count,http,10.128.4.201:3000,tgis-bam,prefill,fmaas-monitoring,bloom-v3,openshift-user-workload-monitoring/user-workload,tgis-bam,9963.0
2024-07-31 06:43:40.203999996,tgi_batch_inference_batch_size_count,http,10.128.4.201:3000,tgis-bam,prefill,fmaas-monitoring,bloom-v3,openshift-user-workload-monitoring/user-workload,tgis-bam,9973.0
2024-07-31 06:43:45.203999996,tgi_batch_inference_batch_size_count,http,10.128.4.201:3000,tgis-bam,prefill,fmaas-monitoring,bloom-v3,openshift-user-workload-monitoring/user-workload,tgis-bam,9976.0
2024-07-31 06:43:50.203999996,tgi_batch_inference_batch_size_count,http,10.128.4.201:3000,tgis-bam,prefill,fmaas-monitoring,bloom-v3,openshift-user-workload-monitoring/user-workload,tgis-bam,9988.0
2024-07-31 06:43:55.203999996,tgi_batch_inference_batch_size_count,http,10.128.4.201:3000,tgis-bam,prefill,fmaas-monitoring,bloom-v3,openshift-user-workload-monitoring/user-workload,tgis-bam,9993.0
2024-07-31 06:44:00.203999996,tgi_batch_inference_batch_size_count,http,10.128.4.201:3000,tgis-bam,next_token,fmaas-monitoring,bloom-v3,openshift-user-workload-monitoring/user-workload,tgis-bam,64501.0
2024-07-31 06:44:05.203999996,tgi_batch_inference_batch_size_count,http,10.128.4.201:3000,tgis-bam,next_token,fmaas-monitoring,bloom-v3,openshift-user-workload-monitoring/user-workload,tgis-bam,64553.0
2024-07-31 06:44:10.203999996,tgi_batch_inference_batch_size_count,http,10.128.4.201:3000,tgis-bam,next_token,fmaas-monitoring,bloom-v3,openshift-user-workload-monitoring/user-workload,tgis-bam,64610.0
2024-07-31 06:44:15.203999996,tgi_batch_inference_batch_size_count,http,10.128.4.201:3000,tgis-bam,next_token,fmaas-monitoring,bloom-v3,openshift-user-workload-monitoring/user-workload,tgis-bam,64659.0
2024-07-31 06:44:20.203999996,tgi_batch_inference_batch_size_count,http,10.128.4.201:3000,tgis-bam,next_token,fmaas-monitoring,bloom-v3,openshift-user-workload-monitoring/user-workload,tgis-bam,64728.0
2024-07-31 06:44:25.203999996,tgi_batch_inference_batch_size_count,http,10.128.4.201:3000,tgis-bam,next_token,fmaas-monitoring,bloom-v3,openshift-user-workload-monitoring/user-workload,tgis-bam,64762.0
2024-07-31 06:44:30.203999996,tgi_batch_inference_batch_size_count,http,10.128.4.201:3000,tgis-bam,next_token,fmaas-monitoring,bloom-v3,openshift-user-workload-monitoring/user-workload,tgis-bam,64836.0
2024-07-31 06:44:35.203999996,tgi_batch_inference_batch_size_count,http,10.128.4.201:3000,tgis-bam,next_token,fmaas-monitoring,bloom-v3,openshift-user-workload-monitoring/user-workload,tgis-bam,64874.0
2024-07-31 06:44:40.203999996,tgi_batch_inference_batch_size_count,http,10.128.4.201:3000,tgis-bam,next_token,fmaas-monitoring,bloom-v3,openshift-user-workload-monitoring/user-workload,tgis-bam,64921.0
2024-07-31 06:44:45.203999996,tgi_batch_inference_batch_size_count,http,10.128.4.201:3000,tgis-bam,next_token,fmaas-monitoring,bloom-v3,openshift-user-workload-monitoring/user-workload,tgis-bam,64982.0
2024-07-31 06:44:50.203999996,tgi_batch_inference_batch_size_count,http,10.128.4.201:3000,tgis-bam,next_token,fmaas-monitoring,bloom-v3,openshift-user-workload-monitoring/user-workload,tgis-bam,65016.0
2024-07-31 06:44:55.203999996,tgi_batch_inference_batch_size_count,http,10.128.4.201:3000,tgis-bam,next_token,fmaas-monitoring,bloom-v3,openshift-user-workload-monitoring/user-workload,tgis-bam,65084.0
2024-07-31 06:45:00.203999996,tgi_batch_inference_batch_size_count,http,10.128.4.201:3000,tgis-bam,next_token,fmaas-monitoring,bloom-v3,openshift-user-workload-monitoring/user-workload,tgis-bam,65110.0
2024-07-31 06:45:05.203999996,tgi_batch_inference_batch_size_count,http,10.128.4.201:3000,tgis-bam,next_token,fmaas-monitoring,bloom-v3,openshift-user-workload-monitoring/user-workload,tgis-bam,65150.0
2024-07-31 06:45:10.203999996,tgi_batch_inference_batch_size_count,http,10.128.4.201:3000,tgis-bam,next_token,fmaas-monitoring,bloom-v3,openshift-user-workload-monitoring/user-workload,tgis-bam,65183.0
2024-07-31 06:45:15.203999996,tgi_batch_inference_batch_size_count,http,10.128.4.201:3000,tgis-bam,next_token,fmaas-monitoring,bloom-v3,openshift-user-workload-monitoring/user-workload,tgis-bam,65229.0
2024-07-31 06:45:20.203999996,tgi_batch_inference_batch_size_count,http,10.128.4.201:3000,tgis-bam,next_token,fmaas-monitoring,bloom-v3,openshift-user-workload-monitoring/user-workload,tgis-bam,65274.0
2024-07-31 06:45:25.203999996,tgi_batch_inference_batch_size_count,http,10.128.4.201:3000,tgis-bam,next_token,fmaas-monitoring,bloom-v3,openshift-user-workload-monitoring/user-workload,tgis-bam,65325.0
2024-07-31 06:45:30.203999996,tgi_batch_inference_batch_size_count,http,10.128.4.201:3000,tgis-bam,next_token,fmaas-monitoring,bloom-v3,openshift-user-workload-monitoring/user-workload,tgis-bam,65358.0
2024-07-31 06:45:35.203999996,tgi_batch_inference_batch_size_count,http,10.128.4.201:3000,tgis-bam,next_token,fmaas-monitoring,bloom-v3,openshift-user-workload-monitoring/user-workload,tgis-bam,65421.0
2024-07-31 06:45:40.203999996,tgi_batch_inference_batch_size_count,http,10.128.4.201:3000,tgis-bam,next_token,fmaas-monitoring,bloom-v3,openshift-user-workload-monitoring/user-workload,tgis-bam,65470.0
2024-07-31 06:45:45.203999996,tgi_batch_inference_batch_size_count,http,10.128.4.201:3000,tgis-bam,next_token,fmaas-monitoring,bloom-v3,openshift-user-workload-monitoring/user-workload,tgis-bam,65525.0
2024-07-31 06:45:50.203999996,tgi_batch_inference_batch_size_count,http,10.128.4.201:3000,tgis-bam,next_token,fmaas-monitoring,bloom-v3,openshift-user-workload-monitoring/user-workload,tgis-bam,65586.0
2024-07-31 06:45:55.203999996,tgi_batch_inference_batch_size_count,http,10.128.4.201:3000,tgis-bam,next_token,fmaas-monitoring,bloom-v3,openshift-user-workload-monitoring/user-workload,tgis-bam,65638.0
2024-07-31 06:46:00.203999996,tgi_batch_inference_batch_size_count,http,10.128.4.201:3000,tgis-bam,next_token,fmaas-monitoring,bloom-v3,openshift-user-workload-monitoring/user-workload,tgis-bam,65684.0
2024-07-31 06:46:05.203999996,tgi_batch_inference_batch_size_count,http,10.128.4.201:3000,tgis-bam,next_token,fmaas-monitoring,bloom-v3,openshift-user-workload-monitoring/user-workload,tgis-bam,65749.0
2024-07-31 06:46:10.203999996,tgi_batch_inference_batch_size_count,http,10.128.4.201:3000,tgis-bam,next_token,fmaas-monitoring,bloom-v3,openshift-user-workload-monitoring/user-workload,tgis-bam,65797.0
2024-07-31 06:46:15.203999996,tgi_batch_inference_batch_size_count,http,10.128.4.201:3000,tgis-bam,next_token,fmaas-monitoring,bloom-v3,openshift-user-workload-monitoring/user-workload,tgis-bam,65857.0
2024-07-31 06:46:20.203999996,tgi_batch_inference_batch_size_count,http,10.128.4.201:3000,tgis-bam,next_token,fmaas-monitoring,bloom-v3,openshift-user-workload-monitoring/user-workload,tgis-bam,65905.0
2024-07-31 06:46:25.203999996,tgi_batch_inference_batch_size_count,http,10.128.4.201:3000,tgis-bam,next_token,fmaas-monitoring,bloom-v3,openshift-user-workload-monitoring/user-workload,tgis-bam,65950.0
2024-07-31 06:46:30.203999996,tgi_batch_inference_batch_size_count,http,10.128.4.201:3000,tgis-bam,next_token,fmaas-monitoring,bloom-v3,openshift-user-workload-monitoring/user-workload,tgis-bam,66000.0
2024-07-31 06:46:35.203999996,tgi_batch_inference_batch_size_count,http,10.128.4.201:3000,tgis-bam,next_token,fmaas-monitoring,bloom-v3,openshift-user-workload-monitoring/user-workload,tgis-bam,66069.0
2024-07-31 06:46:40.203999996,tgi_batch_inference_batch_size_count,http,10.128.4.201:3000,tgis-bam,next_token,fmaas-monitoring,bloom-v3,openshift-user-workload-monitoring/user-workload,tgis-bam,66113.0
2024-07-31 06:46:45.203999996,tgi_batch_inference_batch_size_count,http,10.128.4.201:3000,tgis-bam,next_token,fmaas-monitoring,bloom-v3,openshift-user-workload-monitoring/user-workload,tgis-bam,66162.0
2024-07-31 06:46:50.203999996,tgi_batch_inference_batch_size_count,http,10.128.4.201:3000,tgis-bam,next_token,fmaas-monitoring,bloom-v3,openshift-user-workload-monitoring/user-workload,tgis-bam,66196.0
2024-07-31 06:46:55.203999996,tgi_batch_inference_batch_size_count,http,10.128.4.201:3000,tgis-bam,next_token,fmaas-monitoring,bloom-v3,openshift-user-workload-monitoring/user-workload,tgis-bam,66262.0
2024-07-31 06:47:00.203999996,tgi_batch_inference_batch_size_count,http,10.128.4.201:3000,tgis-bam,next_token,fmaas-monitoring,bloom-v3,openshift-user-workload-monitoring/user-workload,tgis-bam,66311.0
2024-07-31 06:47:05.203999996,tgi_batch_inference_batch_size_count,http,10.128.4.201:3000,tgis-bam,next_token,fmaas-monitoring,bloom-v3,openshift-user-workload-monitoring/user-workload,tgis-bam,66358.0
2024-07-31 06:47:10.203999996,tgi_batch_inference_batch_size_count,http,10.128.4.201:3000,tgis-bam,next_token,fmaas-monitoring,bloom-v3,openshift-user-workload-monitoring/user-workload,tgis-bam,66401.0
2024-07-31 06:47:15.203999996,tgi_batch_inference_batch_size_count,http,10.128.4.201:3000,tgis-bam,next_token,fmaas-monitoring,bloom-v3,openshift-user-workload-monitoring/user-workload,tgis-bam,66460.0
2024-07-31 06:47:20.207999945,tgi_batch_inference_batch_size_count,http,10.128.4.201:3000,tgis-bam,next_token,fmaas-monitoring,bloom-v3,openshift-user-workload-monitoring/user-workload,tgis-bam,66509.0
2024-07-31 06:47:25.203999996,tgi_batch_inference_batch_size_count,http,10.128.4.201:3000,tgis-bam,next_token,fmaas-monitoring,bloom-v3,openshift-user-workload-monitoring/user-workload,tgis-bam,66563.0
2024-07-31 06:47:30.203999996,tgi_batch_inference_batch_size_count,http,10.128.4.201:3000,tgis-bam,next_token,fmaas-monitoring,bloom-v3,openshift-user-workload-monitoring/user-workload,tgis-bam,66620.0
2024-07-31 06:47:35.203999996,tgi_batch_inference_batch_size_count,http,10.128.4.201:3000,tgis-bam,next_token,fmaas-monitoring,bloom-v3,openshift-user-workload-monitoring/user-workload,tgis-bam,66672.0
2024-07-31 06:47:40.203999996,tgi_batch_inference_batch_size_count,http,10.128.4.201:3000,tgis-bam,next_token,fmaas-monitoring,bloom-v3,openshift-user-workload-monitoring/user-workload,tgis-bam,66714.0
2024-07-31 06:47:45.203999996,tgi_batch_inference_batch_size_count,http,10.128.4.201:3000,tgis-bam,next_token,fmaas-monitoring,bloom-v3,openshift-user-workload-monitoring/user-workload,tgis-bam,66770.0
2024-07-31 06:47:50.203999996,tgi_batch_inference_batch_size_count,http,10.128.4.201:3000,tgis-bam,next_token,fmaas-monitoring,bloom-v3,openshift-user-workload-monitoring/user-workload,tgis-bam,66822.0
2024-07-31 06:47:55.203999996,tgi_batch_inference_batch_size_count,http,10.128.4.201:3000,tgis-bam,next_token,fmaas-monitoring,bloom-v3,openshift-user-workload-monitoring/user-workload,tgis-bam,66862.0
2024-07-31 06:48:00.203999996,tgi_batch_inference_batch_size_count,http,10.128.4.201:3000,tgis-bam,next_token,fmaas-monitoring,bloom-v3,openshift-user-workload-monitoring/user-workload,tgis-bam,66913.0
2024-07-31 06:48:05.203999996,tgi_batch_inference_batch_size_count,http,10.128.4.201:3000,tgis-bam,next_token,fmaas-monitoring,bloom-v3,openshift-user-workload-monitoring/user-workload,tgis-bam,66973.0
2024-07-31 06:48:10.203999996,tgi_batch_inference_batch_size_count,http,10.128.4.201:3000,tgis-bam,next_token,fmaas-monitoring,bloom-v3,openshift-user-workload-monitoring/user-workload,tgis-bam,67019.0
2024-07-31 06:48:15.207000017,tgi_batch_inference_batch_size_count,http,10.128.4.201:3000,tgis-bam,next_token,fmaas-monitoring,bloom-v3,openshift-user-workload-monitoring/user-workload,tgis-bam,67072.0
2024-07-31 06:48:20.203999996,tgi_batch_inference_batch_size_count,http,10.128.4.201:3000,tgis-bam,next_token,fmaas-monitoring,bloom-v3,openshift-user-workload-monitoring/user-workload,tgis-bam,67130.0
2024-07-31 06:48:25.203999996,tgi_batch_inference_batch_size_count,http,10.128.4.201:3000,tgis-bam,next_token,fmaas-monitoring,bloom-v3,openshift-user-workload-monitoring/user-workload,tgis-bam,67181.0
2024-07-31 06:48:30.203999996,tgi_batch_inference_batch_size_count,http,10.128.4.201:3000,tgis-bam,next_token,fmaas-monitoring,bloom-v3,openshift-user-workload-monitoring/user-workload,tgis-bam,67217.0
2024-07-31 06:48:35.203999996,tgi_batch_inference_batch_size_count,http,10.128.4.201:3000,tgis-bam,next_token,fmaas-monitoring,bloom-v3,openshift-user-workload-monitoring/user-workload,tgis-bam,67272.0
2024-07-31 06:48:40.203999996,tgi_batch_inference_batch_size_count,http,10.128.4.201:3000,tgis-bam,next_token,fmaas-monitoring,bloom-v3,openshift-user-workload-monitoring/user-workload,tgis-bam,67328.0
2024-07-31 06:48:45.203999996,tgi_batch_inference_batch_size_count,http,10.128.4.201:3000,tgis-bam,next_token,fmaas-monitoring,bloom-v3,openshift-user-workload-monitoring/user-workload,tgis-bam,67388.0
2024-07-31 06:48:50.203999996,tgi_batch_inference_batch_size_count,http,10.128.4.201:3000,tgis-bam,next_token,fmaas-monitoring,bloom-v3,openshift-user-workload-monitoring/user-workload,tgis-bam,67440.0
2024-07-31 06:48:55.203999996,tgi_batch_inference_batch_size_count,http,10.128.4.201:3000,tgis-bam,next_token,fmaas-monitoring,bloom-v3,openshift-user-workload-monitoring/user-workload,tgis-bam,67477.0
2024-07-31 06:49:00.203999996,tgi_batch_inference_batch_size_count,http,10.128.4.201:3000,tgis-bam,next_token,fmaas-monitoring,bloom-v3,openshift-user-workload-monitoring/user-workload,tgis-bam,67531.0
2024-07-31 06:49:05.203999996,tgi_batch_inference_batch_size_count,http,10.128.4.201:3000,tgis-bam,next_token,fmaas-monitoring,bloom-v3,openshift-user-workload-monitoring/user-workload,tgis-bam,67582.0
2024-07-31 06:49:10.203999996,tgi_batch_inference_batch_size_count,http,10.128.4.201:3000,tgis-bam,next_token,fmaas-monitoring,bloom-v3,openshift-user-workload-monitoring/user-workload,tgis-bam,67630.0
2024-07-31 06:49:15.203999996,tgi_batch_inference_batch_size_count,http,10.128.4.201:3000,tgis-bam,next_token,fmaas-monitoring,bloom-v3,openshift-user-workload-monitoring/user-workload,tgis-bam,67683.0
2024-07-31 06:49:20.203999996,tgi_batch_inference_batch_size_count,http,10.128.4.201:3000,tgis-bam,next_token,fmaas-monitoring,bloom-v3,openshift-user-workload-monitoring/user-workload,tgis-bam,67714.0
2024-07-31 06:49:25.203999996,tgi_batch_inference_batch_size_count,http,10.128.4.201:3000,tgis-bam,next_token,fmaas-monitoring,bloom-v3,openshift-user-workload-monitoring/user-workload,tgis-bam,67777.0
2024-07-31 06:49:30.203999996,tgi_batch_inference_batch_size_count,http,10.128.4.201:3000,tgis-bam,next_token,fmaas-monitoring,bloom-v3,openshift-user-workload-monitoring/user-workload,tgis-bam,67825.0
2024-07-31 06:49:35.203999996,tgi_batch_inference_batch_size_count,http,10.128.4.201:3000,tgis-bam,next_token,fmaas-monitoring,bloom-v3,openshift-user-workload-monitoring/user-workload,tgis-bam,67857.0
2024-07-31 06:49:40.203999996,tgi_batch_inference_batch_size_count,http,10.128.4.201:3000,tgis-bam,next_token,fmaas-monitoring,bloom-v3,openshift-user-workload-monitoring/user-workload,tgis-bam,67920.0
2024-07-31 06:49:45.203999996,tgi_batch_inference_batch_size_count,http,10.128.4.201:3000,tgis-bam,next_token,fmaas-monitoring,bloom-v3,openshift-user-workload-monitoring/user-workload,tgis-bam,67971.0
2024-07-31 06:49:50.203999996,tgi_batch_inference_batch_size_count,http,10.128.4.201:3000,tgis-bam,next_token,fmaas-monitoring,bloom-v3,openshift-user-workload-monitoring/user-workload,tgis-bam,68007.0
2024-07-31 06:49:55.203999996,tgi_batch_inference_batch_size_count,http,10.128.4.201:3000,tgis-bam,next_token,fmaas-monitoring,bloom-v3,openshift-user-workload-monitoring/user-workload,tgis-bam,68070.0
2024-07-31 06:50:00.203999996,tgi_batch_inference_batch_size_count,http,10.128.4.201:3000,tgis-bam,next_token,fmaas-monitoring,bloom-v3,openshift-user-workload-monitoring/user-workload,tgis-bam,68111.0
2024-07-31 06:50:05.203999996,tgi_batch_inference_batch_size_count,http,10.128.4.201:3000,tgis-bam,next_token,fmaas-monitoring,bloom-v3,openshift-user-workload-monitoring/user-workload,tgis-bam,68169.0
2024-07-31 06:50:10.203999996,tgi_batch_inference_batch_size_count,http,10.128.4.201:3000,tgis-bam,next_token,fmaas-monitoring,bloom-v3,openshift-user-workload-monitoring/user-workload,tgis-bam,68213.0
2024-07-31 06:50:15.203999996,tgi_batch_inference_batch_size_count,http,10.128.4.201:3000,tgis-bam,next_token,fmaas-monitoring,bloom-v3,openshift-user-workload-monitoring/user-workload,tgis-bam,68267.0
2024-07-31 06:50:20.203999996,tgi_batch_inference_batch_size_count,http,10.128.4.201:3000,tgis-bam,next_token,fmaas-monitoring,bloom-v3,openshift-user-workload-monitoring/user-workload,tgis-bam,68319.0
2024-07-31 06:50:25.203999996,tgi_batch_inference_batch_size_count,http,10.128.4.201:3000,tgis-bam,next_token,fmaas-monitoring,bloom-v3,openshift-user-workload-monitoring/user-workload,tgis-bam,68368.0
2024-07-31 06:50:30.203999996,tgi_batch_inference_batch_size_count,http,10.128.4.201:3000,tgis-bam,next_token,fmaas-monitoring,bloom-v3,openshift-user-workload-monitoring/user-workload,tgis-bam,68409.0
2024-07-31 06:50:35.203999996,tgi_batch_inference_batch_size_count,http,10.128.4.201:3000,tgis-bam,next_token,fmaas-monitoring,bloom-v3,openshift-user-workload-monitoring/user-workload,tgis-bam,68468.0
2024-07-31 06:50:40.203999996,tgi_batch_inference_batch_size_count,http,10.128.4.201:3000,tgis-bam,next_token,fmaas-monitoring,bloom-v3,openshift-user-workload-monitoring/user-workload,tgis-bam,68522.0
2024-07-31 06:50:45.203999996,tgi_batch_inference_batch_size_count,http,10.128.4.201:3000,tgis-bam,next_token,fmaas-monitoring,bloom-v3,openshift-user-workload-monitoring/user-workload,tgis-bam,68575.0
2024-07-31 06:50:50.203999996,tgi_batch_inference_batch_size_count,http,10.128.4.201:3000,tgis-bam,next_token,fmaas-monitoring,bloom-v3,openshift-user-workload-monitoring/user-workload,tgis-bam,68629.0
2024-07-31 06:50:55.203999996,tgi_batch_inference_batch_size_count,http,10.128.4.201:3000,tgis-bam,next_token,fmaas-monitoring,bloom-v3,openshift-user-workload-monitoring/user-workload,tgis-bam,68687.0
2024-07-31 06:51:00.203999996,tgi_batch_inference_batch_size_count,http,10.128.4.201:3000,tgis-bam,next_token,fmaas-monitoring,bloom-v3,openshift-user-workload-monitoring/user-workload,tgis-bam,68739.0
2024-07-31 06:51:05.203999996,tgi_batch_inference_batch_size_count,http,10.128.4.201:3000,tgis-bam,next_token,fmaas-monitoring,bloom-v3,openshift-user-workload-monitoring/user-workload,tgis-bam,68800.0
2024-07-31 06:51:10.203999996,tgi_batch_inference_batch_size_count,http,10.128.4.201:3000,tgis-bam,next_token,fmaas-monitoring,bloom-v3,openshift-user-workload-monitoring/user-workload,tgis-bam,68834.0
2024-07-31 06:51:15.203999996,tgi_batch_inference_batch_size_count,http,10.128.4.201:3000,tgis-bam,next_token,fmaas-monitoring,bloom-v3,openshift-user-workload-monitoring/user-workload,tgis-bam,68898.0
2024-07-31 06:51:20.203999996,tgi_batch_inference_batch_size_count,http,10.128.4.201:3000,tgis-bam,next_token,fmaas-monitoring,bloom-v3,openshift-user-workload-monitoring/user-workload,tgis-bam,68954.0
2024-07-31 06:51:25.203999996,tgi_batch_inference_batch_size_count,http,10.128.4.201:3000,tgis-bam,next_token,fmaas-monitoring,bloom-v3,openshift-user-workload-monitoring/user-workload,tgis-bam,69001.0
2024-07-31 06:51:30.203999996,tgi_batch_inference_batch_size_count,http,10.128.4.201:3000,tgis-bam,next_token,fmaas-monitoring,bloom-v3,openshift-user-workload-monitoring/user-workload,tgis-bam,69054.0
2024-07-31 06:51:35.203999996,tgi_batch_inference_batch_size_count,http,10.128.4.201:3000,tgis-bam,next_token,fmaas-monitoring,bloom-v3,openshift-user-workload-monitoring/user-workload,tgis-bam,69098.0
2024-07-31 06:51:40.203999996,tgi_batch_inference_batch_size_count,http,10.128.4.201:3000,tgis-bam,next_token,fmaas-monitoring,bloom-v3,openshift-user-workload-monitoring/user-workload,tgis-bam,69147.0
2024-07-31 06:51:45.203999996,tgi_batch_inference_batch_size_count,http,10.128.4.201:3000,tgis-bam,next_token,fmaas-monitoring,bloom-v3,openshift-user-workload-monitoring/user-workload,tgis-bam,69202.0
2024-07-31 06:51:50.203999996,tgi_batch_inference_batch_size_count,http,10.128.4.201:3000,tgis-bam,next_token,fmaas-monitoring,bloom-v3,openshift-user-workload-monitoring/user-workload,tgis-bam,69254.0
2024-07-31 06:51:55.203999996,tgi_batch_inference_batch_size_count,http,10.128.4.201:3000,tgis-bam,next_token,fmaas-monitoring,bloom-v3,openshift-user-workload-monitoring/user-workload,tgis-bam,69318.0
2024-07-31 06:52:00.203999996,tgi_batch_inference_batch_size_count,http,10.128.4.201:3000,tgis-bam,next_token,fmaas-monitoring,bloom-v3,openshift-user-workload-monitoring/user-workload,tgis-bam,69372.0
2024-07-31 06:52:05.203999996,tgi_batch_inference_batch_size_count,http,10.128.4.201:3000,tgis-bam,next_token,fmaas-monitoring,bloom-v3,openshift-user-workload-monitoring/user-workload,tgis-bam,69416.0
2024-07-31 06:52:10.203999996,tgi_batch_inference_batch_size_count,http,10.128.4.201:3000,tgis-bam,next_token,fmaas-monitoring,bloom-v3,openshift-user-workload-monitoring/user-workload,tgis-bam,69452.0
2024-07-31 06:52:15.203999996,tgi_batch_inference_batch_size_count,http,10.128.4.201:3000,tgis-bam,next_token,fmaas-monitoring,bloom-v3,openshift-user-workload-monitoring/user-workload,tgis-bam,69511.0
2024-07-31 06:52:20.203999996,tgi_batch_inference_batch_size_count,http,10.128.4.201:3000,tgis-bam,next_token,fmaas-monitoring,bloom-v3,openshift-user-workload-monitoring/user-workload,tgis-bam,69558.0
2024-07-31 06:52:25.203999996,tgi_batch_inference_batch_size_count,http,10.128.4.201:3000,tgis-bam,next_token,fmaas-monitoring,bloom-v3,openshift-user-workload-monitoring/user-workload,tgis-bam,69622.0
2024-07-31 06:52:30.203999996,tgi_batch_inference_batch_size_count,http,10.128.4.201:3000,tgis-bam,next_token,fmaas-monitoring,bloom-v3,openshift-user-workload-monitoring/user-workload,tgis-bam,69662.0
2024-07-31 06:52:35.203999996,tgi_batch_inference_batch_size_count,http,10.128.4.201:3000,tgis-bam,next_token,fmaas-monitoring,bloom-v3,openshift-user-workload-monitoring/user-workload,tgis-bam,69718.0
2024-07-31 06:52:40.203999996,tgi_batch_inference_batch_size_count,http,10.128.4.201:3000,tgis-bam,next_token,fmaas-monitoring,bloom-v3,openshift-user-workload-monitoring/user-workload,tgis-bam,69763.0
2024-07-31 06:52:45.203999996,tgi_batch_inference_batch_size_count,http,10.128.4.201:3000,tgis-bam,next_token,fmaas-monitoring,bloom-v3,openshift-user-workload-monitoring/user-workload,tgis-bam,69817.0
2024-07-31 06:52:50.203999996,tgi_batch_inference_batch_size_count,http,10.128.4.201:3000,tgis-bam,next_token,fmaas-monitoring,bloom-v3,openshift-user-workload-monitoring/user-workload,tgis-bam,69858.0
2024-07-31 06:52:55.203999996,tgi_batch_inference_batch_size_count,http,10.128.4.201:3000,tgis-bam,next_token,fmaas-monitoring,bloom-v3,openshift-user-workload-monitoring/user-workload,tgis-bam,69924.0
2024-07-31 06:53:00.203999996,tgi_batch_inference_batch_size_count,http,10.128.4.201:3000,tgis-bam,next_token,fmaas-monitoring,bloom-v3,openshift-user-workload-monitoring/user-workload,tgis-bam,69961.0
2024-07-31 06:53:05.203999996,tgi_batch_inference_batch_size_count,http,10.128.4.201:3000,tgis-bam,next_token,fmaas-monitoring,bloom-v3,openshift-user-workload-monitoring/user-workload,tgis-bam,70022.0
2024-07-31 06:53:10.203999996,tgi_batch_inference_batch_size_count,http,10.128.4.201:3000,tgis-bam,next_token,fmaas-monitoring,bloom-v3,openshift-user-workload-monitoring/user-workload,tgis-bam,70061.0
2024-07-31 06:53:15.203999996,tgi_batch_inference_batch_size_count,http,10.128.4.201:3000,tgis-bam,next_token,fmaas-monitoring,bloom-v3,openshift-user-workload-monitoring/user-workload,tgis-bam,70128.0
2024-07-31 06:53:20.203999996,tgi_batch_inference_batch_size_count,http,10.128.4.201:3000,tgis-bam,next_token,fmaas-monitoring,bloom-v3,openshift-user-workload-monitoring/user-workload,tgis-bam,70193.0
2024-07-31 06:53:25.203999996,tgi_batch_inference_batch_size_count,http,10.128.4.201:3000,tgis-bam,next_token,fmaas-monitoring,bloom-v3,openshift-user-workload-monitoring/user-workload,tgis-bam,70230.0
2024-07-31 06:53:30.203999996,tgi_batch_inference_batch_size_count,http,10.128.4.201:3000,tgis-bam,next_token,fmaas-monitoring,bloom-v3,openshift-user-workload-monitoring/user-workload,tgis-bam,70269.0
2024-07-31 06:53:35.203999996,tgi_batch_inference_batch_size_count,http,10.128.4.201:3000,tgis-bam,next_token,fmaas-monitoring,bloom-v3,openshift-user-workload-monitoring/user-workload,tgis-bam,70336.0
2024-07-31 06:53:40.203999996,tgi_batch_inference_batch_size_count,http,10.128.4.201:3000,tgis-bam,next_token,fmaas-monitoring,bloom-v3,openshift-user-workload-monitoring/user-workload,tgis-bam,70385.0
2024-07-31 06:53:45.203999996,tgi_batch_inference_batch_size_count,http,10.128.4.201:3000,tgis-bam,next_token,fmaas-monitoring,bloom-v3,openshift-user-workload-monitoring/user-workload,tgis-bam,70428.0
2024-07-31 06:53:50.203999996,tgi_batch_inference_batch_size_count,http,10.128.4.201:3000,tgis-bam,next_token,fmaas-monitoring,bloom-v3,openshift-user-workload-monitoring/user-workload,tgis-bam,70472.0
2024-07-31 06:53:55.203999996,tgi_batch_inference_batch_size_count,http,10.128.4.201:3000,tgis-bam,next_token,fmaas-monitoring,bloom-v3,openshift-user-workload-monitoring/user-workload,tgis-bam,70535.0
2024-07-31 06:44:00.203999996,tgi_batch_inference_batch_size_count,http,10.128.4.201:3000,tgis-bam,prefill,fmaas-monitoring,bloom-v3,openshift-user-workload-monitoring/user-workload,tgis-bam,10004.0
2024-07-31 06:44:05.203999996,tgi_batch_inference_batch_size_count,http,10.128.4.201:3000,tgis-bam,prefill,fmaas-monitoring,bloom-v3,openshift-user-workload-monitoring/user-workload,tgis-bam,10008.0
2024-07-31 06:44:10.203999996,tgi_batch_inference_batch_size_count,http,10.128.4.201:3000,tgis-bam,prefill,fmaas-monitoring,bloom-v3,openshift-user-workload-monitoring/user-workload,tgis-bam,10021.0
2024-07-31 06:44:15.203999996,tgi_batch_inference_batch_size_count,http,10.128.4.201:3000,tgis-bam,prefill,fmaas-monitoring,bloom-v3,openshift-user-workload-monitoring/user-workload,tgis-bam,10027.0
2024-07-31 06:44:20.203999996,tgi_batch_inference_batch_size_count,http,10.128.4.201:3000,tgis-bam,prefill,fmaas-monitoring,bloom-v3,openshift-user-workload-monitoring/user-workload,tgis-bam,10038.0
2024-07-31 06:44:25.203999996,tgi_batch_inference_batch_size_count,http,10.128.4.201:3000,tgis-bam,prefill,fmaas-monitoring,bloom-v3,openshift-user-workload-monitoring/user-workload,tgis-bam,10041.0
2024-07-31 06:44:30.203999996,tgi_batch_inference_batch_size_count,http,10.128.4.201:3000,tgis-bam,prefill,fmaas-monitoring,bloom-v3,openshift-user-workload-monitoring/user-workload,tgis-bam,10052.0
2024-07-31 06:44:35.203999996,tgi_batch_inference_batch_size_count,http,10.128.4.201:3000,tgis-bam,prefill,fmaas-monitoring,bloom-v3,openshift-user-workload-monitoring/user-workload,tgis-bam,10059.0
2024-07-31 06:44:40.203999996,tgi_batch_inference_batch_size_count,http,10.128.4.201:3000,tgis-bam,prefill,fmaas-monitoring,bloom-v3,openshift-user-workload-monitoring/user-workload,tgis-bam,10069.0
2024-07-31 06:44:45.203999996,tgi_batch_inference_batch_size_count,http,10.128.4.201:3000,tgis-bam,prefill,fmaas-monitoring,bloom-v3,openshift-user-workload-monitoring/user-workload,tgis-bam,10075.0
2024-07-31 06:44:50.203999996,tgi_batch_inference_batch_size_count,http,10.128.4.201:3000,tgis-bam,prefill,fmaas-monitoring,bloom-v3,openshift-user-workload-monitoring/user-workload,tgis-bam,10086.0
2024-07-31 06:44:55.203999996,tgi_batch_inference_batch_size_count,http,10.128.4.201:3000,tgis-bam,prefill,fmaas-monitoring,bloom-v3,openshift-user-workload-monitoring/user-workload,tgis-bam,10090.0
2024-07-31 06:45:00.203999996,tgi_batch_inference_batch_size_count,http,10.128.4.201:3000,tgis-bam,prefill,fmaas-monitoring,bloom-v3,openshift-user-workload-monitoring/user-workload,tgis-bam,10099.0
2024-07-31 06:45:05.203999996,tgi_batch_inference_batch_size_count,http,10.128.4.201:3000,tgis-bam,prefill,fmaas-monitoring,bloom-v3,openshift-user-workload-monitoring/user-workload,tgis-bam,10102.0
2024-07-31 06:45:10.203999996,tgi_batch_inference_batch_size_count,http,10.128.4.201:3000,tgis-bam,prefill,fmaas-monitoring,bloom-v3,openshift-user-workload-monitoring/user-workload,tgis-bam,10113.0
2024-07-31 06:45:15.203999996,tgi_batch_inference_batch_size_count,http,10.128.4.201:3000,tgis-bam,prefill,fmaas-monitoring,bloom-v3,openshift-user-workload-monitoring/user-workload,tgis-bam,10117.0
2024-07-31 06:45:20.203999996,tgi_batch_inference_batch_size_count,http,10.128.4.201:3000,tgis-bam,prefill,fmaas-monitoring,bloom-v3,openshift-user-workload-monitoring/user-workload,tgis-bam,10129.0
2024-07-31 06:45:25.203999996,tgi_batch_inference_batch_size_count,http,10.128.4.201:3000,tgis-bam,prefill,fmaas-monitoring,bloom-v3,openshift-user-workload-monitoring/user-workload,tgis-bam,10134.0
2024-07-31 06:45:30.203999996,tgi_batch_inference_batch_size_count,http,10.128.4.201:3000,tgis-bam,prefill,fmaas-monitoring,bloom-v3,openshift-user-workload-monitoring/user-workload,tgis-bam,10146.0
2024-07-31 06:45:35.203999996,tgi_batch_inference_batch_size_count,http,10.128.4.201:3000,tgis-bam,prefill,fmaas-monitoring,bloom-v3,openshift-user-workload-monitoring/user-workload,tgis-bam,10151.0
2024-07-31 06:45:40.203999996,tgi_batch_inference_batch_size_count,http,10.128.4.201:3000,tgis-bam,prefill,fmaas-monitoring,bloom-v3,openshift-user-workload-monitoring/user-workload,tgis-bam,10165.0
2024-07-31 06:45:45.203999996,tgi_batch_inference_batch_size_count,http,10.128.4.201:3000,tgis-bam,prefill,fmaas-monitoring,bloom-v3,openshift-user-workload-monitoring/user-workload,tgis-bam,10169.0
2024-07-31 06:45:50.203999996,tgi_batch_inference_batch_size_count,http,10.128.4.201:3000,tgis-bam,prefill,fmaas-monitoring,bloom-v3,openshift-user-workload-monitoring/user-workload,tgis-bam,10183.0
2024-07-31 06:45:55.203999996,tgi_batch_inference_batch_size_count,http,10.128.4.201:3000,tgis-bam,prefill,fmaas-monitoring,bloom-v3,openshift-user-workload-monitoring/user-workload,tgis-bam,10189.0
2024-07-31 06:46:00.203999996,tgi_batch_inference_batch_size_count,http,10.128.4.201:3000,tgis-bam,prefill,fmaas-monitoring,bloom-v3,openshift-user-workload-monitoring/user-workload,tgis-bam,10200.0
2024-07-31 06:46:05.203999996,tgi_batch_inference_batch_size_count,http,10.128.4.201:3000,tgis-bam,prefill,fmaas-monitoring,bloom-v3,openshift-user-workload-monitoring/user-workload,tgis-bam,10203.0
2024-07-31 06:46:10.203999996,tgi_batch_inference_batch_size_count,http,10.128.4.201:3000,tgis-bam,prefill,fmaas-monitoring,bloom-v3,openshift-user-workload-monitoring/user-workload,tgis-bam,10216.0
2024-07-31 06:46:15.203999996,tgi_batch_inference_batch_size_count,http,10.128.4.201:3000,tgis-bam,prefill,fmaas-monitoring,bloom-v3,openshift-user-workload-monitoring/user-workload,tgis-bam,10220.0
2024-07-31 06:46:20.203999996,tgi_batch_inference_batch_size_count,http,10.128.4.201:3000,tgis-bam,prefill,fmaas-monitoring,bloom-v3,openshift-user-workload-monitoring/user-workload,tgis-bam,10235.0
2024-07-31 06:46:25.203999996,tgi_batch_inference_batch_size_count,http,10.128.4.201:3000,tgis-bam,prefill,fmaas-monitoring,bloom-v3,openshift-user-workload-monitoring/user-workload,tgis-bam,10239.0
2024-07-31 06:46:30.203999996,tgi_batch_inference_batch_size_count,http,10.128.4.201:3000,tgis-bam,prefill,fmaas-monitoring,bloom-v3,openshift-user-workload-monitoring/user-workload,tgis-bam,10251.0
2024-07-31 06:46:35.203999996,tgi_batch_inference_batch_size_count,http,10.128.4.201:3000,tgis-bam,prefill,fmaas-monitoring,bloom-v3,openshift-user-workload-monitoring/user-workload,tgis-bam,10256.0
2024-07-31 06:46:40.203999996,tgi_batch_inference_batch_size_count,http,10.128.4.201:3000,tgis-bam,prefill,fmaas-monitoring,bloom-v3,openshift-user-workload-monitoring/user-workload,tgis-bam,10269.0
2024-07-31 06:46:45.203999996,tgi_batch_inference_batch_size_count,http,10.128.4.201:3000,tgis-bam,prefill,fmaas-monitoring,bloom-v3,openshift-user-workload-monitoring/user-workload,tgis-bam,10274.0
2024-07-31 06:46:50.203999996,tgi_batch_inference_batch_size_count,http,10.128.4.201:3000,tgis-bam,prefill,fmaas-monitoring,bloom-v3,openshift-user-workload-monitoring/user-workload,tgis-bam,10284.0
2024-07-31 06:46:55.203999996,tgi_batch_inference_batch_size_count,http,10.128.4.201:3000,tgis-bam,prefill,fmaas-monitoring,bloom-v3,openshift-user-workload-monitoring/user-workload,tgis-bam,10289.0
2024-07-31 06:47:00.203999996,tgi_batch_inference_batch_size_count,http,10.128.4.201:3000,tgis-bam,prefill,fmaas-monitoring,bloom-v3,openshift-user-workload-monitoring/user-workload,tgis-bam,10300.0
2024-07-31 06:47:05.203999996,tgi_batch_inference_batch_size_count,http,10.128.4.201:3000,tgis-bam,prefill,fmaas-monitoring,bloom-v3,openshift-user-workload-monitoring/user-workload,tgis-bam,10305.0
2024-07-31 06:47:10.203999996,tgi_batch_inference_batch_size_count,http,10.128.4.201:3000,tgis-bam,prefill,fmaas-monitoring,bloom-v3,openshift-user-workload-monitoring/user-workload,tgis-bam,10319.0
2024-07-31 06:47:15.203999996,tgi_batch_inference_batch_size_count,http,10.128.4.201:3000,tgis-bam,prefill,fmaas-monitoring,bloom-v3,openshift-user-workload-monitoring/user-workload,tgis-bam,10323.0
2024-07-31 06:47:20.207999945,tgi_batch_inference_batch_size_count,http,10.128.4.201:3000,tgis-bam,prefill,fmaas-monitoring,bloom-v3,openshift-user-workload-monitoring/user-workload,tgis-bam,10334.0
2024-07-31 06:47:25.203999996,tgi_batch_inference_batch_size_count,http,10.128.4.201:3000,tgis-bam,prefill,fmaas-monitoring,bloom-v3,openshift-user-workload-monitoring/user-workload,tgis-bam,10338.0
2024-07-31 06:47:30.203999996,tgi_batch_inference_batch_size_count,http,10.128.4.201:3000,tgis-bam,prefill,fmaas-monitoring,bloom-v3,openshift-user-workload-monitoring/user-workload,tgis-bam,10349.0
2024-07-31 06:47:35.203999996,tgi_batch_inference_batch_size_count,http,10.128.4.201:3000,tgis-bam,prefill,fmaas-monitoring,bloom-v3,openshift-user-workload-monitoring/user-workload,tgis-bam,10355.0
2024-07-31 06:47:40.203999996,tgi_batch_inference_batch_size_count,http,10.128.4.201:3000,tgis-bam,prefill,fmaas-monitoring,bloom-v3,openshift-user-workload-monitoring/user-workload,tgis-bam,10365.0
2024-07-31 06:47:45.203999996,tgi_batch_inference_batch_size_count,http,10.128.4.201:3000,tgis-bam,prefill,fmaas-monitoring,bloom-v3,openshift-user-workload-monitoring/user-workload,tgis-bam,10370.0
2024-07-31 06:47:50.203999996,tgi_batch_inference_batch_size_count,http,10.128.4.201:3000,tgis-bam,prefill,fmaas-monitoring,bloom-v3,openshift-user-workload-monitoring/user-workload,tgis-bam,10381.0
2024-07-31 06:47:55.203999996,tgi_batch_inference_batch_size_count,http,10.128.4.201:3000,tgis-bam,prefill,fmaas-monitoring,bloom-v3,openshift-user-workload-monitoring/user-workload,tgis-bam,10385.0
2024-07-31 06:48:00.203999996,tgi_batch_inference_batch_size_count,http,10.128.4.201:3000,tgis-bam,prefill,fmaas-monitoring,bloom-v3,openshift-user-workload-monitoring/user-workload,tgis-bam,10398.0
2024-07-31 06:48:05.203999996,tgi_batch_inference_batch_size_count,http,10.128.4.201:3000,tgis-bam,prefill,fmaas-monitoring,bloom-v3,openshift-user-workload-monitoring/user-workload,tgis-bam,10403.0
2024-07-31 06:48:10.203999996,tgi_batch_inference_batch_size_count,http,10.128.4.201:3000,tgis-bam,prefill,fmaas-monitoring,bloom-v3,openshift-user-workload-monitoring/user-workload,tgis-bam,10415.0
2024-07-31 06:48:15.207000017,tgi_batch_inference_batch_size_count,http,10.128.4.201:3000,tgis-bam,prefill,fmaas-monitoring,bloom-v3,openshift-user-workload-monitoring/user-workload,tgis-bam,10419.0
2024-07-31 06:48:20.203999996,tgi_batch_inference_batch_size_count,http,10.128.4.201:3000,tgis-bam,prefill,fmaas-monitoring,bloom-v3,openshift-user-workload-monitoring/user-workload,tgis-bam,10429.0
2024-07-31 06:48:25.203999996,tgi_batch_inference_batch_size_count,http,10.128.4.201:3000,tgis-bam,prefill,fmaas-monitoring,bloom-v3,openshift-user-workload-monitoring/user-workload,tgis-bam,10434.0
2024-07-31 06:48:30.203999996,tgi_batch_inference_batch_size_count,http,10.128.4.201:3000,tgis-bam,prefill,fmaas-monitoring,bloom-v3,openshift-user-workload-monitoring/user-workload,tgis-bam,10445.0
2024-07-31 06:48:35.203999996,tgi_batch_inference_batch_size_count,http,10.128.4.201:3000,tgis-bam,prefill,fmaas-monitoring,bloom-v3,openshift-user-workload-monitoring/user-workload,tgis-bam,10450.0
2024-07-31 06:48:40.203999996,tgi_batch_inference_batch_size_count,http,10.128.4.201:3000,tgis-bam,prefill,fmaas-monitoring,bloom-v3,openshift-user-workload-monitoring/user-workload,tgis-bam,10463.0
2024-07-31 06:48:45.203999996,tgi_batch_inference_batch_size_count,http,10.128.4.201:3000,tgis-bam,prefill,fmaas-monitoring,bloom-v3,openshift-user-workload-monitoring/user-workload,tgis-bam,10468.0
2024-07-31 06:48:50.203999996,tgi_batch_inference_batch_size_count,http,10.128.4.201:3000,tgis-bam,prefill,fmaas-monitoring,bloom-v3,openshift-user-workload-monitoring/user-workload,tgis-bam,10478.0
2024-07-31 06:48:55.203999996,tgi_batch_inference_batch_size_count,http,10.128.4.201:3000,tgis-bam,prefill,fmaas-monitoring,bloom-v3,openshift-user-workload-monitoring/user-workload,tgis-bam,10481.0
2024-07-31 06:49:00.203999996,tgi_batch_inference_batch_size_count,http,10.128.4.201:3000,tgis-bam,prefill,fmaas-monitoring,bloom-v3,openshift-user-workload-monitoring/user-workload,tgis-bam,10495.0
2024-07-31 06:49:05.203999996,tgi_batch_inference_batch_size_count,http,10.128.4.201:3000,tgis-bam,prefill,fmaas-monitoring,bloom-v3,openshift-user-workload-monitoring/user-workload,tgis-bam,10499.0
2024-07-31 06:49:10.203999996,tgi_batch_inference_batch_size_count,http,10.128.4.201:3000,tgis-bam,prefill,fmaas-monitoring,bloom-v3,openshift-user-workload-monitoring/user-workload,tgis-bam,10510.0
2024-07-31 06:49:15.203999996,tgi_batch_inference_batch_size_count,http,10.128.4.201:3000,tgis-bam,prefill,fmaas-monitoring,bloom-v3,openshift-user-workload-monitoring/user-workload,tgis-bam,10516.0
2024-07-31 06:49:20.203999996,tgi_batch_inference_batch_size_count,http,10.128.4.201:3000,tgis-bam,prefill,fmaas-monitoring,bloom-v3,openshift-user-workload-monitoring/user-workload,tgis-bam,10527.0
2024-07-31 06:49:25.203999996,tgi_batch_inference_batch_size_count,http,10.128.4.201:3000,tgis-bam,prefill,fmaas-monitoring,bloom-v3,openshift-user-workload-monitoring/user-workload,tgis-bam,10534.0
2024-07-31 06:49:30.203999996,tgi_batch_inference_batch_size_count,http,10.128.4.201:3000,tgis-bam,prefill,fmaas-monitoring,bloom-v3,openshift-user-workload-monitoring/user-workload,tgis-bam,10542.0
2024-07-31 06:49:35.203999996,tgi_batch_inference_batch_size_count,http,10.128.4.201:3000,tgis-bam,prefill,fmaas-monitoring,bloom-v3,openshift-user-workload-monitoring/user-workload,tgis-bam,10545.0
2024-07-31 06:49:40.203999996,tgi_batch_inference_batch_size_count,http,10.128.4.201:3000,tgis-bam,prefill,fmaas-monitoring,bloom-v3,openshift-user-workload-monitoring/user-workload,tgis-bam,10559.0
2024-07-31 06:49:45.203999996,tgi_batch_inference_batch_size_count,http,10.128.4.201:3000,tgis-bam,prefill,fmaas-monitoring,bloom-v3,openshift-user-workload-monitoring/user-workload,tgis-bam,10563.0
2024-07-31 06:49:50.203999996,tgi_batch_inference_batch_size_count,http,10.128.4.201:3000,tgis-bam,prefill,fmaas-monitoring,bloom-v3,openshift-user-workload-monitoring/user-workload,tgis-bam,10576.0
2024-07-31 06:49:55.203999996,tgi_batch_inference_batch_size_count,http,10.128.4.201:3000,tgis-bam,prefill,fmaas-monitoring,bloom-v3,openshift-user-workload-monitoring/user-workload,tgis-bam,10581.0
2024-07-31 06:50:00.203999996,tgi_batch_inference_batch_size_count,http,10.128.4.201:3000,tgis-bam,prefill,fmaas-monitoring,bloom-v3,openshift-user-workload-monitoring/user-workload,tgis-bam,10591.0
2024-07-31 06:50:05.203999996,tgi_batch_inference_batch_size_count,http,10.128.4.201:3000,tgis-bam,prefill,fmaas-monitoring,bloom-v3,openshift-user-workload-monitoring/user-workload,tgis-bam,10596.0
2024-07-31 06:50:10.203999996,tgi_batch_inference_batch_size_count,http,10.128.4.201:3000,tgis-bam,prefill,fmaas-monitoring,bloom-v3,openshift-user-workload-monitoring/user-workload,tgis-bam,10606.0
2024-07-31 06:50:15.203999996,tgi_batch_inference_batch_size_count,http,10.128.4.201:3000,tgis-bam,prefill,fmaas-monitoring,bloom-v3,openshift-user-workload-monitoring/user-workload,tgis-bam,10609.0
2024-07-31 06:50:20.203999996,tgi_batch_inference_batch_size_count,http,10.128.4.201:3000,tgis-bam,prefill,fmaas-monitoring,bloom-v3,openshift-user-workload-monitoring/user-workload,tgis-bam,10621.0
2024-07-31 06:50:25.203999996,tgi_batch_inference_batch_size_count,http,10.128.4.201:3000,tgis-bam,prefill,fmaas-monitoring,bloom-v3,openshift-user-workload-monitoring/user-workload,tgis-bam,10625.0
2024-07-31 06:50:30.203999996,tgi_batch_inference_batch_size_count,http,10.128.4.201:3000,tgis-bam,prefill,fmaas-monitoring,bloom-v3,openshift-user-workload-monitoring/user-workload,tgis-bam,10638.0
2024-07-31 06:50:35.203999996,tgi_batch_inference_batch_size_count,http,10.128.4.201:3000,tgis-bam,prefill,fmaas-monitoring,bloom-v3,openshift-user-workload-monitoring/user-workload,tgis-bam,10641.0
2024-07-31 06:50:40.203999996,tgi_batch_inference_batch_size_count,http,10.128.4.201:3000,tgis-bam,prefill,fmaas-monitoring,bloom-v3,openshift-user-workload-monitoring/user-workload,tgis-bam,10652.0
2024-07-31 06:50:45.203999996,tgi_batch_inference_batch_size_count,http,10.128.4.201:3000,tgis-bam,prefill,fmaas-monitoring,bloom-v3,openshift-user-workload-monitoring/user-workload,tgis-bam,10655.0
2024-07-31 06:50:50.203999996,tgi_batch_inference_batch_size_count,http,10.128.4.201:3000,tgis-bam,prefill,fmaas-monitoring,bloom-v3,openshift-user-workload-monitoring/user-workload,tgis-bam,10667.0
2024-07-31 06:50:55.203999996,tgi_batch_inference_batch_size_count,http,10.128.4.201:3000,tgis-bam,prefill,fmaas-monitoring,bloom-v3,openshift-user-workload-monitoring/user-workload,tgis-bam,10671.0
2024-07-31 06:51:00.203999996,tgi_batch_inference_batch_size_count,http,10.128.4.201:3000,tgis-bam,prefill,fmaas-monitoring,bloom-v3,openshift-user-workload-monitoring/user-workload,tgis-bam,10680.0
2024-07-31 06:51:05.203999996,tgi_batch_inference_batch_size_count,http,10.128.4.201:3000,tgis-bam,prefill,fmaas-monitoring,bloom-v3,openshift-user-workload-monitoring/user-workload,tgis-bam,10687.0
2024-07-31 06:51:10.203999996,tgi_batch_inference_batch_size_count,http,10.128.4.201:3000,tgis-bam,prefill,fmaas-monitoring,bloom-v3,openshift-user-workload-monitoring/user-workload,tgis-bam,10699.0
2024-07-31 06:51:15.203999996,tgi_batch_inference_batch_size_count,http,10.128.4.201:3000,tgis-bam,prefill,fmaas-monitoring,bloom-v3,openshift-user-workload-monitoring/user-workload,tgis-bam,10703.0
2024-07-31 06:51:20.203999996,tgi_batch_inference_batch_size_count,http,10.128.4.201:3000,tgis-bam,prefill,fmaas-monitoring,bloom-v3,openshift-user-workload-monitoring/user-workload,tgis-bam,10715.0
2024-07-31 06:51:25.203999996,tgi_batch_inference_batch_size_count,http,10.128.4.201:3000,tgis-bam,prefill,fmaas-monitoring,bloom-v3,openshift-user-workload-monitoring/user-workload,tgis-bam,10718.0
2024-07-31 06:51:30.203999996,tgi_batch_inference_batch_size_count,http,10.128.4.201:3000,tgis-bam,prefill,fmaas-monitoring,bloom-v3,openshift-user-workload-monitoring/user-workload,tgis-bam,10730.0
2024-07-31 06:51:35.203999996,tgi_batch_inference_batch_size_count,http,10.128.4.201:3000,tgis-bam,prefill,fmaas-monitoring,bloom-v3,openshift-user-workload-monitoring/user-workload,tgis-bam,10734.0
2024-07-31 06:51:40.203999996,tgi_batch_inference_batch_size_count,http,10.128.4.201:3000,tgis-bam,prefill,fmaas-monitoring,bloom-v3,openshift-user-workload-monitoring/user-workload,tgis-bam,10747.0
2024-07-31 06:51:45.203999996,tgi_batch_inference_batch_size_count,http,10.128.4.201:3000,tgis-bam,prefill,fmaas-monitoring,bloom-v3,openshift-user-workload-monitoring/user-workload,tgis-bam,10750.0
2024-07-31 06:51:50.203999996,tgi_batch_inference_batch_size_count,http,10.128.4.201:3000,tgis-bam,prefill,fmaas-monitoring,bloom-v3,openshift-user-workload-monitoring/user-workload,tgis-bam,10764.0
2024-07-31 06:51:55.203999996,tgi_batch_inference_batch_size_count,http,10.128.4.201:3000,tgis-bam,prefill,fmaas-monitoring,bloom-v3,openshift-user-workload-monitoring/user-workload,tgis-bam,10767.0
2024-07-31 06:52:00.203999996,tgi_batch_inference_batch_size_count,http,10.128.4.201:3000,tgis-bam,prefill,fmaas-monitoring,bloom-v3,openshift-user-workload-monitoring/user-workload,tgis-bam,10780.0
2024-07-31 06:52:05.203999996,tgi_batch_inference_batch_size_count,http,10.128.4.201:3000,tgis-bam,prefill,fmaas-monitoring,bloom-v3,openshift-user-workload-monitoring/user-workload,tgis-bam,10783.0
2024-07-31 06:52:10.203999996,tgi_batch_inference_batch_size_count,http,10.128.4.201:3000,tgis-bam,prefill,fmaas-monitoring,bloom-v3,openshift-user-workload-monitoring/user-workload,tgis-bam,10795.0
2024-07-31 06:52:15.203999996,tgi_batch_inference_batch_size_count,http,10.128.4.201:3000,tgis-bam,prefill,fmaas-monitoring,bloom-v3,openshift-user-workload-monitoring/user-workload,tgis-bam,10799.0
2024-07-31 06:52:20.203999996,tgi_batch_inference_batch_size_count,http,10.128.4.201:3000,tgis-bam,prefill,fmaas-monitoring,bloom-v3,openshift-user-workload-monitoring/user-workload,tgis-bam,10813.0
2024-07-31 06:52:25.203999996,tgi_batch_inference_batch_size_count,http,10.128.4.201:3000,tgis-bam,prefill,fmaas-monitoring,bloom-v3,openshift-user-workload-monitoring/user-workload,tgis-bam,10818.0
2024-07-31 06:52:30.203999996,tgi_batch_inference_batch_size_count,http,10.128.4.201:3000,tgis-bam,prefill,fmaas-monitoring,bloom-v3,openshift-user-workload-monitoring/user-workload,tgis-bam,10830.0
2024-07-31 06:52:35.203999996,tgi_batch_inference_batch_size_count,http,10.128.4.201:3000,tgis-bam,prefill,fmaas-monitoring,bloom-v3,openshift-user-workload-monitoring/user-workload,tgis-bam,10834.0
2024-07-31 06:52:40.203999996,tgi_batch_inference_batch_size_count,http,10.128.4.201:3000,tgis-bam,prefill,fmaas-monitoring,bloom-v3,openshift-user-workload-monitoring/user-workload,tgis-bam,10845.0
2024-07-31 06:52:45.203999996,tgi_batch_inference_batch_size_count,http,10.128.4.201:3000,tgis-bam,prefill,fmaas-monitoring,bloom-v3,openshift-user-workload-monitoring/user-workload,tgis-bam,10850.0
2024-07-31 06:52:50.203999996,tgi_batch_inference_batch_size_count,http,10.128.4.201:3000,tgis-bam,prefill,fmaas-monitoring,bloom-v3,openshift-user-workload-monitoring/user-workload,tgis-bam,10863.0
2024-07-31 06:52:55.203999996,tgi_batch_inference_batch_size_count,http,10.128.4.201:3000,tgis-bam,prefill,fmaas-monitoring,bloom-v3,openshift-user-workload-monitoring/user-workload,tgis-bam,10866.0
2024-07-31 06:53:00.203999996,tgi_batch_inference_batch_size_count,http,10.128.4.201:3000,tgis-bam,prefill,fmaas-monitoring,bloom-v3,openshift-user-workload-monitoring/user-workload,tgis-bam,10879.0
2024-07-31 06:53:05.203999996,tgi_batch_inference_batch_size_count,http,10.128.4.201:3000,tgis-bam,prefill,fmaas-monitoring,bloom-v3,openshift-user-workload-monitoring/user-workload,tgis-bam,10883.0
2024-07-31 06:53:10.203999996,tgi_batch_inference_batch_size_count,http,10.128.4.201:3000,tgis-bam,prefill,fmaas-monitoring,bloom-v3,openshift-user-workload-monitoring/user-workload,tgis-bam,10894.0
2024-07-31 06:53:15.203999996,tgi_batch_inference_batch_size_count,http,10.128.4.201:3000,tgis-bam,prefill,fmaas-monitoring,bloom-v3,openshift-user-workload-monitoring/user-workload,tgis-bam,10901.0
2024-07-31 06:53:20.203999996,tgi_batch_inference_batch_size_count,http,10.128.4.201:3000,tgis-bam,prefill,fmaas-monitoring,bloom-v3,openshift-user-workload-monitoring/user-workload,tgis-bam,10911.0
2024-07-31 06:53:25.203999996,tgi_batch_inference_batch_size_count,http,10.128.4.201:3000,tgis-bam,prefill,fmaas-monitoring,bloom-v3,openshift-user-workload-monitoring/user-workload,tgis-bam,10918.0
2024-07-31 06:53:30.203999996,tgi_batch_inference_batch_size_count,http,10.128.4.201:3000,tgis-bam,prefill,fmaas-monitoring,bloom-v3,openshift-user-workload-monitoring/user-workload,tgis-bam,10932.0
2024-07-31 06:53:35.203999996,tgi_batch_inference_batch_size_count,http,10.128.4.201:3000,tgis-bam,prefill,fmaas-monitoring,bloom-v3,openshift-user-workload-monitoring/user-workload,tgis-bam,10936.0
2024-07-31 06:53:40.203999996,tgi_batch_inference_batch_size_count,http,10.128.4.201:3000,tgis-bam,prefill,fmaas-monitoring,bloom-v3,openshift-user-workload-monitoring/user-workload,tgis-bam,10950.0
2024-07-31 06:53:45.203999996,tgi_batch_inference_batch_size_count,http,10.128.4.201:3000,tgis-bam,prefill,fmaas-monitoring,bloom-v3,openshift-user-workload-monitoring/user-workload,tgis-bam,10954.0
2024-07-31 06:53:50.203999996,tgi_batch_inference_batch_size_count,http,10.128.4.201:3000,tgis-bam,prefill,fmaas-monitoring,bloom-v3,openshift-user-workload-monitoring/user-workload,tgis-bam,10963.0
2024-07-31 06:53:55.203999996,tgi_batch_inference_batch_size_count,http,10.128.4.201:3000,tgis-bam,prefill,fmaas-monitoring,bloom-v3,openshift-user-workload-monitoring/user-workload,tgis-bam,10968.0
2024-07-31 06:54:00.203999996,tgi_batch_inference_batch_size_count,http,10.128.4.201:3000,tgis-bam,next_token,fmaas-monitoring,bloom-v3,openshift-user-workload-monitoring/user-workload,tgis-bam,70582.0
2024-07-31 06:54:05.203999996,tgi_batch_inference_batch_size_count,http,10.128.4.201:3000,tgis-bam,next_token,fmaas-monitoring,bloom-v3,openshift-user-workload-monitoring/user-workload,tgis-bam,70629.0
2024-07-31 06:54:10.203999996,tgi_batch_inference_batch_size_count,http,10.128.4.201:3000,tgis-bam,next_token,fmaas-monitoring,bloom-v3,openshift-user-workload-monitoring/user-workload,tgis-bam,70682.0
2024-07-31 06:54:15.203999996,tgi_batch_inference_batch_size_count,http,10.128.4.201:3000,tgis-bam,next_token,fmaas-monitoring,bloom-v3,openshift-user-workload-monitoring/user-workload,tgis-bam,70727.0
2024-07-31 06:54:20.203999996,tgi_batch_inference_batch_size_count,http,10.128.4.201:3000,tgis-bam,next_token,fmaas-monitoring,bloom-v3,openshift-user-workload-monitoring/user-workload,tgis-bam,70772.0
2024-07-31 06:54:25.203999996,tgi_batch_inference_batch_size_count,http,10.128.4.201:3000,tgis-bam,next_token,fmaas-monitoring,bloom-v3,openshift-user-workload-monitoring/user-workload,tgis-bam,70837.0
2024-07-31 06:54:30.203999996,tgi_batch_inference_batch_size_count,http,10.128.4.201:3000,tgis-bam,next_token,fmaas-monitoring,bloom-v3,openshift-user-workload-monitoring/user-workload,tgis-bam,70863.0
2024-07-31 06:54:35.203999996,tgi_batch_inference_batch_size_count,http,10.128.4.201:3000,tgis-bam,next_token,fmaas-monitoring,bloom-v3,openshift-user-workload-monitoring/user-workload,tgis-bam,70927.0
2024-07-31 06:54:40.203999996,tgi_batch_inference_batch_size_count,http,10.128.4.201:3000,tgis-bam,next_token,fmaas-monitoring,bloom-v3,openshift-user-workload-monitoring/user-workload,tgis-bam,70981.0
2024-07-31 06:54:45.203999996,tgi_batch_inference_batch_size_count,http,10.128.4.201:3000,tgis-bam,next_token,fmaas-monitoring,bloom-v3,openshift-user-workload-monitoring/user-workload,tgis-bam,71037.0
2024-07-31 06:54:50.203999996,tgi_batch_inference_batch_size_count,http,10.128.4.201:3000,tgis-bam,next_token,fmaas-monitoring,bloom-v3,openshift-user-workload-monitoring/user-workload,tgis-bam,71079.0
2024-07-31 06:54:55.203999996,tgi_batch_inference_batch_size_count,http,10.128.4.201:3000,tgis-bam,next_token,fmaas-monitoring,bloom-v3,openshift-user-workload-monitoring/user-workload,tgis-bam,71128.0
2024-07-31 06:55:00.203999996,tgi_batch_inference_batch_size_count,http,10.128.4.201:3000,tgis-bam,next_token,fmaas-monitoring,bloom-v3,openshift-user-workload-monitoring/user-workload,tgis-bam,71176.0
2024-07-31 06:55:05.203999996,tgi_batch_inference_batch_size_count,http,10.128.4.201:3000,tgis-bam,next_token,fmaas-monitoring,bloom-v3,openshift-user-workload-monitoring/user-workload,tgis-bam,71228.0
2024-07-31 06:55:10.203999996,tgi_batch_inference_batch_size_count,http,10.128.4.201:3000,tgis-bam,next_token,fmaas-monitoring,bloom-v3,openshift-user-workload-monitoring/user-workload,tgis-bam,71257.0
2024-07-31 06:55:15.203999996,tgi_batch_inference_batch_size_count,http,10.128.4.201:3000,tgis-bam,next_token,fmaas-monitoring,bloom-v3,openshift-user-workload-monitoring/user-workload,tgis-bam,71328.0
2024-07-31 06:55:20.203999996,tgi_batch_inference_batch_size_count,http,10.128.4.201:3000,tgis-bam,next_token,fmaas-monitoring,bloom-v3,openshift-user-workload-monitoring/user-workload,tgis-bam,71375.0
2024-07-31 06:55:25.203999996,tgi_batch_inference_batch_size_count,http,10.128.4.201:3000,tgis-bam,next_token,fmaas-monitoring,bloom-v3,openshift-user-workload-monitoring/user-workload,tgis-bam,71419.0
2024-07-31 06:55:30.203999996,tgi_batch_inference_batch_size_count,http,10.128.4.201:3000,tgis-bam,next_token,fmaas-monitoring,bloom-v3,openshift-user-workload-monitoring/user-workload,tgis-bam,71463.0
2024-07-31 06:55:35.203999996,tgi_batch_inference_batch_size_count,http,10.128.4.201:3000,tgis-bam,next_token,fmaas-monitoring,bloom-v3,openshift-user-workload-monitoring/user-workload,tgis-bam,71521.0
2024-07-31 06:55:40.203999996,tgi_batch_inference_batch_size_count,http,10.128.4.201:3000,tgis-bam,next_token,fmaas-monitoring,bloom-v3,openshift-user-workload-monitoring/user-workload,tgis-bam,71577.0
2024-07-31 06:55:45.203999996,tgi_batch_inference_batch_size_count,http,10.128.4.201:3000,tgis-bam,next_token,fmaas-monitoring,bloom-v3,openshift-user-workload-monitoring/user-workload,tgis-bam,71634.0
2024-07-31 06:55:50.219000101,tgi_batch_inference_batch_size_count,http,10.128.4.201:3000,tgis-bam,next_token,fmaas-monitoring,bloom-v3,openshift-user-workload-monitoring/user-workload,tgis-bam,71674.0
2024-07-31 06:55:55.203999996,tgi_batch_inference_batch_size_count,http,10.128.4.201:3000,tgis-bam,next_token,fmaas-monitoring,bloom-v3,openshift-user-workload-monitoring/user-workload,tgis-bam,71733.0
2024-07-31 06:56:00.203999996,tgi_batch_inference_batch_size_count,http,10.128.4.201:3000,tgis-bam,next_token,fmaas-monitoring,bloom-v3,openshift-user-workload-monitoring/user-workload,tgis-bam,71778.0
2024-07-31 06:56:05.203999996,tgi_batch_inference_batch_size_count,http,10.128.4.201:3000,tgis-bam,next_token,fmaas-monitoring,bloom-v3,openshift-user-workload-monitoring/user-workload,tgis-bam,71841.0
2024-07-31 06:56:10.203999996,tgi_batch_inference_batch_size_count,http,10.128.4.201:3000,tgis-bam,next_token,fmaas-monitoring,bloom-v3,openshift-user-workload-monitoring/user-workload,tgis-bam,71880.0
2024-07-31 06:56:15.203999996,tgi_batch_inference_batch_size_count,http,10.128.4.201:3000,tgis-bam,next_token,fmaas-monitoring,bloom-v3,openshift-user-workload-monitoring/user-workload,tgis-bam,71942.0
2024-07-31 06:56:20.203999996,tgi_batch_inference_batch_size_count,http,10.128.4.201:3000,tgis-bam,next_token,fmaas-monitoring,bloom-v3,openshift-user-workload-monitoring/user-workload,tgis-bam,71994.0
2024-07-31 06:56:25.203999996,tgi_batch_inference_batch_size_count,http,10.128.4.201:3000,tgis-bam,next_token,fmaas-monitoring,bloom-v3,openshift-user-workload-monitoring/user-workload,tgis-bam,72047.0
2024-07-31 06:56:30.203999996,tgi_batch_inference_batch_size_count,http,10.128.4.201:3000,tgis-bam,next_token,fmaas-monitoring,bloom-v3,openshift-user-workload-monitoring/user-workload,tgis-bam,72117.0
2024-07-31 06:56:35.203999996,tgi_batch_inference_batch_size_count,http,10.128.4.201:3000,tgis-bam,next_token,fmaas-monitoring,bloom-v3,openshift-user-workload-monitoring/user-workload,tgis-bam,72176.0
2024-07-31 06:56:40.203999996,tgi_batch_inference_batch_size_count,http,10.128.4.201:3000,tgis-bam,next_token,fmaas-monitoring,bloom-v3,openshift-user-workload-monitoring/user-workload,tgis-bam,72212.0
2024-07-31 06:56:45.203999996,tgi_batch_inference_batch_size_count,http,10.128.4.201:3000,tgis-bam,next_token,fmaas-monitoring,bloom-v3,openshift-user-workload-monitoring/user-workload,tgis-bam,72278.0
2024-07-31 06:56:50.203999996,tgi_batch_inference_batch_size_count,http,10.128.4.201:3000,tgis-bam,next_token,fmaas-monitoring,bloom-v3,openshift-user-workload-monitoring/user-workload,tgis-bam,72325.0
2024-07-31 06:56:55.203999996,tgi_batch_inference_batch_size_count,http,10.128.4.201:3000,tgis-bam,next_token,fmaas-monitoring,bloom-v3,openshift-user-workload-monitoring/user-workload,tgis-bam,72382.0
2024-07-31 06:57:00.203999996,tgi_batch_inference_batch_size_count,http,10.128.4.201:3000,tgis-bam,next_token,fmaas-monitoring,bloom-v3,openshift-user-workload-monitoring/user-workload,tgis-bam,72428.0
2024-07-31 06:57:05.203999996,tgi_batch_inference_batch_size_count,http,10.128.4.201:3000,tgis-bam,next_token,fmaas-monitoring,bloom-v3,openshift-user-workload-monitoring/user-workload,tgis-bam,72480.0
2024-07-31 06:57:10.203999996,tgi_batch_inference_batch_size_count,http,10.128.4.201:3000,tgis-bam,next_token,fmaas-monitoring,bloom-v3,openshift-user-workload-monitoring/user-workload,tgis-bam,72515.0
2024-07-31 06:57:15.203999996,tgi_batch_inference_batch_size_count,http,10.128.4.201:3000,tgis-bam,next_token,fmaas-monitoring,bloom-v3,openshift-user-workload-monitoring/user-workload,tgis-bam,72579.0
2024-07-31 06:57:20.203999996,tgi_batch_inference_batch_size_count,http,10.128.4.201:3000,tgis-bam,next_token,fmaas-monitoring,bloom-v3,openshift-user-workload-monitoring/user-workload,tgis-bam,72625.0
2024-07-31 06:57:25.203999996,tgi_batch_inference_batch_size_count,http,10.128.4.201:3000,tgis-bam,next_token,fmaas-monitoring,bloom-v3,openshift-user-workload-monitoring/user-workload,tgis-bam,72679.0
2024-07-31 06:57:30.203999996,tgi_batch_inference_batch_size_count,http,10.128.4.201:3000,tgis-bam,next_token,fmaas-monitoring,bloom-v3,openshift-user-workload-monitoring/user-workload,tgis-bam,72725.0
2024-07-31 06:57:35.203999996,tgi_batch_inference_batch_size_count,http,10.128.4.201:3000,tgis-bam,next_token,fmaas-monitoring,bloom-v3,openshift-user-workload-monitoring/user-workload,tgis-bam,72768.0
2024-07-31 06:57:40.203999996,tgi_batch_inference_batch_size_count,http,10.128.4.201:3000,tgis-bam,next_token,fmaas-monitoring,bloom-v3,openshift-user-workload-monitoring/user-workload,tgis-bam,72841.0
2024-07-31 06:57:45.203999996,tgi_batch_inference_batch_size_count,http,10.128.4.201:3000,tgis-bam,next_token,fmaas-monitoring,bloom-v3,openshift-user-workload-monitoring/user-workload,tgis-bam,72874.0
2024-07-31 06:57:50.203999996,tgi_batch_inference_batch_size_count,http,10.128.4.201:3000,tgis-bam,next_token,fmaas-monitoring,bloom-v3,openshift-user-workload-monitoring/user-workload,tgis-bam,72925.0
2024-07-31 06:57:55.203999996,tgi_batch_inference_batch_size_count,http,10.128.4.201:3000,tgis-bam,next_token,fmaas-monitoring,bloom-v3,openshift-user-workload-monitoring/user-workload,tgis-bam,72978.0
2024-07-31 06:54:00.203999996,tgi_batch_inference_batch_size_count,http,10.128.4.201:3000,tgis-bam,prefill,fmaas-monitoring,bloom-v3,openshift-user-workload-monitoring/user-workload,tgis-bam,10979.0
2024-07-31 06:54:05.203999996,tgi_batch_inference_batch_size_count,http,10.128.4.201:3000,tgis-bam,prefill,fmaas-monitoring,bloom-v3,openshift-user-workload-monitoring/user-workload,tgis-bam,10983.0
2024-07-31 06:54:10.203999996,tgi_batch_inference_batch_size_count,http,10.128.4.201:3000,tgis-bam,prefill,fmaas-monitoring,bloom-v3,openshift-user-workload-monitoring/user-workload,tgis-bam,10996.0
2024-07-31 06:54:15.203999996,tgi_batch_inference_batch_size_count,http,10.128.4.201:3000,tgis-bam,prefill,fmaas-monitoring,bloom-v3,openshift-user-workload-monitoring/user-workload,tgis-bam,10999.0
2024-07-31 06:54:20.203999996,tgi_batch_inference_batch_size_count,http,10.128.4.201:3000,tgis-bam,prefill,fmaas-monitoring,bloom-v3,openshift-user-workload-monitoring/user-workload,tgis-bam,11011.0
2024-07-31 06:54:25.203999996,tgi_batch_inference_batch_size_count,http,10.128.4.201:3000,tgis-bam,prefill,fmaas-monitoring,bloom-v3,openshift-user-workload-monitoring/user-workload,tgis-bam,11017.0
2024-07-31 06:54:30.203999996,tgi_batch_inference_batch_size_count,http,10.128.4.201:3000,tgis-bam,prefill,fmaas-monitoring,bloom-v3,openshift-user-workload-monitoring/user-workload,tgis-bam,11028.0
2024-07-31 06:54:35.203999996,tgi_batch_inference_batch_size_count,http,10.128.4.201:3000,tgis-bam,prefill,fmaas-monitoring,bloom-v3,openshift-user-workload-monitoring/user-workload,tgis-bam,11032.0
2024-07-31 06:54:40.203999996,tgi_batch_inference_batch_size_count,http,10.128.4.201:3000,tgis-bam,prefill,fmaas-monitoring,bloom-v3,openshift-user-workload-monitoring/user-workload,tgis-bam,11044.0
2024-07-31 06:54:45.203999996,tgi_batch_inference_batch_size_count,http,10.128.4.201:3000,tgis-bam,prefill,fmaas-monitoring,bloom-v3,openshift-user-workload-monitoring/user-workload,tgis-bam,11050.0
2024-07-31 06:54:50.203999996,tgi_batch_inference_batch_size_count,http,10.128.4.201:3000,tgis-bam,prefill,fmaas-monitoring,bloom-v3,openshift-user-workload-monitoring/user-workload,tgis-bam,11061.0
2024-07-31 06:54:55.203999996,tgi_batch_inference_batch_size_count,http,10.128.4.201:3000,tgis-bam,prefill,fmaas-monitoring,bloom-v3,openshift-user-workload-monitoring/user-workload,tgis-bam,11066.0
2024-07-31 06:55:00.203999996,tgi_batch_inference_batch_size_count,http,10.128.4.201:3000,tgis-bam,prefill,fmaas-monitoring,bloom-v3,openshift-user-workload-monitoring/user-workload,tgis-bam,11074.0
2024-07-31 06:55:05.203999996,tgi_batch_inference_batch_size_count,http,10.128.4.201:3000,tgis-bam,prefill,fmaas-monitoring,bloom-v3,openshift-user-workload-monitoring/user-workload,tgis-bam,11079.0
2024-07-31 06:55:10.203999996,tgi_batch_inference_batch_size_count,http,10.128.4.201:3000,tgis-bam,prefill,fmaas-monitoring,bloom-v3,openshift-user-workload-monitoring/user-workload,tgis-bam,11089.0
2024-07-31 06:55:15.203999996,tgi_batch_inference_batch_size_count,http,10.128.4.201:3000,tgis-bam,prefill,fmaas-monitoring,bloom-v3,openshift-user-workload-monitoring/user-workload,tgis-bam,11094.0
2024-07-31 06:55:20.203999996,tgi_batch_inference_batch_size_count,http,10.128.4.201:3000,tgis-bam,prefill,fmaas-monitoring,bloom-v3,openshift-user-workload-monitoring/user-workload,tgis-bam,11105.0
2024-07-31 06:55:25.203999996,tgi_batch_inference_batch_size_count,http,10.128.4.201:3000,tgis-bam,prefill,fmaas-monitoring,bloom-v3,openshift-user-workload-monitoring/user-workload,tgis-bam,11109.0
2024-07-31 06:55:30.203999996,tgi_batch_inference_batch_size_count,http,10.128.4.201:3000,tgis-bam,prefill,fmaas-monitoring,bloom-v3,openshift-user-workload-monitoring/user-workload,tgis-bam,11122.0
2024-07-31 06:55:35.203999996,tgi_batch_inference_batch_size_count,http,10.128.4.201:3000,tgis-bam,prefill,fmaas-monitoring,bloom-v3,openshift-user-workload-monitoring/user-workload,tgis-bam,11129.0
2024-07-31 06:55:40.203999996,tgi_batch_inference_batch_size_count,http,10.128.4.201:3000,tgis-bam,prefill,fmaas-monitoring,bloom-v3,openshift-user-workload-monitoring/user-workload,tgis-bam,11141.0
2024-07-31 06:55:45.203999996,tgi_batch_inference_batch_size_count,http,10.128.4.201:3000,tgis-bam,prefill,fmaas-monitoring,bloom-v3,openshift-user-workload-monitoring/user-workload,tgis-bam,11145.0
2024-07-31 06:55:50.219000101,tgi_batch_inference_batch_size_count,http,10.128.4.201:3000,tgis-bam,prefill,fmaas-monitoring,bloom-v3,openshift-user-workload-monitoring/user-workload,tgis-bam,11156.0
2024-07-31 06:55:55.203999996,tgi_batch_inference_batch_size_count,http,10.128.4.201:3000,tgis-bam,prefill,fmaas-monitoring,bloom-v3,openshift-user-workload-monitoring/user-workload,tgis-bam,11161.0
2024-07-31 06:56:00.203999996,tgi_batch_inference_batch_size_count,http,10.128.4.201:3000,tgis-bam,prefill,fmaas-monitoring,bloom-v3,openshift-user-workload-monitoring/user-workload,tgis-bam,11174.0
2024-07-31 06:56:05.203999996,tgi_batch_inference_batch_size_count,http,10.128.4.201:3000,tgis-bam,prefill,fmaas-monitoring,bloom-v3,openshift-user-workload-monitoring/user-workload,tgis-bam,11178.0
2024-07-31 06:56:10.203999996,tgi_batch_inference_batch_size_count,http,10.128.4.201:3000,tgis-bam,prefill,fmaas-monitoring,bloom-v3,openshift-user-workload-monitoring/user-workload,tgis-bam,11191.0
2024-07-31 06:56:15.203999996,tgi_batch_inference_batch_size_count,http,10.128.4.201:3000,tgis-bam,prefill,fmaas-monitoring,bloom-v3,openshift-user-workload-monitoring/user-workload,tgis-bam,11195.0
2024-07-31 06:56:20.203999996,tgi_batch_inference_batch_size_count,http,10.128.4.201:3000,tgis-bam,prefill,fmaas-monitoring,bloom-v3,openshift-user-workload-monitoring/user-workload,tgis-bam,11206.0
2024-07-31 06:56:25.203999996,tgi_batch_inference_batch_size_count,http,10.128.4.201:3000,tgis-bam,prefill,fmaas-monitoring,bloom-v3,openshift-user-workload-monitoring/user-workload,tgis-bam,11209.0
2024-07-31 06:56:30.203999996,tgi_batch_inference_batch_size_count,http,10.128.4.201:3000,tgis-bam,prefill,fmaas-monitoring,bloom-v3,openshift-user-workload-monitoring/user-workload,tgis-bam,11222.0
2024-07-31 06:56:35.203999996,tgi_batch_inference_batch_size_count,http,10.128.4.201:3000,tgis-bam,prefill,fmaas-monitoring,bloom-v3,openshift-user-workload-monitoring/user-workload,tgis-bam,11227.0
2024-07-31 06:56:40.203999996,tgi_batch_inference_batch_size_count,http,10.128.4.201:3000,tgis-bam,prefill,fmaas-monitoring,bloom-v3,openshift-user-workload-monitoring/user-workload,tgis-bam,11238.0
2024-07-31 06:56:45.203999996,tgi_batch_inference_batch_size_count,http,10.128.4.201:3000,tgis-bam,prefill,fmaas-monitoring,bloom-v3,openshift-user-workload-monitoring/user-workload,tgis-bam,11244.0
2024-07-31 06:56:50.203999996,tgi_batch_inference_batch_size_count,http,10.128.4.201:3000,tgis-bam,prefill,fmaas-monitoring,bloom-v3,openshift-user-workload-monitoring/user-workload,tgis-bam,11253.0
2024-07-31 06:56:55.203999996,tgi_batch_inference_batch_size_count,http,10.128.4.201:3000,tgis-bam,prefill,fmaas-monitoring,bloom-v3,openshift-user-workload-monitoring/user-workload,tgis-bam,11257.0
2024-07-31 06:57:00.203999996,tgi_batch_inference_batch_size_count,http,10.128.4.201:3000,tgis-bam,prefill,fmaas-monitoring,bloom-v3,openshift-user-workload-monitoring/user-workload,tgis-bam,11267.0
2024-07-31 06:57:05.203999996,tgi_batch_inference_batch_size_count,http,10.128.4.201:3000,tgis-bam,prefill,fmaas-monitoring,bloom-v3,openshift-user-workload-monitoring/user-workload,tgis-bam,11273.0
2024-07-31 06:57:10.203999996,tgi_batch_inference_batch_size_count,http,10.128.4.201:3000,tgis-bam,prefill,fmaas-monitoring,bloom-v3,openshift-user-workload-monitoring/user-workload,tgis-bam,11281.0
2024-07-31 06:57:15.203999996,tgi_batch_inference_batch_size_count,http,10.128.4.201:3000,tgis-bam,prefill,fmaas-monitoring,bloom-v3,openshift-user-workload-monitoring/user-workload,tgis-bam,11288.0
2024-07-31 06:57:20.203999996,tgi_batch_inference_batch_size_count,http,10.128.4.201:3000,tgis-bam,prefill,fmaas-monitoring,bloom-v3,openshift-user-workload-monitoring/user-workload,tgis-bam,11296.0
2024-07-31 06:57:25.203999996,tgi_batch_inference_batch_size_count,http,10.128.4.201:3000,tgis-bam,prefill,fmaas-monitoring,bloom-v3,openshift-user-workload-monitoring/user-workload,tgis-bam,11301.0
2024-07-31 06:57:30.203999996,tgi_batch_inference_batch_size_count,http,10.128.4.201:3000,tgis-bam,prefill,fmaas-monitoring,bloom-v3,openshift-user-workload-monitoring/user-workload,tgis-bam,11310.0
2024-07-31 06:57:35.203999996,tgi_batch_inference_batch_size_count,http,10.128.4.201:3000,tgis-bam,prefill,fmaas-monitoring,bloom-v3,openshift-user-workload-monitoring/user-workload,tgis-bam,11314.0
2024-07-31 06:57:40.203999996,tgi_batch_inference_batch_size_count,http,10.128.4.201:3000,tgis-bam,prefill,fmaas-monitoring,bloom-v3,openshift-user-workload-monitoring/user-workload,tgis-bam,11325.0
2024-07-31 06:57:45.203999996,tgi_batch_inference_batch_size_count,http,10.128.4.201:3000,tgis-bam,prefill,fmaas-monitoring,bloom-v3,openshift-user-workload-monitoring/user-workload,tgis-bam,11328.0
2024-07-31 06:57:50.203999996,tgi_batch_inference_batch_size_count,http,10.128.4.201:3000,tgis-bam,prefill,fmaas-monitoring,bloom-v3,openshift-user-workload-monitoring/user-workload,tgis-bam,11341.0
2024-07-31 06:57:55.203999996,tgi_batch_inference_batch_size_count,http,10.128.4.201:3000,tgis-bam,prefill,fmaas-monitoring,bloom-v3,openshift-user-workload-monitoring/user-workload,tgis-bam,11345.0
