timestamp,__name__,endpoint,instance,job,namespace,pod,prometheus,service,value
2024-07-05 06:03:04.319999933,tgi_request_queue_duration_sum,http,10.128.4.170:8000,vllm-llama,fmaas-monitoring,vllm-llama-3,openshift-user-workload-monitoring/user-workload,vllm-llama,0.0
2024-07-05 06:03:09.319999933,tgi_request_queue_duration_sum,http,10.128.4.170:8000,vllm-llama,fmaas-monitoring,vllm-llama-3,openshift-user-workload-monitoring/user-workload,vllm-llama,0.0
2024-07-05 06:03:14.319999933,tgi_request_queue_duration_sum,http,10.128.4.170:8000,vllm-llama,fmaas-monitoring,vllm-llama-3,openshift-user-workload-monitoring/user-workload,vllm-llama,0.0
2024-07-05 06:03:19.319999933,tgi_request_queue_duration_sum,http,10.128.4.170:8000,vllm-llama,fmaas-monitoring,vllm-llama-3,openshift-user-workload-monitoring/user-workload,vllm-llama,0.0
2024-07-05 06:03:24.319999933,tgi_request_queue_duration_sum,http,10.128.4.170:8000,vllm-llama,fmaas-monitoring,vllm-llama-3,openshift-user-workload-monitoring/user-workload,vllm-llama,0.0
2024-07-05 06:03:29.319999933,tgi_request_queue_duration_sum,http,10.128.4.170:8000,vllm-llama,fmaas-monitoring,vllm-llama-3,openshift-user-workload-monitoring/user-workload,vllm-llama,7.098673582077026
2024-07-05 06:03:34.319999933,tgi_request_queue_duration_sum,http,10.128.4.170:8000,vllm-llama,fmaas-monitoring,vllm-llama-3,openshift-user-workload-monitoring/user-workload,vllm-llama,789.5069994926453
2024-07-05 06:03:39.319999933,tgi_request_queue_duration_sum,http,10.128.4.170:8000,vllm-llama,fmaas-monitoring,vllm-llama-3,openshift-user-workload-monitoring/user-workload,vllm-llama,858.8085603713989
2024-07-05 06:03:44.319999933,tgi_request_queue_duration_sum,http,10.128.4.170:8000,vllm-llama,fmaas-monitoring,vllm-llama-3,openshift-user-workload-monitoring/user-workload,vllm-llama,2094.614578485489
2024-07-05 06:03:49.319999933,tgi_request_queue_duration_sum,http,10.128.4.170:8000,vllm-llama,fmaas-monitoring,vllm-llama-3,openshift-user-workload-monitoring/user-workload,vllm-llama,2095.892326116562
2024-07-05 06:03:54.319999933,tgi_request_queue_duration_sum,http,10.128.4.170:8000,vllm-llama,fmaas-monitoring,vllm-llama-3,openshift-user-workload-monitoring/user-workload,vllm-llama,2824.7506494522095
2024-07-05 06:03:59.319999933,tgi_request_queue_duration_sum,http,10.128.4.170:8000,vllm-llama,fmaas-monitoring,vllm-llama-3,openshift-user-workload-monitoring/user-workload,vllm-llama,2955.051199913025
2024-07-05 06:04:04.319999933,tgi_request_queue_duration_sum,http,10.128.4.170:8000,vllm-llama,fmaas-monitoring,vllm-llama-3,openshift-user-workload-monitoring/user-workload,vllm-llama,3129.2605786323547
2024-07-05 06:04:09.319999933,tgi_request_queue_duration_sum,http,10.128.4.170:8000,vllm-llama,fmaas-monitoring,vllm-llama-3,openshift-user-workload-monitoring/user-workload,vllm-llama,3169.9821467399597
2024-07-05 06:04:14.319999933,tgi_request_queue_duration_sum,http,10.128.4.170:8000,vllm-llama,fmaas-monitoring,vllm-llama-3,openshift-user-workload-monitoring/user-workload,vllm-llama,3972.052368402481
2024-07-05 06:04:19.319999933,tgi_request_queue_duration_sum,http,10.128.4.170:8000,vllm-llama,fmaas-monitoring,vllm-llama-3,openshift-user-workload-monitoring/user-workload,vllm-llama,3979.6722531318665
2024-07-05 06:04:24.319999933,tgi_request_queue_duration_sum,http,10.128.4.170:8000,vllm-llama,fmaas-monitoring,vllm-llama-3,openshift-user-workload-monitoring/user-workload,vllm-llama,4349.868677377701
2024-07-05 06:04:29.319999933,tgi_request_queue_duration_sum,http,10.128.4.170:8000,vllm-llama,fmaas-monitoring,vllm-llama-3,openshift-user-workload-monitoring/user-workload,vllm-llama,4350.173063516617
2024-07-05 06:04:34.319999933,tgi_request_queue_duration_sum,http,10.128.4.170:8000,vllm-llama,fmaas-monitoring,vllm-llama-3,openshift-user-workload-monitoring/user-workload,vllm-llama,4359.227573156357
2024-07-05 06:04:39.319999933,tgi_request_queue_duration_sum,http,10.128.4.170:8000,vllm-llama,fmaas-monitoring,vllm-llama-3,openshift-user-workload-monitoring/user-workload,vllm-llama,4404.242544412613
2024-07-05 06:04:44.319999933,tgi_request_queue_duration_sum,http,10.128.4.170:8000,vllm-llama,fmaas-monitoring,vllm-llama-3,openshift-user-workload-monitoring/user-workload,vllm-llama,4876.90348482132
2024-07-05 06:04:49.319999933,tgi_request_queue_duration_sum,http,10.128.4.170:8000,vllm-llama,fmaas-monitoring,vllm-llama-3,openshift-user-workload-monitoring/user-workload,vllm-llama,5033.008987188339
2024-07-05 06:04:54.319999933,tgi_request_queue_duration_sum,http,10.128.4.170:8000,vllm-llama,fmaas-monitoring,vllm-llama-3,openshift-user-workload-monitoring/user-workload,vllm-llama,5090.39829826355
2024-07-05 06:04:59.319999933,tgi_request_queue_duration_sum,http,10.128.4.170:8000,vllm-llama,fmaas-monitoring,vllm-llama-3,openshift-user-workload-monitoring/user-workload,vllm-llama,5095.940521240234
2024-07-05 06:05:04.319999933,tgi_request_queue_duration_sum,http,10.128.4.170:8000,vllm-llama,fmaas-monitoring,vllm-llama-3,openshift-user-workload-monitoring/user-workload,vllm-llama,5162.264209270477
2024-07-05 06:05:09.319999933,tgi_request_queue_duration_sum,http,10.128.4.170:8000,vllm-llama,fmaas-monitoring,vllm-llama-3,openshift-user-workload-monitoring/user-workload,vllm-llama,5192.307977676392
2024-07-05 06:05:14.319999933,tgi_request_queue_duration_sum,http,10.128.4.170:8000,vllm-llama,fmaas-monitoring,vllm-llama-3,openshift-user-workload-monitoring/user-workload,vllm-llama,5193.913587808609
2024-07-05 06:05:19.319999933,tgi_request_queue_duration_sum,http,10.128.4.170:8000,vllm-llama,fmaas-monitoring,vllm-llama-3,openshift-user-workload-monitoring/user-workload,vllm-llama,5197.643211364746
2024-07-05 06:05:24.319999933,tgi_request_queue_duration_sum,http,10.128.4.170:8000,vllm-llama,fmaas-monitoring,vllm-llama-3,openshift-user-workload-monitoring/user-workload,vllm-llama,5201.355415821075
2024-07-05 06:05:29.319999933,tgi_request_queue_duration_sum,http,10.128.4.170:8000,vllm-llama,fmaas-monitoring,vllm-llama-3,openshift-user-workload-monitoring/user-workload,vllm-llama,5209.7773151397705
2024-07-05 06:05:34.319999933,tgi_request_queue_duration_sum,http,10.128.4.170:8000,vllm-llama,fmaas-monitoring,vllm-llama-3,openshift-user-workload-monitoring/user-workload,vllm-llama,5250.822361469269
2024-07-05 06:05:39.319999933,tgi_request_queue_duration_sum,http,10.128.4.170:8000,vllm-llama,fmaas-monitoring,vllm-llama-3,openshift-user-workload-monitoring/user-workload,vllm-llama,5254.393253803253
2024-07-05 06:05:44.328000069,tgi_request_queue_duration_sum,http,10.128.4.170:8000,vllm-llama,fmaas-monitoring,vllm-llama-3,openshift-user-workload-monitoring/user-workload,vllm-llama,5259.233576536179
2024-07-05 06:05:49.319999933,tgi_request_queue_duration_sum,http,10.128.4.170:8000,vllm-llama,fmaas-monitoring,vllm-llama-3,openshift-user-workload-monitoring/user-workload,vllm-llama,5264.3451998233795
2024-07-05 06:05:54.319999933,tgi_request_queue_duration_sum,http,10.128.4.170:8000,vllm-llama,fmaas-monitoring,vllm-llama-3,openshift-user-workload-monitoring/user-workload,vllm-llama,5285.423128128052
2024-07-05 06:05:59.319999933,tgi_request_queue_duration_sum,http,10.128.4.170:8000,vllm-llama,fmaas-monitoring,vllm-llama-3,openshift-user-workload-monitoring/user-workload,vllm-llama,5302.702691793442
2024-07-05 06:06:04.319999933,tgi_request_queue_duration_sum,http,10.128.4.170:8000,vllm-llama,fmaas-monitoring,vllm-llama-3,openshift-user-workload-monitoring/user-workload,vllm-llama,5330.526969194412
2024-07-05 06:06:09.319999933,tgi_request_queue_duration_sum,http,10.128.4.170:8000,vllm-llama,fmaas-monitoring,vllm-llama-3,openshift-user-workload-monitoring/user-workload,vllm-llama,5353.116932630539
2024-07-05 06:06:14.319999933,tgi_request_queue_duration_sum,http,10.128.4.170:8000,vllm-llama,fmaas-monitoring,vllm-llama-3,openshift-user-workload-monitoring/user-workload,vllm-llama,5428.619235754013
2024-07-05 06:06:19.319999933,tgi_request_queue_duration_sum,http,10.128.4.170:8000,vllm-llama,fmaas-monitoring,vllm-llama-3,openshift-user-workload-monitoring/user-workload,vllm-llama,5546.342557668686
2024-07-05 06:06:24.319999933,tgi_request_queue_duration_sum,http,10.128.4.170:8000,vllm-llama,fmaas-monitoring,vllm-llama-3,openshift-user-workload-monitoring/user-workload,vllm-llama,6239.864627122879
2024-07-05 06:06:29.319999933,tgi_request_queue_duration_sum,http,10.128.4.170:8000,vllm-llama,fmaas-monitoring,vllm-llama-3,openshift-user-workload-monitoring/user-workload,vllm-llama,6254.82555270195
2024-07-05 06:06:34.319999933,tgi_request_queue_duration_sum,http,10.128.4.170:8000,vllm-llama,fmaas-monitoring,vllm-llama-3,openshift-user-workload-monitoring/user-workload,vllm-llama,10089.216502428055
2024-07-05 06:06:39.319999933,tgi_request_queue_duration_sum,http,10.128.4.170:8000,vllm-llama,fmaas-monitoring,vllm-llama-3,openshift-user-workload-monitoring/user-workload,vllm-llama,10486.3061876297
2024-07-05 06:06:44.319999933,tgi_request_queue_duration_sum,http,10.128.4.170:8000,vllm-llama,fmaas-monitoring,vllm-llama-3,openshift-user-workload-monitoring/user-workload,vllm-llama,10508.39863705635
2024-07-05 06:06:49.319999933,tgi_request_queue_duration_sum,http,10.128.4.170:8000,vllm-llama,fmaas-monitoring,vllm-llama-3,openshift-user-workload-monitoring/user-workload,vllm-llama,10794.63331747055
2024-07-05 06:06:54.319999933,tgi_request_queue_duration_sum,http,10.128.4.170:8000,vllm-llama,fmaas-monitoring,vllm-llama-3,openshift-user-workload-monitoring/user-workload,vllm-llama,12963.6582736969
2024-07-05 06:06:59.319999933,tgi_request_queue_duration_sum,http,10.128.4.170:8000,vllm-llama,fmaas-monitoring,vllm-llama-3,openshift-user-workload-monitoring/user-workload,vllm-llama,13193.358266830444
2024-07-05 06:07:04.319999933,tgi_request_queue_duration_sum,http,10.128.4.170:8000,vllm-llama,fmaas-monitoring,vllm-llama-3,openshift-user-workload-monitoring/user-workload,vllm-llama,15287.68892455101
2024-07-05 06:07:09.319999933,tgi_request_queue_duration_sum,http,10.128.4.170:8000,vllm-llama,fmaas-monitoring,vllm-llama-3,openshift-user-workload-monitoring/user-workload,vllm-llama,15490.980372905731
2024-07-05 06:07:14.319999933,tgi_request_queue_duration_sum,http,10.128.4.170:8000,vllm-llama,fmaas-monitoring,vllm-llama-3,openshift-user-workload-monitoring/user-workload,vllm-llama,16103.661765098572
2024-07-05 06:07:19.319999933,tgi_request_queue_duration_sum,http,10.128.4.170:8000,vllm-llama,fmaas-monitoring,vllm-llama-3,openshift-user-workload-monitoring/user-workload,vllm-llama,16285.419835567474
2024-07-05 06:07:24.319999933,tgi_request_queue_duration_sum,http,10.128.4.170:8000,vllm-llama,fmaas-monitoring,vllm-llama-3,openshift-user-workload-monitoring/user-workload,vllm-llama,16634.646415948868
2024-07-05 06:07:29.319999933,tgi_request_queue_duration_sum,http,10.128.4.170:8000,vllm-llama,fmaas-monitoring,vllm-llama-3,openshift-user-workload-monitoring/user-workload,vllm-llama,16650.49261713028
2024-07-05 06:07:34.319999933,tgi_request_queue_duration_sum,http,10.128.4.170:8000,vllm-llama,fmaas-monitoring,vllm-llama-3,openshift-user-workload-monitoring/user-workload,vllm-llama,21800.41124200821
2024-07-05 06:07:39.319999933,tgi_request_queue_duration_sum,http,10.128.4.170:8000,vllm-llama,fmaas-monitoring,vllm-llama-3,openshift-user-workload-monitoring/user-workload,vllm-llama,22253.849460363388
2024-07-05 06:07:44.319999933,tgi_request_queue_duration_sum,http,10.128.4.170:8000,vllm-llama,fmaas-monitoring,vllm-llama-3,openshift-user-workload-monitoring/user-workload,vllm-llama,24315.35511612892
2024-07-05 06:07:49.319999933,tgi_request_queue_duration_sum,http,10.128.4.170:8000,vllm-llama,fmaas-monitoring,vllm-llama-3,openshift-user-workload-monitoring/user-workload,vllm-llama,24554.07445001602
2024-07-05 06:07:54.319999933,tgi_request_queue_duration_sum,http,10.128.4.170:8000,vllm-llama,fmaas-monitoring,vllm-llama-3,openshift-user-workload-monitoring/user-workload,vllm-llama,25043.43116736412
2024-07-05 06:07:59.319999933,tgi_request_queue_duration_sum,http,10.128.4.170:8000,vllm-llama,fmaas-monitoring,vllm-llama-3,openshift-user-workload-monitoring/user-workload,vllm-llama,25380.83380627632
2024-07-05 06:08:04.319999933,tgi_request_queue_duration_sum,http,10.128.4.170:8000,vllm-llama,fmaas-monitoring,vllm-llama-3,openshift-user-workload-monitoring/user-workload,vllm-llama,26088.448003292084
2024-07-05 06:08:09.319999933,tgi_request_queue_duration_sum,http,10.128.4.170:8000,vllm-llama,fmaas-monitoring,vllm-llama-3,openshift-user-workload-monitoring/user-workload,vllm-llama,26399.45538377762
2024-07-05 06:08:14.319999933,tgi_request_queue_duration_sum,http,10.128.4.170:8000,vllm-llama,fmaas-monitoring,vllm-llama-3,openshift-user-workload-monitoring/user-workload,vllm-llama,27541.538243293762
2024-07-05 06:08:19.319999933,tgi_request_queue_duration_sum,http,10.128.4.170:8000,vllm-llama,fmaas-monitoring,vllm-llama-3,openshift-user-workload-monitoring/user-workload,vllm-llama,27734.45800423622
2024-07-05 06:08:24.319999933,tgi_request_queue_duration_sum,http,10.128.4.170:8000,vllm-llama,fmaas-monitoring,vllm-llama-3,openshift-user-workload-monitoring/user-workload,vllm-llama,28506.413853883743
2024-07-05 06:08:29.319999933,tgi_request_queue_duration_sum,http,10.128.4.170:8000,vllm-llama,fmaas-monitoring,vllm-llama-3,openshift-user-workload-monitoring/user-workload,vllm-llama,28788.804772615433
2024-07-05 06:08:34.319999933,tgi_request_queue_duration_sum,http,10.128.4.170:8000,vllm-llama,fmaas-monitoring,vllm-llama-3,openshift-user-workload-monitoring/user-workload,vllm-llama,29520.992178440094
2024-07-05 06:08:39.319999933,tgi_request_queue_duration_sum,http,10.128.4.170:8000,vllm-llama,fmaas-monitoring,vllm-llama-3,openshift-user-workload-monitoring/user-workload,vllm-llama,29610.84782743454
2024-07-05 06:08:44.319999933,tgi_request_queue_duration_sum,http,10.128.4.170:8000,vllm-llama,fmaas-monitoring,vllm-llama-3,openshift-user-workload-monitoring/user-workload,vllm-llama,29694.281767606735
2024-07-05 06:08:49.319999933,tgi_request_queue_duration_sum,http,10.128.4.170:8000,vllm-llama,fmaas-monitoring,vllm-llama-3,openshift-user-workload-monitoring/user-workload,vllm-llama,29908.876547574997
2024-07-05 06:08:54.319999933,tgi_request_queue_duration_sum,http,10.128.4.170:8000,vllm-llama,fmaas-monitoring,vllm-llama-3,openshift-user-workload-monitoring/user-workload,vllm-llama,31548.250735521317
2024-07-05 06:08:59.319999933,tgi_request_queue_duration_sum,http,10.128.4.170:8000,vllm-llama,fmaas-monitoring,vllm-llama-3,openshift-user-workload-monitoring/user-workload,vllm-llama,31881.334193468094
2024-07-05 06:09:04.319999933,tgi_request_queue_duration_sum,http,10.128.4.170:8000,vllm-llama,fmaas-monitoring,vllm-llama-3,openshift-user-workload-monitoring/user-workload,vllm-llama,32511.57703614235
2024-07-05 06:09:09.319999933,tgi_request_queue_duration_sum,http,10.128.4.170:8000,vllm-llama,fmaas-monitoring,vllm-llama-3,openshift-user-workload-monitoring/user-workload,vllm-llama,32755.564747095108
2024-07-05 06:09:14.319999933,tgi_request_queue_duration_sum,http,10.128.4.170:8000,vllm-llama,fmaas-monitoring,vllm-llama-3,openshift-user-workload-monitoring/user-workload,vllm-llama,33631.13765645027
2024-07-05 06:09:19.319999933,tgi_request_queue_duration_sum,http,10.128.4.170:8000,vllm-llama,fmaas-monitoring,vllm-llama-3,openshift-user-workload-monitoring/user-workload,vllm-llama,33796.59468960762
2024-07-05 06:09:24.319999933,tgi_request_queue_duration_sum,http,10.128.4.170:8000,vllm-llama,fmaas-monitoring,vllm-llama-3,openshift-user-workload-monitoring/user-workload,vllm-llama,34141.46111702919
2024-07-05 06:09:29.319999933,tgi_request_queue_duration_sum,http,10.128.4.170:8000,vllm-llama,fmaas-monitoring,vllm-llama-3,openshift-user-workload-monitoring/user-workload,vllm-llama,34370.24806571007
2024-07-05 06:09:34.319999933,tgi_request_queue_duration_sum,http,10.128.4.170:8000,vllm-llama,fmaas-monitoring,vllm-llama-3,openshift-user-workload-monitoring/user-workload,vllm-llama,35278.93531322479
2024-07-05 06:09:39.319999933,tgi_request_queue_duration_sum,http,10.128.4.170:8000,vllm-llama,fmaas-monitoring,vllm-llama-3,openshift-user-workload-monitoring/user-workload,vllm-llama,35530.60760092735
2024-07-05 06:09:44.319999933,tgi_request_queue_duration_sum,http,10.128.4.170:8000,vllm-llama,fmaas-monitoring,vllm-llama-3,openshift-user-workload-monitoring/user-workload,vllm-llama,37175.925568819046
2024-07-05 06:09:49.319999933,tgi_request_queue_duration_sum,http,10.128.4.170:8000,vllm-llama,fmaas-monitoring,vllm-llama-3,openshift-user-workload-monitoring/user-workload,vllm-llama,37183.179095983505
2024-07-05 06:09:54.319999933,tgi_request_queue_duration_sum,http,10.128.4.170:8000,vllm-llama,fmaas-monitoring,vllm-llama-3,openshift-user-workload-monitoring/user-workload,vllm-llama,40732.472246170044
2024-07-05 06:09:59.319999933,tgi_request_queue_duration_sum,http,10.128.4.170:8000,vllm-llama,fmaas-monitoring,vllm-llama-3,openshift-user-workload-monitoring/user-workload,vllm-llama,41174.13667297363
2024-07-05 06:10:04.319999933,tgi_request_queue_duration_sum,http,10.128.4.170:8000,vllm-llama,fmaas-monitoring,vllm-llama-3,openshift-user-workload-monitoring/user-workload,vllm-llama,41516.53870010376
2024-07-05 06:10:09.319999933,tgi_request_queue_duration_sum,http,10.128.4.170:8000,vllm-llama,fmaas-monitoring,vllm-llama-3,openshift-user-workload-monitoring/user-workload,vllm-llama,41518.25247859955
2024-07-05 06:10:14.319999933,tgi_request_queue_duration_sum,http,10.128.4.170:8000,vllm-llama,fmaas-monitoring,vllm-llama-3,openshift-user-workload-monitoring/user-workload,vllm-llama,42138.149960279465
2024-07-05 06:10:19.319999933,tgi_request_queue_duration_sum,http,10.128.4.170:8000,vllm-llama,fmaas-monitoring,vllm-llama-3,openshift-user-workload-monitoring/user-workload,vllm-llama,42398.45492267609
2024-07-05 06:10:24.319999933,tgi_request_queue_duration_sum,http,10.128.4.170:8000,vllm-llama,fmaas-monitoring,vllm-llama-3,openshift-user-workload-monitoring/user-workload,vllm-llama,43437.32578706741
2024-07-05 06:10:29.319999933,tgi_request_queue_duration_sum,http,10.128.4.170:8000,vllm-llama,fmaas-monitoring,vllm-llama-3,openshift-user-workload-monitoring/user-workload,vllm-llama,43497.48403930664
2024-07-05 06:10:34.319999933,tgi_request_queue_duration_sum,http,10.128.4.170:8000,vllm-llama,fmaas-monitoring,vllm-llama-3,openshift-user-workload-monitoring/user-workload,vllm-llama,43600.346687316895
2024-07-05 06:10:39.319999933,tgi_request_queue_duration_sum,http,10.128.4.170:8000,vllm-llama,fmaas-monitoring,vllm-llama-3,openshift-user-workload-monitoring/user-workload,vllm-llama,43622.18684005737
2024-07-05 06:10:44.319999933,tgi_request_queue_duration_sum,http,10.128.4.170:8000,vllm-llama,fmaas-monitoring,vllm-llama-3,openshift-user-workload-monitoring/user-workload,vllm-llama,43648.46434879303
2024-07-05 06:10:49.319999933,tgi_request_queue_duration_sum,http,10.128.4.170:8000,vllm-llama,fmaas-monitoring,vllm-llama-3,openshift-user-workload-monitoring/user-workload,vllm-llama,43866.60465717316
2024-07-05 06:10:54.323999882,tgi_request_queue_duration_sum,http,10.128.4.170:8000,vllm-llama,fmaas-monitoring,vllm-llama-3,openshift-user-workload-monitoring/user-workload,vllm-llama,45042.72079515457
2024-07-05 06:10:59.325999975,tgi_request_queue_duration_sum,http,10.128.4.170:8000,vllm-llama,fmaas-monitoring,vllm-llama-3,openshift-user-workload-monitoring/user-workload,vllm-llama,45057.09076690674
2024-07-05 06:11:04.319999933,tgi_request_queue_duration_sum,http,10.128.4.170:8000,vllm-llama,fmaas-monitoring,vllm-llama-3,openshift-user-workload-monitoring/user-workload,vllm-llama,45151.350625276566
2024-07-05 06:11:09.319999933,tgi_request_queue_duration_sum,http,10.128.4.170:8000,vllm-llama,fmaas-monitoring,vllm-llama-3,openshift-user-workload-monitoring/user-workload,vllm-llama,45167.50459766388
2024-07-05 06:11:14.319999933,tgi_request_queue_duration_sum,http,10.128.4.170:8000,vllm-llama,fmaas-monitoring,vllm-llama-3,openshift-user-workload-monitoring/user-workload,vllm-llama,45632.0373609066
2024-07-05 06:11:19.319999933,tgi_request_queue_duration_sum,http,10.128.4.170:8000,vllm-llama,fmaas-monitoring,vllm-llama-3,openshift-user-workload-monitoring/user-workload,vllm-llama,45777.03374457359
2024-07-05 06:11:24.319999933,tgi_request_queue_duration_sum,http,10.128.4.170:8000,vllm-llama,fmaas-monitoring,vllm-llama-3,openshift-user-workload-monitoring/user-workload,vllm-llama,46177.61038136482
2024-07-05 06:11:29.319999933,tgi_request_queue_duration_sum,http,10.128.4.170:8000,vllm-llama,fmaas-monitoring,vllm-llama-3,openshift-user-workload-monitoring/user-workload,vllm-llama,46245.616600990295
2024-07-05 06:11:34.319999933,tgi_request_queue_duration_sum,http,10.128.4.170:8000,vllm-llama,fmaas-monitoring,vllm-llama-3,openshift-user-workload-monitoring/user-workload,vllm-llama,46601.39912199974
2024-07-05 06:11:39.319999933,tgi_request_queue_duration_sum,http,10.128.4.170:8000,vllm-llama,fmaas-monitoring,vllm-llama-3,openshift-user-workload-monitoring/user-workload,vllm-llama,46607.876175403595
2024-07-05 06:11:44.322999954,tgi_request_queue_duration_sum,http,10.128.4.170:8000,vllm-llama,fmaas-monitoring,vllm-llama-3,openshift-user-workload-monitoring/user-workload,vllm-llama,46778.23204255104
2024-07-05 06:11:49.319999933,tgi_request_queue_duration_sum,http,10.128.4.170:8000,vllm-llama,fmaas-monitoring,vllm-llama-3,openshift-user-workload-monitoring/user-workload,vllm-llama,46935.15297579765
2024-07-05 06:11:54.319999933,tgi_request_queue_duration_sum,http,10.128.4.170:8000,vllm-llama,fmaas-monitoring,vllm-llama-3,openshift-user-workload-monitoring/user-workload,vllm-llama,48665.06909918785
2024-07-05 06:11:59.319999933,tgi_request_queue_duration_sum,http,10.128.4.170:8000,vllm-llama,fmaas-monitoring,vllm-llama-3,openshift-user-workload-monitoring/user-workload,vllm-llama,48669.10166192055
2024-07-05 06:12:04.319999933,tgi_request_queue_duration_sum,http,10.128.4.170:8000,vllm-llama,fmaas-monitoring,vllm-llama-3,openshift-user-workload-monitoring/user-workload,vllm-llama,48702.84521603584
2024-07-05 06:12:09.319999933,tgi_request_queue_duration_sum,http,10.128.4.170:8000,vllm-llama,fmaas-monitoring,vllm-llama-3,openshift-user-workload-monitoring/user-workload,vllm-llama,48703.11995887756
2024-07-05 06:12:14.319999933,tgi_request_queue_duration_sum,http,10.128.4.170:8000,vllm-llama,fmaas-monitoring,vllm-llama-3,openshift-user-workload-monitoring/user-workload,vllm-llama,48743.55791044235
2024-07-05 06:12:19.319999933,tgi_request_queue_duration_sum,http,10.128.4.170:8000,vllm-llama,fmaas-monitoring,vllm-llama-3,openshift-user-workload-monitoring/user-workload,vllm-llama,48845.08004403114
2024-07-05 06:12:24.325000048,tgi_request_queue_duration_sum,http,10.128.4.170:8000,vllm-llama,fmaas-monitoring,vllm-llama-3,openshift-user-workload-monitoring/user-workload,vllm-llama,49237.16599774361
2024-07-05 06:12:29.319999933,tgi_request_queue_duration_sum,http,10.128.4.170:8000,vllm-llama,fmaas-monitoring,vllm-llama-3,openshift-user-workload-monitoring/user-workload,vllm-llama,49273.21849346161
2024-07-05 06:12:34.319999933,tgi_request_queue_duration_sum,http,10.128.4.170:8000,vllm-llama,fmaas-monitoring,vllm-llama-3,openshift-user-workload-monitoring/user-workload,vllm-llama,49378.04272150993
2024-07-05 06:12:39.319999933,tgi_request_queue_duration_sum,http,10.128.4.170:8000,vllm-llama,fmaas-monitoring,vllm-llama-3,openshift-user-workload-monitoring/user-workload,vllm-llama,49388.62361693382
2024-07-05 06:12:44.319999933,tgi_request_queue_duration_sum,http,10.128.4.170:8000,vllm-llama,fmaas-monitoring,vllm-llama-3,openshift-user-workload-monitoring/user-workload,vllm-llama,49883.50901412964
2024-07-05 06:12:49.319999933,tgi_request_queue_duration_sum,http,10.128.4.170:8000,vllm-llama,fmaas-monitoring,vllm-llama-3,openshift-user-workload-monitoring/user-workload,vllm-llama,50033.35256934166
2024-07-05 06:12:54.319999933,tgi_request_queue_duration_sum,http,10.128.4.170:8000,vllm-llama,fmaas-monitoring,vllm-llama-3,openshift-user-workload-monitoring/user-workload,vllm-llama,50068.902383089066
2024-07-05 06:12:59.319999933,tgi_request_queue_duration_sum,http,10.128.4.170:8000,vllm-llama,fmaas-monitoring,vllm-llama-3,openshift-user-workload-monitoring/user-workload,vllm-llama,50082.7082901001
2024-07-05 06:13:04.319999933,tgi_request_queue_duration_sum,http,10.128.4.170:8000,vllm-llama,fmaas-monitoring,vllm-llama-3,openshift-user-workload-monitoring/user-workload,vllm-llama,50160.31864070892
2024-07-05 06:13:09.319999933,tgi_request_queue_duration_sum,http,10.128.4.170:8000,vllm-llama,fmaas-monitoring,vllm-llama-3,openshift-user-workload-monitoring/user-workload,vllm-llama,50174.000916957855
2024-07-05 06:13:14.319999933,tgi_request_queue_duration_sum,http,10.128.4.170:8000,vllm-llama,fmaas-monitoring,vllm-llama-3,openshift-user-workload-monitoring/user-workload,vllm-llama,50205.86918115616
2024-07-05 06:13:19.319999933,tgi_request_queue_duration_sum,http,10.128.4.170:8000,vllm-llama,fmaas-monitoring,vllm-llama-3,openshift-user-workload-monitoring/user-workload,vllm-llama,50208.077756881714
2024-07-05 06:13:24.319999933,tgi_request_queue_duration_sum,http,10.128.4.170:8000,vllm-llama,fmaas-monitoring,vllm-llama-3,openshift-user-workload-monitoring/user-workload,vllm-llama,50256.635759830475
2024-07-05 06:13:29.319999933,tgi_request_queue_duration_sum,http,10.128.4.170:8000,vllm-llama,fmaas-monitoring,vllm-llama-3,openshift-user-workload-monitoring/user-workload,vllm-llama,50263.25853562355
2024-07-05 06:13:34.319999933,tgi_request_queue_duration_sum,http,10.128.4.170:8000,vllm-llama,fmaas-monitoring,vllm-llama-3,openshift-user-workload-monitoring/user-workload,vllm-llama,50577.89583539963
2024-07-05 06:13:39.319999933,tgi_request_queue_duration_sum,http,10.128.4.170:8000,vllm-llama,fmaas-monitoring,vllm-llama-3,openshift-user-workload-monitoring/user-workload,vllm-llama,50614.068885564804
2024-07-05 06:13:44.319999933,tgi_request_queue_duration_sum,http,10.128.4.170:8000,vllm-llama,fmaas-monitoring,vllm-llama-3,openshift-user-workload-monitoring/user-workload,vllm-llama,50636.290981054306
2024-07-05 06:13:49.319999933,tgi_request_queue_duration_sum,http,10.128.4.170:8000,vllm-llama,fmaas-monitoring,vllm-llama-3,openshift-user-workload-monitoring/user-workload,vllm-llama,50636.6592400074
2024-07-05 06:13:54.319999933,tgi_request_queue_duration_sum,http,10.128.4.170:8000,vllm-llama,fmaas-monitoring,vllm-llama-3,openshift-user-workload-monitoring/user-workload,vllm-llama,50636.765060424805
2024-07-05 06:13:59.319999933,tgi_request_queue_duration_sum,http,10.128.4.170:8000,vllm-llama,fmaas-monitoring,vllm-llama-3,openshift-user-workload-monitoring/user-workload,vllm-llama,50642.39500570297
2024-07-05 06:14:04.319999933,tgi_request_queue_duration_sum,http,10.128.4.170:8000,vllm-llama,fmaas-monitoring,vllm-llama-3,openshift-user-workload-monitoring/user-workload,vllm-llama,50823.844490766525
2024-07-05 06:14:09.319999933,tgi_request_queue_duration_sum,http,10.128.4.170:8000,vllm-llama,fmaas-monitoring,vllm-llama-3,openshift-user-workload-monitoring/user-workload,vllm-llama,50857.56154227257
2024-07-05 06:14:14.319999933,tgi_request_queue_duration_sum,http,10.128.4.170:8000,vllm-llama,fmaas-monitoring,vllm-llama-3,openshift-user-workload-monitoring/user-workload,vllm-llama,50873.8149497509
2024-07-05 06:14:19.319999933,tgi_request_queue_duration_sum,http,10.128.4.170:8000,vllm-llama,fmaas-monitoring,vllm-llama-3,openshift-user-workload-monitoring/user-workload,vllm-llama,50881.4845893383
2024-07-05 06:14:24.319999933,tgi_request_queue_duration_sum,http,10.128.4.170:8000,vllm-llama,fmaas-monitoring,vllm-llama-3,openshift-user-workload-monitoring/user-workload,vllm-llama,51000.09513950348
2024-07-05 06:14:29.319999933,tgi_request_queue_duration_sum,http,10.128.4.170:8000,vllm-llama,fmaas-monitoring,vllm-llama-3,openshift-user-workload-monitoring/user-workload,vllm-llama,51006.62999463081
2024-07-05 06:14:34.319999933,tgi_request_queue_duration_sum,http,10.128.4.170:8000,vllm-llama,fmaas-monitoring,vllm-llama-3,openshift-user-workload-monitoring/user-workload,vllm-llama,51017.15956044197
2024-07-05 06:14:39.319999933,tgi_request_queue_duration_sum,http,10.128.4.170:8000,vllm-llama,fmaas-monitoring,vllm-llama-3,openshift-user-workload-monitoring/user-workload,vllm-llama,51056.36558818817
2024-07-05 06:14:44.319999933,tgi_request_queue_duration_sum,http,10.128.4.170:8000,vllm-llama,fmaas-monitoring,vllm-llama-3,openshift-user-workload-monitoring/user-workload,vllm-llama,51060.249666929245
2024-07-05 06:14:49.319999933,tgi_request_queue_duration_sum,http,10.128.4.170:8000,vllm-llama,fmaas-monitoring,vllm-llama-3,openshift-user-workload-monitoring/user-workload,vllm-llama,51074.629205703735
2024-07-05 06:14:54.319999933,tgi_request_queue_duration_sum,http,10.128.4.170:8000,vllm-llama,fmaas-monitoring,vllm-llama-3,openshift-user-workload-monitoring/user-workload,vllm-llama,51086.33079147339
2024-07-05 06:14:59.319999933,tgi_request_queue_duration_sum,http,10.128.4.170:8000,vllm-llama,fmaas-monitoring,vllm-llama-3,openshift-user-workload-monitoring/user-workload,vllm-llama,51090.98899126053
2024-07-05 06:15:04.319999933,tgi_request_queue_duration_sum,http,10.128.4.170:8000,vllm-llama,fmaas-monitoring,vllm-llama-3,openshift-user-workload-monitoring/user-workload,vllm-llama,51115.30587553978
2024-07-05 06:15:09.319999933,tgi_request_queue_duration_sum,http,10.128.4.170:8000,vllm-llama,fmaas-monitoring,vllm-llama-3,openshift-user-workload-monitoring/user-workload,vllm-llama,51124.08729791641
2024-07-05 06:15:14.319999933,tgi_request_queue_duration_sum,http,10.128.4.170:8000,vllm-llama,fmaas-monitoring,vllm-llama-3,openshift-user-workload-monitoring/user-workload,vllm-llama,51147.59698367119
2024-07-05 06:15:19.319999933,tgi_request_queue_duration_sum,http,10.128.4.170:8000,vllm-llama,fmaas-monitoring,vllm-llama-3,openshift-user-workload-monitoring/user-workload,vllm-llama,51263.46186494827
2024-07-05 06:15:24.319999933,tgi_request_queue_duration_sum,http,10.128.4.170:8000,vllm-llama,fmaas-monitoring,vllm-llama-3,openshift-user-workload-monitoring/user-workload,vllm-llama,51273.560565948486
2024-07-05 06:15:29.319999933,tgi_request_queue_duration_sum,http,10.128.4.170:8000,vllm-llama,fmaas-monitoring,vllm-llama-3,openshift-user-workload-monitoring/user-workload,vllm-llama,51273.60501909256
2024-07-05 06:15:34.319999933,tgi_request_queue_duration_sum,http,10.128.4.170:8000,vllm-llama,fmaas-monitoring,vllm-llama-3,openshift-user-workload-monitoring/user-workload,vllm-llama,51284.85044670105
2024-07-05 06:15:39.319999933,tgi_request_queue_duration_sum,http,10.128.4.170:8000,vllm-llama,fmaas-monitoring,vllm-llama-3,openshift-user-workload-monitoring/user-workload,vllm-llama,51300.98574113846
2024-07-05 06:15:44.319999933,tgi_request_queue_duration_sum,http,10.128.4.170:8000,vllm-llama,fmaas-monitoring,vllm-llama-3,openshift-user-workload-monitoring/user-workload,vllm-llama,51307.302662849426
2024-07-05 06:15:49.319999933,tgi_request_queue_duration_sum,http,10.128.4.170:8000,vllm-llama,fmaas-monitoring,vllm-llama-3,openshift-user-workload-monitoring/user-workload,vllm-llama,51592.801141023636
2024-07-05 06:15:54.319999933,tgi_request_queue_duration_sum,http,10.128.4.170:8000,vllm-llama,fmaas-monitoring,vllm-llama-3,openshift-user-workload-monitoring/user-workload,vllm-llama,51608.649320840836
2024-07-05 06:15:59.319999933,tgi_request_queue_duration_sum,http,10.128.4.170:8000,vllm-llama,fmaas-monitoring,vllm-llama-3,openshift-user-workload-monitoring/user-workload,vllm-llama,51613.15738892555
2024-07-05 06:16:04.319999933,tgi_request_queue_duration_sum,http,10.128.4.170:8000,vllm-llama,fmaas-monitoring,vllm-llama-3,openshift-user-workload-monitoring/user-workload,vllm-llama,51613.65159678459
2024-07-05 06:16:09.319999933,tgi_request_queue_duration_sum,http,10.128.4.170:8000,vllm-llama,fmaas-monitoring,vllm-llama-3,openshift-user-workload-monitoring/user-workload,vllm-llama,51617.25924086571
2024-07-05 06:16:14.319999933,tgi_request_queue_duration_sum,http,10.128.4.170:8000,vllm-llama,fmaas-monitoring,vllm-llama-3,openshift-user-workload-monitoring/user-workload,vllm-llama,51627.656641721725
2024-07-05 06:16:19.319999933,tgi_request_queue_duration_sum,http,10.128.4.170:8000,vllm-llama,fmaas-monitoring,vllm-llama-3,openshift-user-workload-monitoring/user-workload,vllm-llama,51645.821155548096
2024-07-05 06:16:24.319999933,tgi_request_queue_duration_sum,http,10.128.4.170:8000,vllm-llama,fmaas-monitoring,vllm-llama-3,openshift-user-workload-monitoring/user-workload,vllm-llama,51689.91339182854
2024-07-05 06:16:29.319999933,tgi_request_queue_duration_sum,http,10.128.4.170:8000,vllm-llama,fmaas-monitoring,vllm-llama-3,openshift-user-workload-monitoring/user-workload,vllm-llama,51773.81116580963
2024-07-05 06:16:34.319999933,tgi_request_queue_duration_sum,http,10.128.4.170:8000,vllm-llama,fmaas-monitoring,vllm-llama-3,openshift-user-workload-monitoring/user-workload,vllm-llama,51802.63527679443
2024-07-05 06:16:39.319999933,tgi_request_queue_duration_sum,http,10.128.4.170:8000,vllm-llama,fmaas-monitoring,vllm-llama-3,openshift-user-workload-monitoring/user-workload,vllm-llama,51810.188187122345
2024-07-05 06:16:44.319999933,tgi_request_queue_duration_sum,http,10.128.4.170:8000,vllm-llama,fmaas-monitoring,vllm-llama-3,openshift-user-workload-monitoring/user-workload,vllm-llama,51823.37392115593
2024-07-05 06:16:49.319999933,tgi_request_queue_duration_sum,http,10.128.4.170:8000,vllm-llama,fmaas-monitoring,vllm-llama-3,openshift-user-workload-monitoring/user-workload,vllm-llama,51834.18623018265
2024-07-05 06:16:54.328999996,tgi_request_queue_duration_sum,http,10.128.4.170:8000,vllm-llama,fmaas-monitoring,vllm-llama-3,openshift-user-workload-monitoring/user-workload,vllm-llama,51860.3171441555
2024-07-05 06:16:59.319999933,tgi_request_queue_duration_sum,http,10.128.4.170:8000,vllm-llama,fmaas-monitoring,vllm-llama-3,openshift-user-workload-monitoring/user-workload,vllm-llama,51865.08799910545
2024-07-05 06:17:04.319999933,tgi_request_queue_duration_sum,http,10.128.4.170:8000,vllm-llama,fmaas-monitoring,vllm-llama-3,openshift-user-workload-monitoring/user-workload,vllm-llama,51865.887822151184
2024-07-05 06:17:09.319999933,tgi_request_queue_duration_sum,http,10.128.4.170:8000,vllm-llama,fmaas-monitoring,vllm-llama-3,openshift-user-workload-monitoring/user-workload,vllm-llama,51870.97076201439
2024-07-05 06:17:14.319999933,tgi_request_queue_duration_sum,http,10.128.4.170:8000,vllm-llama,fmaas-monitoring,vllm-llama-3,openshift-user-workload-monitoring/user-workload,vllm-llama,51938.48982834816
2024-07-05 06:17:19.319999933,tgi_request_queue_duration_sum,http,10.128.4.170:8000,vllm-llama,fmaas-monitoring,vllm-llama-3,openshift-user-workload-monitoring/user-workload,vllm-llama,52032.3782351017
2024-07-05 06:17:24.319999933,tgi_request_queue_duration_sum,http,10.128.4.170:8000,vllm-llama,fmaas-monitoring,vllm-llama-3,openshift-user-workload-monitoring/user-workload,vllm-llama,52035.5130944252
2024-07-05 06:17:29.319999933,tgi_request_queue_duration_sum,http,10.128.4.170:8000,vllm-llama,fmaas-monitoring,vllm-llama-3,openshift-user-workload-monitoring/user-workload,vllm-llama,52105.19577717781
2024-07-05 06:17:34.319999933,tgi_request_queue_duration_sum,http,10.128.4.170:8000,vllm-llama,fmaas-monitoring,vllm-llama-3,openshift-user-workload-monitoring/user-workload,vllm-llama,52112.24876189232
2024-07-05 06:17:39.319999933,tgi_request_queue_duration_sum,http,10.128.4.170:8000,vllm-llama,fmaas-monitoring,vllm-llama-3,openshift-user-workload-monitoring/user-workload,vllm-llama,52121.30423069
2024-07-05 06:17:44.319999933,tgi_request_queue_duration_sum,http,10.128.4.170:8000,vllm-llama,fmaas-monitoring,vllm-llama-3,openshift-user-workload-monitoring/user-workload,vllm-llama,52134.01766586304
2024-07-05 06:17:49.319999933,tgi_request_queue_duration_sum,http,10.128.4.170:8000,vllm-llama,fmaas-monitoring,vllm-llama-3,openshift-user-workload-monitoring/user-workload,vllm-llama,52172.35721373558
2024-07-05 06:17:54.319999933,tgi_request_queue_duration_sum,http,10.128.4.170:8000,vllm-llama,fmaas-monitoring,vllm-llama-3,openshift-user-workload-monitoring/user-workload,vllm-llama,52207.34511256218
2024-07-05 06:17:59.319999933,tgi_request_queue_duration_sum,http,10.128.4.170:8000,vllm-llama,fmaas-monitoring,vllm-llama-3,openshift-user-workload-monitoring/user-workload,vllm-llama,52291.0633854866
2024-07-05 06:18:04.319999933,tgi_request_queue_duration_sum,http,10.128.4.170:8000,vllm-llama,fmaas-monitoring,vllm-llama-3,openshift-user-workload-monitoring/user-workload,vllm-llama,52311.17638874054
2024-07-05 06:18:09.319999933,tgi_request_queue_duration_sum,http,10.128.4.170:8000,vllm-llama,fmaas-monitoring,vllm-llama-3,openshift-user-workload-monitoring/user-workload,vllm-llama,52445.97520184517
2024-07-05 06:18:14.319999933,tgi_request_queue_duration_sum,http,10.128.4.170:8000,vllm-llama,fmaas-monitoring,vllm-llama-3,openshift-user-workload-monitoring/user-workload,vllm-llama,52450.42909741402
2024-07-05 06:18:19.319999933,tgi_request_queue_duration_sum,http,10.128.4.170:8000,vllm-llama,fmaas-monitoring,vllm-llama-3,openshift-user-workload-monitoring/user-workload,vllm-llama,52465.88345575333
2024-07-05 06:18:24.319999933,tgi_request_queue_duration_sum,http,10.128.4.170:8000,vllm-llama,fmaas-monitoring,vllm-llama-3,openshift-user-workload-monitoring/user-workload,vllm-llama,52498.76055240631
2024-07-05 06:18:29.319999933,tgi_request_queue_duration_sum,http,10.128.4.170:8000,vllm-llama,fmaas-monitoring,vllm-llama-3,openshift-user-workload-monitoring/user-workload,vllm-llama,52503.422889471054
2024-07-05 06:18:34.319999933,tgi_request_queue_duration_sum,http,10.128.4.170:8000,vllm-llama,fmaas-monitoring,vllm-llama-3,openshift-user-workload-monitoring/user-workload,vllm-llama,52544.97411394119
2024-07-05 06:18:39.319999933,tgi_request_queue_duration_sum,http,10.128.4.170:8000,vllm-llama,fmaas-monitoring,vllm-llama-3,openshift-user-workload-monitoring/user-workload,vllm-llama,52551.015004873276
2024-07-05 06:18:44.319999933,tgi_request_queue_duration_sum,http,10.128.4.170:8000,vllm-llama,fmaas-monitoring,vllm-llama-3,openshift-user-workload-monitoring/user-workload,vllm-llama,52554.39229941368
2024-07-05 06:18:49.319999933,tgi_request_queue_duration_sum,http,10.128.4.170:8000,vllm-llama,fmaas-monitoring,vllm-llama-3,openshift-user-workload-monitoring/user-workload,vllm-llama,52555.946462869644
2024-07-05 06:18:54.319999933,tgi_request_queue_duration_sum,http,10.128.4.170:8000,vllm-llama,fmaas-monitoring,vllm-llama-3,openshift-user-workload-monitoring/user-workload,vllm-llama,52637.13702917099
2024-07-05 06:18:59.319999933,tgi_request_queue_duration_sum,http,10.128.4.170:8000,vllm-llama,fmaas-monitoring,vllm-llama-3,openshift-user-workload-monitoring/user-workload,vllm-llama,52643.89461398125
2024-07-05 06:19:04.319999933,tgi_request_queue_duration_sum,http,10.128.4.170:8000,vllm-llama,fmaas-monitoring,vllm-llama-3,openshift-user-workload-monitoring/user-workload,vllm-llama,52766.62718176842
2024-07-05 06:19:09.319999933,tgi_request_queue_duration_sum,http,10.128.4.170:8000,vllm-llama,fmaas-monitoring,vllm-llama-3,openshift-user-workload-monitoring/user-workload,vllm-llama,52847.26666140556
2024-07-05 06:19:14.319999933,tgi_request_queue_duration_sum,http,10.128.4.170:8000,vllm-llama,fmaas-monitoring,vllm-llama-3,openshift-user-workload-monitoring/user-workload,vllm-llama,52996.09444522858
2024-07-05 06:19:19.319999933,tgi_request_queue_duration_sum,http,10.128.4.170:8000,vllm-llama,fmaas-monitoring,vllm-llama-3,openshift-user-workload-monitoring/user-workload,vllm-llama,53026.37442493439
2024-07-05 06:19:24.319999933,tgi_request_queue_duration_sum,http,10.128.4.170:8000,vllm-llama,fmaas-monitoring,vllm-llama-3,openshift-user-workload-monitoring/user-workload,vllm-llama,53119.35209989548
2024-07-05 06:19:29.319999933,tgi_request_queue_duration_sum,http,10.128.4.170:8000,vllm-llama,fmaas-monitoring,vllm-llama-3,openshift-user-workload-monitoring/user-workload,vllm-llama,53132.80055117607
2024-07-05 06:19:34.319999933,tgi_request_queue_duration_sum,http,10.128.4.170:8000,vllm-llama,fmaas-monitoring,vllm-llama-3,openshift-user-workload-monitoring/user-workload,vllm-llama,53359.83344721794
2024-07-05 06:19:39.319999933,tgi_request_queue_duration_sum,http,10.128.4.170:8000,vllm-llama,fmaas-monitoring,vllm-llama-3,openshift-user-workload-monitoring/user-workload,vllm-llama,53361.14866375923
2024-07-05 06:19:44.319999933,tgi_request_queue_duration_sum,http,10.128.4.170:8000,vllm-llama,fmaas-monitoring,vllm-llama-3,openshift-user-workload-monitoring/user-workload,vllm-llama,53369.497812747955
2024-07-05 06:19:49.319999933,tgi_request_queue_duration_sum,http,10.128.4.170:8000,vllm-llama,fmaas-monitoring,vllm-llama-3,openshift-user-workload-monitoring/user-workload,vllm-llama,53381.85992383957
2024-07-05 06:19:54.319999933,tgi_request_queue_duration_sum,http,10.128.4.170:8000,vllm-llama,fmaas-monitoring,vllm-llama-3,openshift-user-workload-monitoring/user-workload,vllm-llama,53406.53267478943
2024-07-05 06:19:59.319999933,tgi_request_queue_duration_sum,http,10.128.4.170:8000,vllm-llama,fmaas-monitoring,vllm-llama-3,openshift-user-workload-monitoring/user-workload,vllm-llama,53416.76198029518
2024-07-05 06:20:04.319999933,tgi_request_queue_duration_sum,http,10.128.4.170:8000,vllm-llama,fmaas-monitoring,vllm-llama-3,openshift-user-workload-monitoring/user-workload,vllm-llama,53560.29468011856
2024-07-05 06:20:09.319999933,tgi_request_queue_duration_sum,http,10.128.4.170:8000,vllm-llama,fmaas-monitoring,vllm-llama-3,openshift-user-workload-monitoring/user-workload,vllm-llama,53561.61350607872
2024-07-05 06:20:14.319999933,tgi_request_queue_duration_sum,http,10.128.4.170:8000,vllm-llama,fmaas-monitoring,vllm-llama-3,openshift-user-workload-monitoring/user-workload,vllm-llama,53602.390085458755
2024-07-05 06:20:19.319999933,tgi_request_queue_duration_sum,http,10.128.4.170:8000,vllm-llama,fmaas-monitoring,vllm-llama-3,openshift-user-workload-monitoring/user-workload,vllm-llama,53610.99141955376
2024-07-05 06:20:24.319999933,tgi_request_queue_duration_sum,http,10.128.4.170:8000,vllm-llama,fmaas-monitoring,vllm-llama-3,openshift-user-workload-monitoring/user-workload,vllm-llama,53616.73001074791
2024-07-05 06:20:29.319999933,tgi_request_queue_duration_sum,http,10.128.4.170:8000,vllm-llama,fmaas-monitoring,vllm-llama-3,openshift-user-workload-monitoring/user-workload,vllm-llama,53663.63728713989
2024-07-05 06:20:34.319999933,tgi_request_queue_duration_sum,http,10.128.4.170:8000,vllm-llama,fmaas-monitoring,vllm-llama-3,openshift-user-workload-monitoring/user-workload,vllm-llama,53696.549944639206
2024-07-05 06:20:39.319999933,tgi_request_queue_duration_sum,http,10.128.4.170:8000,vllm-llama,fmaas-monitoring,vllm-llama-3,openshift-user-workload-monitoring/user-workload,vllm-llama,53706.276206970215
2024-07-05 06:20:44.319999933,tgi_request_queue_duration_sum,http,10.128.4.170:8000,vllm-llama,fmaas-monitoring,vllm-llama-3,openshift-user-workload-monitoring/user-workload,vllm-llama,53717.191002845764
2024-07-05 06:20:49.319999933,tgi_request_queue_duration_sum,http,10.128.4.170:8000,vllm-llama,fmaas-monitoring,vllm-llama-3,openshift-user-workload-monitoring/user-workload,vllm-llama,53721.89154314995
2024-07-05 06:20:54.319999933,tgi_request_queue_duration_sum,http,10.128.4.170:8000,vllm-llama,fmaas-monitoring,vllm-llama-3,openshift-user-workload-monitoring/user-workload,vllm-llama,53746.53272509575
2024-07-05 06:20:59.319999933,tgi_request_queue_duration_sum,http,10.128.4.170:8000,vllm-llama,fmaas-monitoring,vllm-llama-3,openshift-user-workload-monitoring/user-workload,vllm-llama,53931.52315711975
2024-07-05 06:21:04.319999933,tgi_request_queue_duration_sum,http,10.128.4.170:8000,vllm-llama,fmaas-monitoring,vllm-llama-3,openshift-user-workload-monitoring/user-workload,vllm-llama,53945.6018846035
2024-07-05 06:21:09.319999933,tgi_request_queue_duration_sum,http,10.128.4.170:8000,vllm-llama,fmaas-monitoring,vllm-llama-3,openshift-user-workload-monitoring/user-workload,vllm-llama,53959.216922044754
2024-07-05 06:21:14.319999933,tgi_request_queue_duration_sum,http,10.128.4.170:8000,vllm-llama,fmaas-monitoring,vllm-llama-3,openshift-user-workload-monitoring/user-workload,vllm-llama,54144.1973798275
2024-07-05 06:21:19.325000048,tgi_request_queue_duration_sum,http,10.128.4.170:8000,vllm-llama,fmaas-monitoring,vllm-llama-3,openshift-user-workload-monitoring/user-workload,vllm-llama,54248.44649744034
2024-07-05 06:21:24.319999933,tgi_request_queue_duration_sum,http,10.128.4.170:8000,vllm-llama,fmaas-monitoring,vllm-llama-3,openshift-user-workload-monitoring/user-workload,vllm-llama,54276.73487043381
2024-07-05 06:21:29.319999933,tgi_request_queue_duration_sum,http,10.128.4.170:8000,vllm-llama,fmaas-monitoring,vllm-llama-3,openshift-user-workload-monitoring/user-workload,vllm-llama,54295.31215882301
2024-07-05 06:21:34.319999933,tgi_request_queue_duration_sum,http,10.128.4.170:8000,vllm-llama,fmaas-monitoring,vllm-llama-3,openshift-user-workload-monitoring/user-workload,vllm-llama,54300.081260204315
2024-07-05 06:21:39.319999933,tgi_request_queue_duration_sum,http,10.128.4.170:8000,vllm-llama,fmaas-monitoring,vllm-llama-3,openshift-user-workload-monitoring/user-workload,vllm-llama,54319.88672924042
2024-07-05 06:21:44.319999933,tgi_request_queue_duration_sum,http,10.128.4.170:8000,vllm-llama,fmaas-monitoring,vllm-llama-3,openshift-user-workload-monitoring/user-workload,vllm-llama,54336.37152194977
2024-07-05 06:21:49.319999933,tgi_request_queue_duration_sum,http,10.128.4.170:8000,vllm-llama,fmaas-monitoring,vllm-llama-3,openshift-user-workload-monitoring/user-workload,vllm-llama,54345.608206510544
2024-07-05 06:21:54.319999933,tgi_request_queue_duration_sum,http,10.128.4.170:8000,vllm-llama,fmaas-monitoring,vllm-llama-3,openshift-user-workload-monitoring/user-workload,vllm-llama,54357.5791285038
2024-07-05 06:21:59.319999933,tgi_request_queue_duration_sum,http,10.128.4.170:8000,vllm-llama,fmaas-monitoring,vllm-llama-3,openshift-user-workload-monitoring/user-workload,vllm-llama,54360.723992586136
2024-07-05 06:22:04.323999882,tgi_request_queue_duration_sum,http,10.128.4.170:8000,vllm-llama,fmaas-monitoring,vllm-llama-3,openshift-user-workload-monitoring/user-workload,vllm-llama,54378.119762182236
2024-07-05 06:22:09.319999933,tgi_request_queue_duration_sum,http,10.128.4.170:8000,vllm-llama,fmaas-monitoring,vllm-llama-3,openshift-user-workload-monitoring/user-workload,vllm-llama,54387.508835077286
2024-07-05 06:22:14.319999933,tgi_request_queue_duration_sum,http,10.128.4.170:8000,vllm-llama,fmaas-monitoring,vllm-llama-3,openshift-user-workload-monitoring/user-workload,vllm-llama,54393.6808950901
2024-07-05 06:22:19.319999933,tgi_request_queue_duration_sum,http,10.128.4.170:8000,vllm-llama,fmaas-monitoring,vllm-llama-3,openshift-user-workload-monitoring/user-workload,vllm-llama,54397.34237527847
2024-07-05 06:22:24.319999933,tgi_request_queue_duration_sum,http,10.128.4.170:8000,vllm-llama,fmaas-monitoring,vllm-llama-3,openshift-user-workload-monitoring/user-workload,vllm-llama,54471.48626255989
2024-07-05 06:22:29.319999933,tgi_request_queue_duration_sum,http,10.128.4.170:8000,vllm-llama,fmaas-monitoring,vllm-llama-3,openshift-user-workload-monitoring/user-workload,vllm-llama,54616.25308942795
2024-07-05 06:22:34.319999933,tgi_request_queue_duration_sum,http,10.128.4.170:8000,vllm-llama,fmaas-monitoring,vllm-llama-3,openshift-user-workload-monitoring/user-workload,vllm-llama,54649.43835401535
2024-07-05 06:22:39.319999933,tgi_request_queue_duration_sum,http,10.128.4.170:8000,vllm-llama,fmaas-monitoring,vllm-llama-3,openshift-user-workload-monitoring/user-workload,vllm-llama,54658.07135772705
2024-07-05 06:22:44.319999933,tgi_request_queue_duration_sum,http,10.128.4.170:8000,vllm-llama,fmaas-monitoring,vllm-llama-3,openshift-user-workload-monitoring/user-workload,vllm-llama,54703.578374147415
2024-07-05 06:22:49.319999933,tgi_request_queue_duration_sum,http,10.128.4.170:8000,vllm-llama,fmaas-monitoring,vllm-llama-3,openshift-user-workload-monitoring/user-workload,vllm-llama,54711.07802557945
2024-07-05 06:22:54.319999933,tgi_request_queue_duration_sum,http,10.128.4.170:8000,vllm-llama,fmaas-monitoring,vllm-llama-3,openshift-user-workload-monitoring/user-workload,vllm-llama,54771.91288161278
2024-07-05 06:22:59.323999882,tgi_request_queue_duration_sum,http,10.128.4.170:8000,vllm-llama,fmaas-monitoring,vllm-llama-3,openshift-user-workload-monitoring/user-workload,vllm-llama,54914.32539129257
2024-07-05 06:23:04.319999933,tgi_request_queue_duration_sum,http,10.128.4.170:8000,vllm-llama,fmaas-monitoring,vllm-llama-3,openshift-user-workload-monitoring/user-workload,vllm-llama,54973.136407375336
2024-07-05 06:23:09.319999933,tgi_request_queue_duration_sum,http,10.128.4.170:8000,vllm-llama,fmaas-monitoring,vllm-llama-3,openshift-user-workload-monitoring/user-workload,vllm-llama,55032.73374414444
2024-07-05 06:23:14.319999933,tgi_request_queue_duration_sum,http,10.128.4.170:8000,vllm-llama,fmaas-monitoring,vllm-llama-3,openshift-user-workload-monitoring/user-workload,vllm-llama,55053.73004460335
2024-07-05 06:23:19.319999933,tgi_request_queue_duration_sum,http,10.128.4.170:8000,vllm-llama,fmaas-monitoring,vllm-llama-3,openshift-user-workload-monitoring/user-workload,vllm-llama,55076.76067376137
2024-07-05 06:23:24.323999882,tgi_request_queue_duration_sum,http,10.128.4.170:8000,vllm-llama,fmaas-monitoring,vllm-llama-3,openshift-user-workload-monitoring/user-workload,vllm-llama,55081.06159687042
2024-07-05 06:23:29.319999933,tgi_request_queue_duration_sum,http,10.128.4.170:8000,vllm-llama,fmaas-monitoring,vllm-llama-3,openshift-user-workload-monitoring/user-workload,vllm-llama,55103.16077852249
2024-07-05 06:23:34.319999933,tgi_request_queue_duration_sum,http,10.128.4.170:8000,vllm-llama,fmaas-monitoring,vllm-llama-3,openshift-user-workload-monitoring/user-workload,vllm-llama,55157.99224090576
2024-07-05 06:23:39.319999933,tgi_request_queue_duration_sum,http,10.128.4.170:8000,vllm-llama,fmaas-monitoring,vllm-llama-3,openshift-user-workload-monitoring/user-workload,vllm-llama,55166.41933321953
2024-07-05 06:23:44.319999933,tgi_request_queue_duration_sum,http,10.128.4.170:8000,vllm-llama,fmaas-monitoring,vllm-llama-3,openshift-user-workload-monitoring/user-workload,vllm-llama,55195.75670695305
2024-07-05 06:23:49.319999933,tgi_request_queue_duration_sum,http,10.128.4.170:8000,vllm-llama,fmaas-monitoring,vllm-llama-3,openshift-user-workload-monitoring/user-workload,vllm-llama,55242.781739234924
2024-07-05 06:23:54.319999933,tgi_request_queue_duration_sum,http,10.128.4.170:8000,vllm-llama,fmaas-monitoring,vllm-llama-3,openshift-user-workload-monitoring/user-workload,vllm-llama,55249.31924843788
2024-07-05 06:23:59.319999933,tgi_request_queue_duration_sum,http,10.128.4.170:8000,vllm-llama,fmaas-monitoring,vllm-llama-3,openshift-user-workload-monitoring/user-workload,vllm-llama,55259.459418296814
2024-07-05 06:24:04.319999933,tgi_request_queue_duration_sum,http,10.128.4.170:8000,vllm-llama,fmaas-monitoring,vllm-llama-3,openshift-user-workload-monitoring/user-workload,vllm-llama,55325.572383880615
2024-07-05 06:24:09.319999933,tgi_request_queue_duration_sum,http,10.128.4.170:8000,vllm-llama,fmaas-monitoring,vllm-llama-3,openshift-user-workload-monitoring/user-workload,vllm-llama,55349.4145898819
2024-07-05 06:24:14.319999933,tgi_request_queue_duration_sum,http,10.128.4.170:8000,vllm-llama,fmaas-monitoring,vllm-llama-3,openshift-user-workload-monitoring/user-workload,vllm-llama,55352.48804283142
2024-07-05 06:24:19.319999933,tgi_request_queue_duration_sum,http,10.128.4.170:8000,vllm-llama,fmaas-monitoring,vllm-llama-3,openshift-user-workload-monitoring/user-workload,vllm-llama,55451.195162534714
2024-07-05 06:24:24.319999933,tgi_request_queue_duration_sum,http,10.128.4.170:8000,vllm-llama,fmaas-monitoring,vllm-llama-3,openshift-user-workload-monitoring/user-workload,vllm-llama,55461.39113497734
2024-07-05 06:24:29.319999933,tgi_request_queue_duration_sum,http,10.128.4.170:8000,vllm-llama,fmaas-monitoring,vllm-llama-3,openshift-user-workload-monitoring/user-workload,vllm-llama,55576.89508605003
2024-07-05 06:24:34.319999933,tgi_request_queue_duration_sum,http,10.128.4.170:8000,vllm-llama,fmaas-monitoring,vllm-llama-3,openshift-user-workload-monitoring/user-workload,vllm-llama,55918.64087724686
2024-07-05 06:24:39.319999933,tgi_request_queue_duration_sum,http,10.128.4.170:8000,vllm-llama,fmaas-monitoring,vllm-llama-3,openshift-user-workload-monitoring/user-workload,vllm-llama,55978.39043259621
2024-07-05 06:24:44.319999933,tgi_request_queue_duration_sum,http,10.128.4.170:8000,vllm-llama,fmaas-monitoring,vllm-llama-3,openshift-user-workload-monitoring/user-workload,vllm-llama,56082.96690273285
2024-07-05 06:24:49.319999933,tgi_request_queue_duration_sum,http,10.128.4.170:8000,vllm-llama,fmaas-monitoring,vllm-llama-3,openshift-user-workload-monitoring/user-workload,vllm-llama,56136.21568441391
2024-07-05 06:24:54.319999933,tgi_request_queue_duration_sum,http,10.128.4.170:8000,vllm-llama,fmaas-monitoring,vllm-llama-3,openshift-user-workload-monitoring/user-workload,vllm-llama,56149.45349407196
2024-07-05 06:24:59.319999933,tgi_request_queue_duration_sum,http,10.128.4.170:8000,vllm-llama,fmaas-monitoring,vllm-llama-3,openshift-user-workload-monitoring/user-workload,vllm-llama,56182.48836684227
2024-07-05 06:25:04.319999933,tgi_request_queue_duration_sum,http,10.128.4.170:8000,vllm-llama,fmaas-monitoring,vllm-llama-3,openshift-user-workload-monitoring/user-workload,vllm-llama,56186.16581606865
2024-07-05 06:25:09.319999933,tgi_request_queue_duration_sum,http,10.128.4.170:8000,vllm-llama,fmaas-monitoring,vllm-llama-3,openshift-user-workload-monitoring/user-workload,vllm-llama,56194.91015744209
2024-07-05 06:25:14.319999933,tgi_request_queue_duration_sum,http,10.128.4.170:8000,vllm-llama,fmaas-monitoring,vllm-llama-3,openshift-user-workload-monitoring/user-workload,vllm-llama,56215.14851975441
2024-07-05 06:25:19.319999933,tgi_request_queue_duration_sum,http,10.128.4.170:8000,vllm-llama,fmaas-monitoring,vllm-llama-3,openshift-user-workload-monitoring/user-workload,vllm-llama,56306.81276702881
2024-07-05 06:25:24.319999933,tgi_request_queue_duration_sum,http,10.128.4.170:8000,vllm-llama,fmaas-monitoring,vllm-llama-3,openshift-user-workload-monitoring/user-workload,vllm-llama,56331.92213869095
2024-07-05 06:25:29.319999933,tgi_request_queue_duration_sum,http,10.128.4.170:8000,vllm-llama,fmaas-monitoring,vllm-llama-3,openshift-user-workload-monitoring/user-workload,vllm-llama,56342.611350774765
2024-07-05 06:25:34.319999933,tgi_request_queue_duration_sum,http,10.128.4.170:8000,vllm-llama,fmaas-monitoring,vllm-llama-3,openshift-user-workload-monitoring/user-workload,vllm-llama,56350.44720840454
2024-07-05 06:25:39.319999933,tgi_request_queue_duration_sum,http,10.128.4.170:8000,vllm-llama,fmaas-monitoring,vllm-llama-3,openshift-user-workload-monitoring/user-workload,vllm-llama,56359.33426475525
2024-07-05 06:25:44.319999933,tgi_request_queue_duration_sum,http,10.128.4.170:8000,vllm-llama,fmaas-monitoring,vllm-llama-3,openshift-user-workload-monitoring/user-workload,vllm-llama,56438.663733005524
2024-07-05 06:25:49.319999933,tgi_request_queue_duration_sum,http,10.128.4.170:8000,vllm-llama,fmaas-monitoring,vllm-llama-3,openshift-user-workload-monitoring/user-workload,vllm-llama,56438.89165973663
2024-07-05 06:25:54.319999933,tgi_request_queue_duration_sum,http,10.128.4.170:8000,vllm-llama,fmaas-monitoring,vllm-llama-3,openshift-user-workload-monitoring/user-workload,vllm-llama,56473.344114780426
2024-07-05 06:25:59.319999933,tgi_request_queue_duration_sum,http,10.128.4.170:8000,vllm-llama,fmaas-monitoring,vllm-llama-3,openshift-user-workload-monitoring/user-workload,vllm-llama,56483.323206186295
2024-07-05 06:26:04.319999933,tgi_request_queue_duration_sum,http,10.128.4.170:8000,vllm-llama,fmaas-monitoring,vllm-llama-3,openshift-user-workload-monitoring/user-workload,vllm-llama,56489.32021570206
2024-07-05 06:26:09.319999933,tgi_request_queue_duration_sum,http,10.128.4.170:8000,vllm-llama,fmaas-monitoring,vllm-llama-3,openshift-user-workload-monitoring/user-workload,vllm-llama,56518.69676017761
2024-07-05 06:26:14.319999933,tgi_request_queue_duration_sum,http,10.128.4.170:8000,vllm-llama,fmaas-monitoring,vllm-llama-3,openshift-user-workload-monitoring/user-workload,vllm-llama,56528.72186565399
2024-07-05 06:26:19.319999933,tgi_request_queue_duration_sum,http,10.128.4.170:8000,vllm-llama,fmaas-monitoring,vllm-llama-3,openshift-user-workload-monitoring/user-workload,vllm-llama,56531.25324821472
2024-07-05 06:26:24.319999933,tgi_request_queue_duration_sum,http,10.128.4.170:8000,vllm-llama,fmaas-monitoring,vllm-llama-3,openshift-user-workload-monitoring/user-workload,vllm-llama,56542.547104120255
2024-07-05 06:26:29.319999933,tgi_request_queue_duration_sum,http,10.128.4.170:8000,vllm-llama,fmaas-monitoring,vllm-llama-3,openshift-user-workload-monitoring/user-workload,vllm-llama,56570.15383386612
2024-07-05 06:26:34.319999933,tgi_request_queue_duration_sum,http,10.128.4.170:8000,vllm-llama,fmaas-monitoring,vllm-llama-3,openshift-user-workload-monitoring/user-workload,vllm-llama,56580.988104104996
2024-07-05 06:26:39.319999933,tgi_request_queue_duration_sum,http,10.128.4.170:8000,vllm-llama,fmaas-monitoring,vllm-llama-3,openshift-user-workload-monitoring/user-workload,vllm-llama,56653.10691571236
2024-07-05 06:26:44.319999933,tgi_request_queue_duration_sum,http,10.128.4.170:8000,vllm-llama,fmaas-monitoring,vllm-llama-3,openshift-user-workload-monitoring/user-workload,vllm-llama,56699.5411901474
2024-07-05 06:26:49.319999933,tgi_request_queue_duration_sum,http,10.128.4.170:8000,vllm-llama,fmaas-monitoring,vllm-llama-3,openshift-user-workload-monitoring/user-workload,vllm-llama,56713.65758752823
2024-07-05 06:26:54.319999933,tgi_request_queue_duration_sum,http,10.128.4.170:8000,vllm-llama,fmaas-monitoring,vllm-llama-3,openshift-user-workload-monitoring/user-workload,vllm-llama,56733.848261117935
2024-07-05 06:26:59.319999933,tgi_request_queue_duration_sum,http,10.128.4.170:8000,vllm-llama,fmaas-monitoring,vllm-llama-3,openshift-user-workload-monitoring/user-workload,vllm-llama,56752.906507730484
2024-07-05 06:27:04.319999933,tgi_request_queue_duration_sum,http,10.128.4.170:8000,vllm-llama,fmaas-monitoring,vllm-llama-3,openshift-user-workload-monitoring/user-workload,vllm-llama,56756.08965969086
2024-07-05 06:27:09.319999933,tgi_request_queue_duration_sum,http,10.128.4.170:8000,vllm-llama,fmaas-monitoring,vllm-llama-3,openshift-user-workload-monitoring/user-workload,vllm-llama,56764.64833879471
2024-07-05 06:27:14.319999933,tgi_request_queue_duration_sum,http,10.128.4.170:8000,vllm-llama,fmaas-monitoring,vllm-llama-3,openshift-user-workload-monitoring/user-workload,vllm-llama,56769.08968567848
2024-07-05 06:27:19.319999933,tgi_request_queue_duration_sum,http,10.128.4.170:8000,vllm-llama,fmaas-monitoring,vllm-llama-3,openshift-user-workload-monitoring/user-workload,vllm-llama,56880.77090501785
2024-07-05 06:27:24.319999933,tgi_request_queue_duration_sum,http,10.128.4.170:8000,vllm-llama,fmaas-monitoring,vllm-llama-3,openshift-user-workload-monitoring/user-workload,vllm-llama,56979.84396696091
2024-07-05 06:27:29.319999933,tgi_request_queue_duration_sum,http,10.128.4.170:8000,vllm-llama,fmaas-monitoring,vllm-llama-3,openshift-user-workload-monitoring/user-workload,vllm-llama,56992.201942682266
2024-07-05 06:27:34.319999933,tgi_request_queue_duration_sum,http,10.128.4.170:8000,vllm-llama,fmaas-monitoring,vllm-llama-3,openshift-user-workload-monitoring/user-workload,vllm-llama,57000.41155600548
2024-07-05 06:27:39.319999933,tgi_request_queue_duration_sum,http,10.128.4.170:8000,vllm-llama,fmaas-monitoring,vllm-llama-3,openshift-user-workload-monitoring/user-workload,vllm-llama,57092.37607574463
2024-07-05 06:27:44.319999933,tgi_request_queue_duration_sum,http,10.128.4.170:8000,vllm-llama,fmaas-monitoring,vllm-llama-3,openshift-user-workload-monitoring/user-workload,vllm-llama,57108.56162571907
2024-07-05 06:27:49.319999933,tgi_request_queue_duration_sum,http,10.128.4.170:8000,vllm-llama,fmaas-monitoring,vllm-llama-3,openshift-user-workload-monitoring/user-workload,vllm-llama,57376.39054393768
2024-07-05 06:27:54.319999933,tgi_request_queue_duration_sum,http,10.128.4.170:8000,vllm-llama,fmaas-monitoring,vllm-llama-3,openshift-user-workload-monitoring/user-workload,vllm-llama,57379.77764773369
2024-07-05 06:27:59.319999933,tgi_request_queue_duration_sum,http,10.128.4.170:8000,vllm-llama,fmaas-monitoring,vllm-llama-3,openshift-user-workload-monitoring/user-workload,vllm-llama,57416.3013522625
2024-07-05 06:28:04.319999933,tgi_request_queue_duration_sum,http,10.128.4.170:8000,vllm-llama,fmaas-monitoring,vllm-llama-3,openshift-user-workload-monitoring/user-workload,vllm-llama,57435.2420630455
2024-07-05 06:28:09.319999933,tgi_request_queue_duration_sum,http,10.128.4.170:8000,vllm-llama,fmaas-monitoring,vllm-llama-3,openshift-user-workload-monitoring/user-workload,vllm-llama,57439.834641456604
2024-07-05 06:28:14.319999933,tgi_request_queue_duration_sum,http,10.128.4.170:8000,vllm-llama,fmaas-monitoring,vllm-llama-3,openshift-user-workload-monitoring/user-workload,vllm-llama,57444.10516858101
2024-07-05 06:28:19.325999975,tgi_request_queue_duration_sum,http,10.128.4.170:8000,vllm-llama,fmaas-monitoring,vllm-llama-3,openshift-user-workload-monitoring/user-workload,vllm-llama,57452.41650414467
2024-07-05 06:28:24.319999933,tgi_request_queue_duration_sum,http,10.128.4.170:8000,vllm-llama,fmaas-monitoring,vllm-llama-3,openshift-user-workload-monitoring/user-workload,vllm-llama,57456.33369922638
2024-07-05 06:28:29.319999933,tgi_request_queue_duration_sum,http,10.128.4.170:8000,vllm-llama,fmaas-monitoring,vllm-llama-3,openshift-user-workload-monitoring/user-workload,vllm-llama,57722.95106673241
2024-07-05 06:28:34.319999933,tgi_request_queue_duration_sum,http,10.128.4.170:8000,vllm-llama,fmaas-monitoring,vllm-llama-3,openshift-user-workload-monitoring/user-workload,vllm-llama,57754.58663535118
2024-07-05 06:28:39.319999933,tgi_request_queue_duration_sum,http,10.128.4.170:8000,vllm-llama,fmaas-monitoring,vllm-llama-3,openshift-user-workload-monitoring/user-workload,vllm-llama,57762.186225414276
2024-07-05 06:28:44.319999933,tgi_request_queue_duration_sum,http,10.128.4.170:8000,vllm-llama,fmaas-monitoring,vllm-llama-3,openshift-user-workload-monitoring/user-workload,vllm-llama,57773.43435931206
2024-07-05 06:28:49.319999933,tgi_request_queue_duration_sum,http,10.128.4.170:8000,vllm-llama,fmaas-monitoring,vllm-llama-3,openshift-user-workload-monitoring/user-workload,vllm-llama,57903.44888997078
2024-07-05 06:28:54.319999933,tgi_request_queue_duration_sum,http,10.128.4.170:8000,vllm-llama,fmaas-monitoring,vllm-llama-3,openshift-user-workload-monitoring/user-workload,vllm-llama,58118.66593194008
2024-07-05 06:28:59.319999933,tgi_request_queue_duration_sum,http,10.128.4.170:8000,vllm-llama,fmaas-monitoring,vllm-llama-3,openshift-user-workload-monitoring/user-workload,vllm-llama,58159.01663184166
2024-07-05 06:29:04.325999975,tgi_request_queue_duration_sum,http,10.128.4.170:8000,vllm-llama,fmaas-monitoring,vllm-llama-3,openshift-user-workload-monitoring/user-workload,vllm-llama,58207.53811311722
2024-07-05 06:29:09.319999933,tgi_request_queue_duration_sum,http,10.128.4.170:8000,vllm-llama,fmaas-monitoring,vllm-llama-3,openshift-user-workload-monitoring/user-workload,vllm-llama,58215.59958982468
2024-07-05 06:29:14.319999933,tgi_request_queue_duration_sum,http,10.128.4.170:8000,vllm-llama,fmaas-monitoring,vllm-llama-3,openshift-user-workload-monitoring/user-workload,vllm-llama,58218.83062052727
2024-07-05 06:29:19.319999933,tgi_request_queue_duration_sum,http,10.128.4.170:8000,vllm-llama,fmaas-monitoring,vllm-llama-3,openshift-user-workload-monitoring/user-workload,vllm-llama,58228.12453246117
2024-07-05 06:29:24.319999933,tgi_request_queue_duration_sum,http,10.128.4.170:8000,vllm-llama,fmaas-monitoring,vllm-llama-3,openshift-user-workload-monitoring/user-workload,vllm-llama,58234.908376932144
2024-07-05 06:29:29.319999933,tgi_request_queue_duration_sum,http,10.128.4.170:8000,vllm-llama,fmaas-monitoring,vllm-llama-3,openshift-user-workload-monitoring/user-workload,vllm-llama,58243.20016336441
2024-07-05 06:29:34.319999933,tgi_request_queue_duration_sum,http,10.128.4.170:8000,vllm-llama,fmaas-monitoring,vllm-llama-3,openshift-user-workload-monitoring/user-workload,vllm-llama,58250.83763003349
2024-07-05 06:29:39.319999933,tgi_request_queue_duration_sum,http,10.128.4.170:8000,vllm-llama,fmaas-monitoring,vllm-llama-3,openshift-user-workload-monitoring/user-workload,vllm-llama,58263.411712408066
2024-07-05 06:29:44.319999933,tgi_request_queue_duration_sum,http,10.128.4.170:8000,vllm-llama,fmaas-monitoring,vllm-llama-3,openshift-user-workload-monitoring/user-workload,vllm-llama,58274.078557252884
2024-07-05 06:29:49.319999933,tgi_request_queue_duration_sum,http,10.128.4.170:8000,vllm-llama,fmaas-monitoring,vllm-llama-3,openshift-user-workload-monitoring/user-workload,vllm-llama,58275.07936549187
2024-07-05 06:29:54.319999933,tgi_request_queue_duration_sum,http,10.128.4.170:8000,vllm-llama,fmaas-monitoring,vllm-llama-3,openshift-user-workload-monitoring/user-workload,vllm-llama,58279.84293174744
2024-07-05 06:29:59.319999933,tgi_request_queue_duration_sum,http,10.128.4.170:8000,vllm-llama,fmaas-monitoring,vllm-llama-3,openshift-user-workload-monitoring/user-workload,vllm-llama,58286.780072927475
2024-07-05 06:30:04.319999933,tgi_request_queue_duration_sum,http,10.128.4.170:8000,vllm-llama,fmaas-monitoring,vllm-llama-3,openshift-user-workload-monitoring/user-workload,vllm-llama,58288.37585449219
2024-07-05 06:30:09.319999933,tgi_request_queue_duration_sum,http,10.128.4.170:8000,vllm-llama,fmaas-monitoring,vllm-llama-3,openshift-user-workload-monitoring/user-workload,vllm-llama,58291.65588116646
2024-07-05 06:30:14.319999933,tgi_request_queue_duration_sum,http,10.128.4.170:8000,vllm-llama,fmaas-monitoring,vllm-llama-3,openshift-user-workload-monitoring/user-workload,vllm-llama,58300.30799531937
2024-07-05 06:30:19.319999933,tgi_request_queue_duration_sum,http,10.128.4.170:8000,vllm-llama,fmaas-monitoring,vllm-llama-3,openshift-user-workload-monitoring/user-workload,vllm-llama,58307.448043346405
2024-07-05 06:30:24.319999933,tgi_request_queue_duration_sum,http,10.128.4.170:8000,vllm-llama,fmaas-monitoring,vllm-llama-3,openshift-user-workload-monitoring/user-workload,vllm-llama,58339.39496278763
2024-07-05 06:30:29.319999933,tgi_request_queue_duration_sum,http,10.128.4.170:8000,vllm-llama,fmaas-monitoring,vllm-llama-3,openshift-user-workload-monitoring/user-workload,vllm-llama,58437.45972633362
2024-07-05 06:30:34.319999933,tgi_request_queue_duration_sum,http,10.128.4.170:8000,vllm-llama,fmaas-monitoring,vllm-llama-3,openshift-user-workload-monitoring/user-workload,vllm-llama,58448.84344983101
2024-07-05 06:30:39.319999933,tgi_request_queue_duration_sum,http,10.128.4.170:8000,vllm-llama,fmaas-monitoring,vllm-llama-3,openshift-user-workload-monitoring/user-workload,vllm-llama,58880.1279335022
2024-07-05 06:30:44.319999933,tgi_request_queue_duration_sum,http,10.128.4.170:8000,vllm-llama,fmaas-monitoring,vllm-llama-3,openshift-user-workload-monitoring/user-workload,vllm-llama,59435.59709978104
2024-07-05 06:30:49.319999933,tgi_request_queue_duration_sum,http,10.128.4.170:8000,vllm-llama,fmaas-monitoring,vllm-llama-3,openshift-user-workload-monitoring/user-workload,vllm-llama,59445.73787975311
2024-07-05 06:30:54.319999933,tgi_request_queue_duration_sum,http,10.128.4.170:8000,vllm-llama,fmaas-monitoring,vllm-llama-3,openshift-user-workload-monitoring/user-workload,vllm-llama,59466.70045900345
2024-07-05 06:30:59.319999933,tgi_request_queue_duration_sum,http,10.128.4.170:8000,vllm-llama,fmaas-monitoring,vllm-llama-3,openshift-user-workload-monitoring/user-workload,vllm-llama,59500.59695529938
2024-07-05 06:31:04.319999933,tgi_request_queue_duration_sum,http,10.128.4.170:8000,vllm-llama,fmaas-monitoring,vllm-llama-3,openshift-user-workload-monitoring/user-workload,vllm-llama,59510.3564453125
2024-07-05 06:31:09.319999933,tgi_request_queue_duration_sum,http,10.128.4.170:8000,vllm-llama,fmaas-monitoring,vllm-llama-3,openshift-user-workload-monitoring/user-workload,vllm-llama,59544.31047463417
2024-07-05 06:31:14.319999933,tgi_request_queue_duration_sum,http,10.128.4.170:8000,vllm-llama,fmaas-monitoring,vllm-llama-3,openshift-user-workload-monitoring/user-workload,vllm-llama,59553.479022979736
2024-07-05 06:31:19.319999933,tgi_request_queue_duration_sum,http,10.128.4.170:8000,vllm-llama,fmaas-monitoring,vllm-llama-3,openshift-user-workload-monitoring/user-workload,vllm-llama,59555.43651223183
2024-07-05 06:31:24.319999933,tgi_request_queue_duration_sum,http,10.128.4.170:8000,vllm-llama,fmaas-monitoring,vllm-llama-3,openshift-user-workload-monitoring/user-workload,vllm-llama,59568.783468961716
2024-07-05 06:31:29.319999933,tgi_request_queue_duration_sum,http,10.128.4.170:8000,vllm-llama,fmaas-monitoring,vllm-llama-3,openshift-user-workload-monitoring/user-workload,vllm-llama,59585.767590522766
2024-07-05 06:31:34.319999933,tgi_request_queue_duration_sum,http,10.128.4.170:8000,vllm-llama,fmaas-monitoring,vllm-llama-3,openshift-user-workload-monitoring/user-workload,vllm-llama,59612.43568778038
2024-07-05 06:31:39.319999933,tgi_request_queue_duration_sum,http,10.128.4.170:8000,vllm-llama,fmaas-monitoring,vllm-llama-3,openshift-user-workload-monitoring/user-workload,vllm-llama,59754.51391887665
2024-07-05 06:31:44.319999933,tgi_request_queue_duration_sum,http,10.128.4.170:8000,vllm-llama,fmaas-monitoring,vllm-llama-3,openshift-user-workload-monitoring/user-workload,vllm-llama,59763.878667354584
2024-07-05 06:31:49.319999933,tgi_request_queue_duration_sum,http,10.128.4.170:8000,vllm-llama,fmaas-monitoring,vllm-llama-3,openshift-user-workload-monitoring/user-workload,vllm-llama,59765.916294813156
2024-07-05 06:31:54.319999933,tgi_request_queue_duration_sum,http,10.128.4.170:8000,vllm-llama,fmaas-monitoring,vllm-llama-3,openshift-user-workload-monitoring/user-workload,vllm-llama,59894.43050742149
2024-07-05 06:31:59.319999933,tgi_request_queue_duration_sum,http,10.128.4.170:8000,vllm-llama,fmaas-monitoring,vllm-llama-3,openshift-user-workload-monitoring/user-workload,vllm-llama,59897.51150250435
2024-07-05 06:32:04.319999933,tgi_request_queue_duration_sum,http,10.128.4.170:8000,vllm-llama,fmaas-monitoring,vllm-llama-3,openshift-user-workload-monitoring/user-workload,vllm-llama,59903.41775250435
2024-07-05 06:32:09.319999933,tgi_request_queue_duration_sum,http,10.128.4.170:8000,vllm-llama,fmaas-monitoring,vllm-llama-3,openshift-user-workload-monitoring/user-workload,vllm-llama,59918.96438717842
2024-07-05 06:32:14.322999954,tgi_request_queue_duration_sum,http,10.128.4.170:8000,vllm-llama,fmaas-monitoring,vllm-llama-3,openshift-user-workload-monitoring/user-workload,vllm-llama,59980.574924468994
2024-07-05 06:32:19.319999933,tgi_request_queue_duration_sum,http,10.128.4.170:8000,vllm-llama,fmaas-monitoring,vllm-llama-3,openshift-user-workload-monitoring/user-workload,vllm-llama,60003.35161781311
2024-07-05 06:32:24.319999933,tgi_request_queue_duration_sum,http,10.128.4.170:8000,vllm-llama,fmaas-monitoring,vllm-llama-3,openshift-user-workload-monitoring/user-workload,vllm-llama,60007.03964304924
2024-07-05 06:32:29.319999933,tgi_request_queue_duration_sum,http,10.128.4.170:8000,vllm-llama,fmaas-monitoring,vllm-llama-3,openshift-user-workload-monitoring/user-workload,vllm-llama,60014.63395357132
2024-07-05 06:32:34.319999933,tgi_request_queue_duration_sum,http,10.128.4.170:8000,vllm-llama,fmaas-monitoring,vllm-llama-3,openshift-user-workload-monitoring/user-workload,vllm-llama,60024.79574036598
2024-07-05 06:32:39.319999933,tgi_request_queue_duration_sum,http,10.128.4.170:8000,vllm-llama,fmaas-monitoring,vllm-llama-3,openshift-user-workload-monitoring/user-workload,vllm-llama,60152.00908255577
2024-07-05 06:32:44.319999933,tgi_request_queue_duration_sum,http,10.128.4.170:8000,vllm-llama,fmaas-monitoring,vllm-llama-3,openshift-user-workload-monitoring/user-workload,vllm-llama,60282.991344213486
2024-07-05 06:32:49.319999933,tgi_request_queue_duration_sum,http,10.128.4.170:8000,vllm-llama,fmaas-monitoring,vllm-llama-3,openshift-user-workload-monitoring/user-workload,vllm-llama,60297.35357117653
2024-07-05 06:32:54.319999933,tgi_request_queue_duration_sum,http,10.128.4.170:8000,vllm-llama,fmaas-monitoring,vllm-llama-3,openshift-user-workload-monitoring/user-workload,vllm-llama,60302.72229075432
2024-07-05 06:32:59.319999933,tgi_request_queue_duration_sum,http,10.128.4.170:8000,vllm-llama,fmaas-monitoring,vllm-llama-3,openshift-user-workload-monitoring/user-workload,vllm-llama,60307.742277383804
2024-07-05 06:33:04.319999933,tgi_request_queue_duration_sum,http,10.128.4.170:8000,vllm-llama,fmaas-monitoring,vllm-llama-3,openshift-user-workload-monitoring/user-workload,vllm-llama,60318.845665454865
2024-07-05 06:33:09.319999933,tgi_request_queue_duration_sum,http,10.128.4.170:8000,vllm-llama,fmaas-monitoring,vllm-llama-3,openshift-user-workload-monitoring/user-workload,vllm-llama,60319.09693837166
2024-07-05 06:33:14.319999933,tgi_request_queue_duration_sum,http,10.128.4.170:8000,vllm-llama,fmaas-monitoring,vllm-llama-3,openshift-user-workload-monitoring/user-workload,vllm-llama,60358.91135454178
2024-07-05 06:33:19.319999933,tgi_request_queue_duration_sum,http,10.128.4.170:8000,vllm-llama,fmaas-monitoring,vllm-llama-3,openshift-user-workload-monitoring/user-workload,vllm-llama,60371.97387576103
2024-07-05 06:33:24.319999933,tgi_request_queue_duration_sum,http,10.128.4.170:8000,vllm-llama,fmaas-monitoring,vllm-llama-3,openshift-user-workload-monitoring/user-workload,vllm-llama,60380.22484707832
2024-07-05 06:33:29.319999933,tgi_request_queue_duration_sum,http,10.128.4.170:8000,vllm-llama,fmaas-monitoring,vllm-llama-3,openshift-user-workload-monitoring/user-workload,vllm-llama,60391.829080581665
2024-07-05 06:33:34.328999996,tgi_request_queue_duration_sum,http,10.128.4.170:8000,vllm-llama,fmaas-monitoring,vllm-llama-3,openshift-user-workload-monitoring/user-workload,vllm-llama,60431.41238331795
2024-07-05 06:33:39.319999933,tgi_request_queue_duration_sum,http,10.128.4.170:8000,vllm-llama,fmaas-monitoring,vllm-llama-3,openshift-user-workload-monitoring/user-workload,vllm-llama,60457.79008793831
2024-07-05 06:33:44.319999933,tgi_request_queue_duration_sum,http,10.128.4.170:8000,vllm-llama,fmaas-monitoring,vllm-llama-3,openshift-user-workload-monitoring/user-workload,vllm-llama,60482.118022441864
2024-07-05 06:33:49.319999933,tgi_request_queue_duration_sum,http,10.128.4.170:8000,vllm-llama,fmaas-monitoring,vllm-llama-3,openshift-user-workload-monitoring/user-workload,vllm-llama,60495.809544324875
2024-07-05 06:33:54.319999933,tgi_request_queue_duration_sum,http,10.128.4.170:8000,vllm-llama,fmaas-monitoring,vllm-llama-3,openshift-user-workload-monitoring/user-workload,vllm-llama,60514.23524880409
2024-07-05 06:33:59.323999882,tgi_request_queue_duration_sum,http,10.128.4.170:8000,vllm-llama,fmaas-monitoring,vllm-llama-3,openshift-user-workload-monitoring/user-workload,vllm-llama,60572.5403945446
2024-07-05 06:34:04.319999933,tgi_request_queue_duration_sum,http,10.128.4.170:8000,vllm-llama,fmaas-monitoring,vllm-llama-3,openshift-user-workload-monitoring/user-workload,vllm-llama,60596.45359992981
2024-07-05 06:34:09.319999933,tgi_request_queue_duration_sum,http,10.128.4.170:8000,vllm-llama,fmaas-monitoring,vllm-llama-3,openshift-user-workload-monitoring/user-workload,vllm-llama,60600.88557767868
2024-07-05 06:34:14.319999933,tgi_request_queue_duration_sum,http,10.128.4.170:8000,vllm-llama,fmaas-monitoring,vllm-llama-3,openshift-user-workload-monitoring/user-workload,vllm-llama,60601.77706241608
2024-07-05 06:34:19.319999933,tgi_request_queue_duration_sum,http,10.128.4.170:8000,vllm-llama,fmaas-monitoring,vllm-llama-3,openshift-user-workload-monitoring/user-workload,vllm-llama,60607.473495960236
2024-07-05 06:34:24.319999933,tgi_request_queue_duration_sum,http,10.128.4.170:8000,vllm-llama,fmaas-monitoring,vllm-llama-3,openshift-user-workload-monitoring/user-workload,vllm-llama,60609.46420049667
2024-07-05 06:34:29.319999933,tgi_request_queue_duration_sum,http,10.128.4.170:8000,vllm-llama,fmaas-monitoring,vllm-llama-3,openshift-user-workload-monitoring/user-workload,vllm-llama,60612.98264122009
2024-07-05 06:34:34.319999933,tgi_request_queue_duration_sum,http,10.128.4.170:8000,vllm-llama,fmaas-monitoring,vllm-llama-3,openshift-user-workload-monitoring/user-workload,vllm-llama,60624.0998749733
2024-07-05 06:34:39.319999933,tgi_request_queue_duration_sum,http,10.128.4.170:8000,vllm-llama,fmaas-monitoring,vllm-llama-3,openshift-user-workload-monitoring/user-workload,vllm-llama,60630.45256996155
2024-07-05 06:34:44.319999933,tgi_request_queue_duration_sum,http,10.128.4.170:8000,vllm-llama,fmaas-monitoring,vllm-llama-3,openshift-user-workload-monitoring/user-workload,vllm-llama,60638.962411642075
2024-07-05 06:34:49.319999933,tgi_request_queue_duration_sum,http,10.128.4.170:8000,vllm-llama,fmaas-monitoring,vllm-llama-3,openshift-user-workload-monitoring/user-workload,vllm-llama,60654.12696671486
2024-07-05 06:34:54.319999933,tgi_request_queue_duration_sum,http,10.128.4.170:8000,vllm-llama,fmaas-monitoring,vllm-llama-3,openshift-user-workload-monitoring/user-workload,vllm-llama,60680.19498848915
2024-07-05 06:34:59.319999933,tgi_request_queue_duration_sum,http,10.128.4.170:8000,vllm-llama,fmaas-monitoring,vllm-llama-3,openshift-user-workload-monitoring/user-workload,vllm-llama,60774.65267920494
2024-07-05 06:35:04.319999933,tgi_request_queue_duration_sum,http,10.128.4.170:8000,vllm-llama,fmaas-monitoring,vllm-llama-3,openshift-user-workload-monitoring/user-workload,vllm-llama,60777.90605688095
2024-07-05 06:35:09.319999933,tgi_request_queue_duration_sum,http,10.128.4.170:8000,vllm-llama,fmaas-monitoring,vllm-llama-3,openshift-user-workload-monitoring/user-workload,vllm-llama,60780.321643829346
2024-07-05 06:35:14.319999933,tgi_request_queue_duration_sum,http,10.128.4.170:8000,vllm-llama,fmaas-monitoring,vllm-llama-3,openshift-user-workload-monitoring/user-workload,vllm-llama,60783.689729213715
2024-07-05 06:35:19.319999933,tgi_request_queue_duration_sum,http,10.128.4.170:8000,vllm-llama,fmaas-monitoring,vllm-llama-3,openshift-user-workload-monitoring/user-workload,vllm-llama,60798.465029239655
2024-07-05 06:35:24.319999933,tgi_request_queue_duration_sum,http,10.128.4.170:8000,vllm-llama,fmaas-monitoring,vllm-llama-3,openshift-user-workload-monitoring/user-workload,vllm-llama,60940.21486449242
2024-07-05 06:35:29.319999933,tgi_request_queue_duration_sum,http,10.128.4.170:8000,vllm-llama,fmaas-monitoring,vllm-llama-3,openshift-user-workload-monitoring/user-workload,vllm-llama,60971.79967021942
2024-07-05 06:35:34.319999933,tgi_request_queue_duration_sum,http,10.128.4.170:8000,vllm-llama,fmaas-monitoring,vllm-llama-3,openshift-user-workload-monitoring/user-workload,vllm-llama,60977.80276250839
2024-07-05 06:35:39.319999933,tgi_request_queue_duration_sum,http,10.128.4.170:8000,vllm-llama,fmaas-monitoring,vllm-llama-3,openshift-user-workload-monitoring/user-workload,vllm-llama,61096.63778400421
2024-07-05 06:35:44.319999933,tgi_request_queue_duration_sum,http,10.128.4.170:8000,vllm-llama,fmaas-monitoring,vllm-llama-3,openshift-user-workload-monitoring/user-workload,vllm-llama,61127.1283762455
2024-07-05 06:35:49.319999933,tgi_request_queue_duration_sum,http,10.128.4.170:8000,vllm-llama,fmaas-monitoring,vllm-llama-3,openshift-user-workload-monitoring/user-workload,vllm-llama,61132.69745230675
2024-07-05 06:35:54.319999933,tgi_request_queue_duration_sum,http,10.128.4.170:8000,vllm-llama,fmaas-monitoring,vllm-llama-3,openshift-user-workload-monitoring/user-workload,vllm-llama,61309.50127744675
2024-07-05 06:35:59.319999933,tgi_request_queue_duration_sum,http,10.128.4.170:8000,vllm-llama,fmaas-monitoring,vllm-llama-3,openshift-user-workload-monitoring/user-workload,vllm-llama,61534.071477651596
2024-07-05 06:36:04.319999933,tgi_request_queue_duration_sum,http,10.128.4.170:8000,vllm-llama,fmaas-monitoring,vllm-llama-3,openshift-user-workload-monitoring/user-workload,vllm-llama,61595.9983561039
2024-07-05 06:36:09.319999933,tgi_request_queue_duration_sum,http,10.128.4.170:8000,vllm-llama,fmaas-monitoring,vllm-llama-3,openshift-user-workload-monitoring/user-workload,vllm-llama,61615.47117614746
2024-07-05 06:36:14.319999933,tgi_request_queue_duration_sum,http,10.128.4.170:8000,vllm-llama,fmaas-monitoring,vllm-llama-3,openshift-user-workload-monitoring/user-workload,vllm-llama,61628.6581556797
2024-07-05 06:36:19.319999933,tgi_request_queue_duration_sum,http,10.128.4.170:8000,vllm-llama,fmaas-monitoring,vllm-llama-3,openshift-user-workload-monitoring/user-workload,vllm-llama,61632.82005882263
2024-07-05 06:36:24.319999933,tgi_request_queue_duration_sum,http,10.128.4.170:8000,vllm-llama,fmaas-monitoring,vllm-llama-3,openshift-user-workload-monitoring/user-workload,vllm-llama,61640.45923995972
2024-07-05 06:36:29.319999933,tgi_request_queue_duration_sum,http,10.128.4.170:8000,vllm-llama,fmaas-monitoring,vllm-llama-3,openshift-user-workload-monitoring/user-workload,vllm-llama,61641.8585600853
2024-07-05 06:36:34.319999933,tgi_request_queue_duration_sum,http,10.128.4.170:8000,vllm-llama,fmaas-monitoring,vllm-llama-3,openshift-user-workload-monitoring/user-workload,vllm-llama,61649.525050640106
2024-07-05 06:36:39.319999933,tgi_request_queue_duration_sum,http,10.128.4.170:8000,vllm-llama,fmaas-monitoring,vllm-llama-3,openshift-user-workload-monitoring/user-workload,vllm-llama,61654.977430820465
2024-07-05 06:36:44.319999933,tgi_request_queue_duration_sum,http,10.128.4.170:8000,vllm-llama,fmaas-monitoring,vllm-llama-3,openshift-user-workload-monitoring/user-workload,vllm-llama,61657.33368754387
2024-07-05 06:36:49.319999933,tgi_request_queue_duration_sum,http,10.128.4.170:8000,vllm-llama,fmaas-monitoring,vllm-llama-3,openshift-user-workload-monitoring/user-workload,vllm-llama,61662.23765587807
2024-07-05 06:36:54.319999933,tgi_request_queue_duration_sum,http,10.128.4.170:8000,vllm-llama,fmaas-monitoring,vllm-llama-3,openshift-user-workload-monitoring/user-workload,vllm-llama,61720.26051592827
2024-07-05 06:36:59.319999933,tgi_request_queue_duration_sum,http,10.128.4.170:8000,vllm-llama,fmaas-monitoring,vllm-llama-3,openshift-user-workload-monitoring/user-workload,vllm-llama,61754.56883382797
2024-07-05 06:37:04.319999933,tgi_request_queue_duration_sum,http,10.128.4.170:8000,vllm-llama,fmaas-monitoring,vllm-llama-3,openshift-user-workload-monitoring/user-workload,vllm-llama,61781.88050174713
2024-07-05 06:37:09.319999933,tgi_request_queue_duration_sum,http,10.128.4.170:8000,vllm-llama,fmaas-monitoring,vllm-llama-3,openshift-user-workload-monitoring/user-workload,vllm-llama,61790.13739657402
2024-07-05 06:37:14.319999933,tgi_request_queue_duration_sum,http,10.128.4.170:8000,vllm-llama,fmaas-monitoring,vllm-llama-3,openshift-user-workload-monitoring/user-workload,vllm-llama,61796.645334243774
2024-07-05 06:37:19.319999933,tgi_request_queue_duration_sum,http,10.128.4.170:8000,vllm-llama,fmaas-monitoring,vllm-llama-3,openshift-user-workload-monitoring/user-workload,vllm-llama,61867.28481054306
2024-07-05 06:37:24.319999933,tgi_request_queue_duration_sum,http,10.128.4.170:8000,vllm-llama,fmaas-monitoring,vllm-llama-3,openshift-user-workload-monitoring/user-workload,vllm-llama,61926.229152441025
2024-07-05 06:37:29.319999933,tgi_request_queue_duration_sum,http,10.128.4.170:8000,vllm-llama,fmaas-monitoring,vllm-llama-3,openshift-user-workload-monitoring/user-workload,vllm-llama,61932.49715209007
2024-07-05 06:37:34.319999933,tgi_request_queue_duration_sum,http,10.128.4.170:8000,vllm-llama,fmaas-monitoring,vllm-llama-3,openshift-user-workload-monitoring/user-workload,vllm-llama,61934.60722112656
2024-07-05 06:37:39.319999933,tgi_request_queue_duration_sum,http,10.128.4.170:8000,vllm-llama,fmaas-monitoring,vllm-llama-3,openshift-user-workload-monitoring/user-workload,vllm-llama,61940.55454778671
2024-07-05 06:37:44.319999933,tgi_request_queue_duration_sum,http,10.128.4.170:8000,vllm-llama,fmaas-monitoring,vllm-llama-3,openshift-user-workload-monitoring/user-workload,vllm-llama,61961.43137359619
2024-07-05 06:37:49.319999933,tgi_request_queue_duration_sum,http,10.128.4.170:8000,vllm-llama,fmaas-monitoring,vllm-llama-3,openshift-user-workload-monitoring/user-workload,vllm-llama,62006.44162416458
2024-07-05 06:37:54.319999933,tgi_request_queue_duration_sum,http,10.128.4.170:8000,vllm-llama,fmaas-monitoring,vllm-llama-3,openshift-user-workload-monitoring/user-workload,vllm-llama,62013.44663667679
2024-07-05 06:37:59.319999933,tgi_request_queue_duration_sum,http,10.128.4.170:8000,vllm-llama,fmaas-monitoring,vllm-llama-3,openshift-user-workload-monitoring/user-workload,vllm-llama,62015.88523006439
2024-07-05 06:38:04.319999933,tgi_request_queue_duration_sum,http,10.128.4.170:8000,vllm-llama,fmaas-monitoring,vllm-llama-3,openshift-user-workload-monitoring/user-workload,vllm-llama,62045.75352025032
2024-07-05 06:38:09.319999933,tgi_request_queue_duration_sum,http,10.128.4.170:8000,vllm-llama,fmaas-monitoring,vllm-llama-3,openshift-user-workload-monitoring/user-workload,vllm-llama,62153.29374170303
2024-07-05 06:38:14.319999933,tgi_request_queue_duration_sum,http,10.128.4.170:8000,vllm-llama,fmaas-monitoring,vllm-llama-3,openshift-user-workload-monitoring/user-workload,vllm-llama,62213.58344459534
2024-07-05 06:38:19.319999933,tgi_request_queue_duration_sum,http,10.128.4.170:8000,vllm-llama,fmaas-monitoring,vllm-llama-3,openshift-user-workload-monitoring/user-workload,vllm-llama,62403.81347179413
2024-07-05 06:38:24.319999933,tgi_request_queue_duration_sum,http,10.128.4.170:8000,vllm-llama,fmaas-monitoring,vllm-llama-3,openshift-user-workload-monitoring/user-workload,vllm-llama,62488.750453948975
2024-07-05 06:38:29.319999933,tgi_request_queue_duration_sum,http,10.128.4.170:8000,vllm-llama,fmaas-monitoring,vllm-llama-3,openshift-user-workload-monitoring/user-workload,vllm-llama,62540.67736244202
2024-07-05 06:38:34.319999933,tgi_request_queue_duration_sum,http,10.128.4.170:8000,vllm-llama,fmaas-monitoring,vllm-llama-3,openshift-user-workload-monitoring/user-workload,vllm-llama,62591.88353729248
2024-07-05 06:38:39.319999933,tgi_request_queue_duration_sum,http,10.128.4.170:8000,vllm-llama,fmaas-monitoring,vllm-llama-3,openshift-user-workload-monitoring/user-workload,vllm-llama,62640.014545440674
2024-07-05 06:38:44.319999933,tgi_request_queue_duration_sum,http,10.128.4.170:8000,vllm-llama,fmaas-monitoring,vllm-llama-3,openshift-user-workload-monitoring/user-workload,vllm-llama,62712.69181442261
2024-07-05 06:38:49.319999933,tgi_request_queue_duration_sum,http,10.128.4.170:8000,vllm-llama,fmaas-monitoring,vllm-llama-3,openshift-user-workload-monitoring/user-workload,vllm-llama,62874.80109810829
2024-07-05 06:38:54.319999933,tgi_request_queue_duration_sum,http,10.128.4.170:8000,vllm-llama,fmaas-monitoring,vllm-llama-3,openshift-user-workload-monitoring/user-workload,vllm-llama,62978.21749281883
2024-07-05 06:38:59.319999933,tgi_request_queue_duration_sum,http,10.128.4.170:8000,vllm-llama,fmaas-monitoring,vllm-llama-3,openshift-user-workload-monitoring/user-workload,vllm-llama,63015.33236408234
2024-07-05 06:39:04.319999933,tgi_request_queue_duration_sum,http,10.128.4.170:8000,vllm-llama,fmaas-monitoring,vllm-llama-3,openshift-user-workload-monitoring/user-workload,vllm-llama,63019.243195056915
2024-07-05 06:39:09.319999933,tgi_request_queue_duration_sum,http,10.128.4.170:8000,vllm-llama,fmaas-monitoring,vllm-llama-3,openshift-user-workload-monitoring/user-workload,vllm-llama,63043.89716863632
2024-07-05 06:39:14.319999933,tgi_request_queue_duration_sum,http,10.128.4.170:8000,vllm-llama,fmaas-monitoring,vllm-llama-3,openshift-user-workload-monitoring/user-workload,vllm-llama,63073.72898507118
2024-07-05 06:39:19.319999933,tgi_request_queue_duration_sum,http,10.128.4.170:8000,vllm-llama,fmaas-monitoring,vllm-llama-3,openshift-user-workload-monitoring/user-workload,vllm-llama,63075.92701148987
2024-07-05 06:39:24.319999933,tgi_request_queue_duration_sum,http,10.128.4.170:8000,vllm-llama,fmaas-monitoring,vllm-llama-3,openshift-user-workload-monitoring/user-workload,vllm-llama,63077.66033196449
2024-07-05 06:39:29.319999933,tgi_request_queue_duration_sum,http,10.128.4.170:8000,vllm-llama,fmaas-monitoring,vllm-llama-3,openshift-user-workload-monitoring/user-workload,vllm-llama,63080.793612957
2024-07-05 06:39:34.319999933,tgi_request_queue_duration_sum,http,10.128.4.170:8000,vllm-llama,fmaas-monitoring,vllm-llama-3,openshift-user-workload-monitoring/user-workload,vllm-llama,63086.957379341125
2024-07-05 06:39:39.319999933,tgi_request_queue_duration_sum,http,10.128.4.170:8000,vllm-llama,fmaas-monitoring,vllm-llama-3,openshift-user-workload-monitoring/user-workload,vllm-llama,63091.58957886696
2024-07-05 06:39:44.319999933,tgi_request_queue_duration_sum,http,10.128.4.170:8000,vllm-llama,fmaas-monitoring,vllm-llama-3,openshift-user-workload-monitoring/user-workload,vllm-llama,63119.05075097084
2024-07-05 06:39:49.319999933,tgi_request_queue_duration_sum,http,10.128.4.170:8000,vllm-llama,fmaas-monitoring,vllm-llama-3,openshift-user-workload-monitoring/user-workload,vllm-llama,63189.37892961502
2024-07-05 06:39:54.319999933,tgi_request_queue_duration_sum,http,10.128.4.170:8000,vllm-llama,fmaas-monitoring,vllm-llama-3,openshift-user-workload-monitoring/user-workload,vllm-llama,63199.39107751846
2024-07-05 06:39:59.319999933,tgi_request_queue_duration_sum,http,10.128.4.170:8000,vllm-llama,fmaas-monitoring,vllm-llama-3,openshift-user-workload-monitoring/user-workload,vllm-llama,63201.3717956543
2024-07-05 06:40:04.319999933,tgi_request_queue_duration_sum,http,10.128.4.170:8000,vllm-llama,fmaas-monitoring,vllm-llama-3,openshift-user-workload-monitoring/user-workload,vllm-llama,63203.741574048996
2024-07-05 06:40:09.319999933,tgi_request_queue_duration_sum,http,10.128.4.170:8000,vllm-llama,fmaas-monitoring,vllm-llama-3,openshift-user-workload-monitoring/user-workload,vllm-llama,63232.000663518906
2024-07-05 06:40:14.319999933,tgi_request_queue_duration_sum,http,10.128.4.170:8000,vllm-llama,fmaas-monitoring,vllm-llama-3,openshift-user-workload-monitoring/user-workload,vllm-llama,63299.226021528244
2024-07-05 06:40:19.319999933,tgi_request_queue_duration_sum,http,10.128.4.170:8000,vllm-llama,fmaas-monitoring,vllm-llama-3,openshift-user-workload-monitoring/user-workload,vllm-llama,63356.73820900917
2024-07-05 06:40:24.319999933,tgi_request_queue_duration_sum,http,10.128.4.170:8000,vllm-llama,fmaas-monitoring,vllm-llama-3,openshift-user-workload-monitoring/user-workload,vllm-llama,63364.76724028587
2024-07-05 06:40:29.328999996,tgi_request_queue_duration_sum,http,10.128.4.170:8000,vllm-llama,fmaas-monitoring,vllm-llama-3,openshift-user-workload-monitoring/user-workload,vllm-llama,63379.55894637108
2024-07-05 06:40:34.319999933,tgi_request_queue_duration_sum,http,10.128.4.170:8000,vllm-llama,fmaas-monitoring,vllm-llama-3,openshift-user-workload-monitoring/user-workload,vllm-llama,63399.795083761215
2024-07-05 06:40:39.319999933,tgi_request_queue_duration_sum,http,10.128.4.170:8000,vllm-llama,fmaas-monitoring,vllm-llama-3,openshift-user-workload-monitoring/user-workload,vllm-llama,63435.57554626465
2024-07-05 06:40:44.319999933,tgi_request_queue_duration_sum,http,10.128.4.170:8000,vllm-llama,fmaas-monitoring,vllm-llama-3,openshift-user-workload-monitoring/user-workload,vllm-llama,63552.24085021019
2024-07-05 06:40:49.319999933,tgi_request_queue_duration_sum,http,10.128.4.170:8000,vllm-llama,fmaas-monitoring,vllm-llama-3,openshift-user-workload-monitoring/user-workload,vllm-llama,63571.768654346466
2024-07-05 06:40:54.319999933,tgi_request_queue_duration_sum,http,10.128.4.170:8000,vllm-llama,fmaas-monitoring,vllm-llama-3,openshift-user-workload-monitoring/user-workload,vllm-llama,63571.9059844017
2024-07-05 06:40:59.319999933,tgi_request_queue_duration_sum,http,10.128.4.170:8000,vllm-llama,fmaas-monitoring,vllm-llama-3,openshift-user-workload-monitoring/user-workload,vllm-llama,63571.9059844017
2024-07-05 06:41:04.319999933,tgi_request_queue_duration_sum,http,10.128.4.170:8000,vllm-llama,fmaas-monitoring,vllm-llama-3,openshift-user-workload-monitoring/user-workload,vllm-llama,63607.34286260605
2024-07-05 06:41:09.319999933,tgi_request_queue_duration_sum,http,10.128.4.170:8000,vllm-llama,fmaas-monitoring,vllm-llama-3,openshift-user-workload-monitoring/user-workload,vllm-llama,63607.399305820465
2024-07-05 06:41:14.319999933,tgi_request_queue_duration_sum,http,10.128.4.170:8000,vllm-llama,fmaas-monitoring,vllm-llama-3,openshift-user-workload-monitoring/user-workload,vllm-llama,63649.47299814224
2024-07-05 06:41:19.325999975,tgi_request_queue_duration_sum,http,10.128.4.170:8000,vllm-llama,fmaas-monitoring,vllm-llama-3,openshift-user-workload-monitoring/user-workload,vllm-llama,63656.35061836243
2024-07-05 06:41:24.319999933,tgi_request_queue_duration_sum,http,10.128.4.170:8000,vllm-llama,fmaas-monitoring,vllm-llama-3,openshift-user-workload-monitoring/user-workload,vllm-llama,63668.27262592316
2024-07-05 06:41:29.319999933,tgi_request_queue_duration_sum,http,10.128.4.170:8000,vllm-llama,fmaas-monitoring,vllm-llama-3,openshift-user-workload-monitoring/user-workload,vllm-llama,63670.78881263733
2024-07-05 06:41:34.319999933,tgi_request_queue_duration_sum,http,10.128.4.170:8000,vllm-llama,fmaas-monitoring,vllm-llama-3,openshift-user-workload-monitoring/user-workload,vllm-llama,63679.73896431923
2024-07-05 06:41:39.319999933,tgi_request_queue_duration_sum,http,10.128.4.170:8000,vllm-llama,fmaas-monitoring,vllm-llama-3,openshift-user-workload-monitoring/user-workload,vllm-llama,63683.18767261505
2024-07-05 06:41:44.319999933,tgi_request_queue_duration_sum,http,10.128.4.170:8000,vllm-llama,fmaas-monitoring,vllm-llama-3,openshift-user-workload-monitoring/user-workload,vllm-llama,63683.251803159714
2024-07-05 06:41:49.319999933,tgi_request_queue_duration_sum,http,10.128.4.170:8000,vllm-llama,fmaas-monitoring,vllm-llama-3,openshift-user-workload-monitoring/user-workload,vllm-llama,63683.268679618835
2024-07-05 06:41:54.319999933,tgi_request_queue_duration_sum,http,10.128.4.170:8000,vllm-llama,fmaas-monitoring,vllm-llama-3,openshift-user-workload-monitoring/user-workload,vllm-llama,63776.092625141144
2024-07-05 06:41:59.319999933,tgi_request_queue_duration_sum,http,10.128.4.170:8000,vllm-llama,fmaas-monitoring,vllm-llama-3,openshift-user-workload-monitoring/user-workload,vllm-llama,63856.27904486656
2024-07-05 06:42:04.319999933,tgi_request_queue_duration_sum,http,10.128.4.170:8000,vllm-llama,fmaas-monitoring,vllm-llama-3,openshift-user-workload-monitoring/user-workload,vllm-llama,63871.89690327644
2024-07-05 06:42:09.319999933,tgi_request_queue_duration_sum,http,10.128.4.170:8000,vllm-llama,fmaas-monitoring,vllm-llama-3,openshift-user-workload-monitoring/user-workload,vllm-llama,63877.21071887016
2024-07-05 06:42:14.319999933,tgi_request_queue_duration_sum,http,10.128.4.170:8000,vllm-llama,fmaas-monitoring,vllm-llama-3,openshift-user-workload-monitoring/user-workload,vllm-llama,63877.39509129524
2024-07-05 06:42:19.319999933,tgi_request_queue_duration_sum,http,10.128.4.170:8000,vllm-llama,fmaas-monitoring,vllm-llama-3,openshift-user-workload-monitoring/user-workload,vllm-llama,63882.806916475296
2024-07-05 06:42:24.319999933,tgi_request_queue_duration_sum,http,10.128.4.170:8000,vllm-llama,fmaas-monitoring,vllm-llama-3,openshift-user-workload-monitoring/user-workload,vllm-llama,63884.90038776398
2024-07-05 06:42:29.319999933,tgi_request_queue_duration_sum,http,10.128.4.170:8000,vllm-llama,fmaas-monitoring,vllm-llama-3,openshift-user-workload-monitoring/user-workload,vllm-llama,63888.757925987244
2024-07-05 06:42:34.319999933,tgi_request_queue_duration_sum,http,10.128.4.170:8000,vllm-llama,fmaas-monitoring,vllm-llama-3,openshift-user-workload-monitoring/user-workload,vllm-llama,63893.356018066406
2024-07-05 06:42:39.319999933,tgi_request_queue_duration_sum,http,10.128.4.170:8000,vllm-llama,fmaas-monitoring,vllm-llama-3,openshift-user-workload-monitoring/user-workload,vllm-llama,63899.70624232292
2024-07-05 06:42:44.319999933,tgi_request_queue_duration_sum,http,10.128.4.170:8000,vllm-llama,fmaas-monitoring,vllm-llama-3,openshift-user-workload-monitoring/user-workload,vllm-llama,63932.068814992905
2024-07-05 06:42:49.319999933,tgi_request_queue_duration_sum,http,10.128.4.170:8000,vllm-llama,fmaas-monitoring,vllm-llama-3,openshift-user-workload-monitoring/user-workload,vllm-llama,63965.27237415314
2024-07-05 06:42:54.319999933,tgi_request_queue_duration_sum,http,10.128.4.170:8000,vllm-llama,fmaas-monitoring,vllm-llama-3,openshift-user-workload-monitoring/user-workload,vllm-llama,64142.16310477257
2024-07-05 06:42:59.319999933,tgi_request_queue_duration_sum,http,10.128.4.170:8000,vllm-llama,fmaas-monitoring,vllm-llama-3,openshift-user-workload-monitoring/user-workload,vllm-llama,64194.199263334274
2024-07-05 06:43:04.319999933,tgi_request_queue_duration_sum,http,10.128.4.170:8000,vllm-llama,fmaas-monitoring,vllm-llama-3,openshift-user-workload-monitoring/user-workload,vllm-llama,64204.91470861435
2024-07-05 06:43:09.319999933,tgi_request_queue_duration_sum,http,10.128.4.170:8000,vllm-llama,fmaas-monitoring,vllm-llama-3,openshift-user-workload-monitoring/user-workload,vllm-llama,64205.151069164276
2024-07-05 06:43:14.319999933,tgi_request_queue_duration_sum,http,10.128.4.170:8000,vllm-llama,fmaas-monitoring,vllm-llama-3,openshift-user-workload-monitoring/user-workload,vllm-llama,64280.05123877525
2024-07-05 06:43:19.319999933,tgi_request_queue_duration_sum,http,10.128.4.170:8000,vllm-llama,fmaas-monitoring,vllm-llama-3,openshift-user-workload-monitoring/user-workload,vllm-llama,64331.455924749374
2024-07-05 06:43:24.319999933,tgi_request_queue_duration_sum,http,10.128.4.170:8000,vllm-llama,fmaas-monitoring,vllm-llama-3,openshift-user-workload-monitoring/user-workload,vllm-llama,64421.814792871475
2024-07-05 06:43:29.325000048,tgi_request_queue_duration_sum,http,10.128.4.170:8000,vllm-llama,fmaas-monitoring,vllm-llama-3,openshift-user-workload-monitoring/user-workload,vllm-llama,64425.200056791306
2024-07-05 06:43:34.319999933,tgi_request_queue_duration_sum,http,10.128.4.170:8000,vllm-llama,fmaas-monitoring,vllm-llama-3,openshift-user-workload-monitoring/user-workload,vllm-llama,64425.305164813995
2024-07-05 06:43:39.319999933,tgi_request_queue_duration_sum,http,10.128.4.170:8000,vllm-llama,fmaas-monitoring,vllm-llama-3,openshift-user-workload-monitoring/user-workload,vllm-llama,64476.75506234169
2024-07-05 06:43:44.319999933,tgi_request_queue_duration_sum,http,10.128.4.170:8000,vllm-llama,fmaas-monitoring,vllm-llama-3,openshift-user-workload-monitoring/user-workload,vllm-llama,64529.92623591423
2024-07-05 06:43:49.319999933,tgi_request_queue_duration_sum,http,10.128.4.170:8000,vllm-llama,fmaas-monitoring,vllm-llama-3,openshift-user-workload-monitoring/user-workload,vllm-llama,64530.86949133873
2024-07-05 06:43:54.319999933,tgi_request_queue_duration_sum,http,10.128.4.170:8000,vllm-llama,fmaas-monitoring,vllm-llama-3,openshift-user-workload-monitoring/user-workload,vllm-llama,64533.840173482895
2024-07-05 06:43:59.329999924,tgi_request_queue_duration_sum,http,10.128.4.170:8000,vllm-llama,fmaas-monitoring,vllm-llama-3,openshift-user-workload-monitoring/user-workload,vllm-llama,64543.41616463661
2024-07-05 06:44:04.319999933,tgi_request_queue_duration_sum,http,10.128.4.170:8000,vllm-llama,fmaas-monitoring,vllm-llama-3,openshift-user-workload-monitoring/user-workload,vllm-llama,64543.51694750786
2024-07-05 06:44:09.319999933,tgi_request_queue_duration_sum,http,10.128.4.170:8000,vllm-llama,fmaas-monitoring,vllm-llama-3,openshift-user-workload-monitoring/user-workload,vllm-llama,64563.03649020195
2024-07-05 06:44:14.332000017,tgi_request_queue_duration_sum,http,10.128.4.170:8000,vllm-llama,fmaas-monitoring,vllm-llama-3,openshift-user-workload-monitoring/user-workload,vllm-llama,64612.41718363762
2024-07-05 06:44:19.319999933,tgi_request_queue_duration_sum,http,10.128.4.170:8000,vllm-llama,fmaas-monitoring,vllm-llama-3,openshift-user-workload-monitoring/user-workload,vllm-llama,64626.68559503555
2024-07-05 06:44:24.319999933,tgi_request_queue_duration_sum,http,10.128.4.170:8000,vllm-llama,fmaas-monitoring,vllm-llama-3,openshift-user-workload-monitoring/user-workload,vllm-llama,65022.34918308258
2024-07-05 06:44:29.319999933,tgi_request_queue_duration_sum,http,10.128.4.170:8000,vllm-llama,fmaas-monitoring,vllm-llama-3,openshift-user-workload-monitoring/user-workload,vllm-llama,65025.276846408844
2024-07-05 06:44:34.319999933,tgi_request_queue_duration_sum,http,10.128.4.170:8000,vllm-llama,fmaas-monitoring,vllm-llama-3,openshift-user-workload-monitoring/user-workload,vllm-llama,65025.32510685921
2024-07-05 06:44:39.319999933,tgi_request_queue_duration_sum,http,10.128.4.170:8000,vllm-llama,fmaas-monitoring,vllm-llama-3,openshift-user-workload-monitoring/user-workload,vllm-llama,65027.894886016846
2024-07-05 06:44:44.319999933,tgi_request_queue_duration_sum,http,10.128.4.170:8000,vllm-llama,fmaas-monitoring,vllm-llama-3,openshift-user-workload-monitoring/user-workload,vllm-llama,65031.81586933136
2024-07-05 06:44:49.319999933,tgi_request_queue_duration_sum,http,10.128.4.170:8000,vllm-llama,fmaas-monitoring,vllm-llama-3,openshift-user-workload-monitoring/user-workload,vllm-llama,65034.08479166031
2024-07-05 06:44:54.319999933,tgi_request_queue_duration_sum,http,10.128.4.170:8000,vllm-llama,fmaas-monitoring,vllm-llama-3,openshift-user-workload-monitoring/user-workload,vllm-llama,65178.360579013824
2024-07-05 06:44:59.319999933,tgi_request_queue_duration_sum,http,10.128.4.170:8000,vllm-llama,fmaas-monitoring,vllm-llama-3,openshift-user-workload-monitoring/user-workload,vllm-llama,65235.929346084595
2024-07-05 06:45:04.319999933,tgi_request_queue_duration_sum,http,10.128.4.170:8000,vllm-llama,fmaas-monitoring,vllm-llama-3,openshift-user-workload-monitoring/user-workload,vllm-llama,65307.004787921906
2024-07-05 06:45:09.319999933,tgi_request_queue_duration_sum,http,10.128.4.170:8000,vllm-llama,fmaas-monitoring,vllm-llama-3,openshift-user-workload-monitoring/user-workload,vllm-llama,65307.24861192703
2024-07-05 06:45:14.319999933,tgi_request_queue_duration_sum,http,10.128.4.170:8000,vllm-llama,fmaas-monitoring,vllm-llama-3,openshift-user-workload-monitoring/user-workload,vllm-llama,65307.28553557396
2024-07-05 06:45:19.319999933,tgi_request_queue_duration_sum,http,10.128.4.170:8000,vllm-llama,fmaas-monitoring,vllm-llama-3,openshift-user-workload-monitoring/user-workload,vllm-llama,65310.41427516937
2024-07-05 06:45:24.319999933,tgi_request_queue_duration_sum,http,10.128.4.170:8000,vllm-llama,fmaas-monitoring,vllm-llama-3,openshift-user-workload-monitoring/user-workload,vllm-llama,65315.50225710869
2024-07-05 06:45:29.319999933,tgi_request_queue_duration_sum,http,10.128.4.170:8000,vllm-llama,fmaas-monitoring,vllm-llama-3,openshift-user-workload-monitoring/user-workload,vllm-llama,65375.9304831028
2024-07-05 06:45:34.319999933,tgi_request_queue_duration_sum,http,10.128.4.170:8000,vllm-llama,fmaas-monitoring,vllm-llama-3,openshift-user-workload-monitoring/user-workload,vllm-llama,65390.12506318092
2024-07-05 06:45:39.319999933,tgi_request_queue_duration_sum,http,10.128.4.170:8000,vllm-llama,fmaas-monitoring,vllm-llama-3,openshift-user-workload-monitoring/user-workload,vllm-llama,65392.74549341202
2024-07-05 06:45:44.319999933,tgi_request_queue_duration_sum,http,10.128.4.170:8000,vllm-llama,fmaas-monitoring,vllm-llama-3,openshift-user-workload-monitoring/user-workload,vllm-llama,65438.7771730423
2024-07-05 06:45:49.319999933,tgi_request_queue_duration_sum,http,10.128.4.170:8000,vllm-llama,fmaas-monitoring,vllm-llama-3,openshift-user-workload-monitoring/user-workload,vllm-llama,65438.85795760155
2024-07-05 06:45:54.319999933,tgi_request_queue_duration_sum,http,10.128.4.170:8000,vllm-llama,fmaas-monitoring,vllm-llama-3,openshift-user-workload-monitoring/user-workload,vllm-llama,65439.076397657394
2024-07-05 06:45:59.319999933,tgi_request_queue_duration_sum,http,10.128.4.170:8000,vllm-llama,fmaas-monitoring,vllm-llama-3,openshift-user-workload-monitoring/user-workload,vllm-llama,65439.18728804588
2024-07-05 06:46:04.319999933,tgi_request_queue_duration_sum,http,10.128.4.170:8000,vllm-llama,fmaas-monitoring,vllm-llama-3,openshift-user-workload-monitoring/user-workload,vllm-llama,65439.18728804588
2024-07-05 06:46:09.319999933,tgi_request_queue_duration_sum,http,10.128.4.170:8000,vllm-llama,fmaas-monitoring,vllm-llama-3,openshift-user-workload-monitoring/user-workload,vllm-llama,65439.18728804588
2024-07-05 06:46:14.319999933,tgi_request_queue_duration_sum,http,10.128.4.170:8000,vllm-llama,fmaas-monitoring,vllm-llama-3,openshift-user-workload-monitoring/user-workload,vllm-llama,65447.96525812149
2024-07-05 06:46:19.319999933,tgi_request_queue_duration_sum,http,10.128.4.170:8000,vllm-llama,fmaas-monitoring,vllm-llama-3,openshift-user-workload-monitoring/user-workload,vllm-llama,65471.197776556015
2024-07-05 06:46:24.319999933,tgi_request_queue_duration_sum,http,10.128.4.170:8000,vllm-llama,fmaas-monitoring,vllm-llama-3,openshift-user-workload-monitoring/user-workload,vllm-llama,65494.56425976753
2024-07-05 06:46:29.319999933,tgi_request_queue_duration_sum,http,10.128.4.170:8000,vllm-llama,fmaas-monitoring,vllm-llama-3,openshift-user-workload-monitoring/user-workload,vllm-llama,65509.24078178406
2024-07-05 06:46:34.319999933,tgi_request_queue_duration_sum,http,10.128.4.170:8000,vllm-llama,fmaas-monitoring,vllm-llama-3,openshift-user-workload-monitoring/user-workload,vllm-llama,65513.25973510742
2024-07-05 06:46:39.322999954,tgi_request_queue_duration_sum,http,10.128.4.170:8000,vllm-llama,fmaas-monitoring,vllm-llama-3,openshift-user-workload-monitoring/user-workload,vllm-llama,65513.425555706024
2024-07-05 06:46:44.319999933,tgi_request_queue_duration_sum,http,10.128.4.170:8000,vllm-llama,fmaas-monitoring,vllm-llama-3,openshift-user-workload-monitoring/user-workload,vllm-llama,65548.4373934269
2024-07-05 06:46:49.319999933,tgi_request_queue_duration_sum,http,10.128.4.170:8000,vllm-llama,fmaas-monitoring,vllm-llama-3,openshift-user-workload-monitoring/user-workload,vllm-llama,65548.5474832058
2024-07-05 06:46:54.319999933,tgi_request_queue_duration_sum,http,10.128.4.170:8000,vllm-llama,fmaas-monitoring,vllm-llama-3,openshift-user-workload-monitoring/user-workload,vllm-llama,65607.63796854019
2024-07-05 06:46:59.319999933,tgi_request_queue_duration_sum,http,10.128.4.170:8000,vllm-llama,fmaas-monitoring,vllm-llama-3,openshift-user-workload-monitoring/user-workload,vllm-llama,65609.40477991104
2024-07-05 06:47:04.319999933,tgi_request_queue_duration_sum,http,10.128.4.170:8000,vllm-llama,fmaas-monitoring,vllm-llama-3,openshift-user-workload-monitoring/user-workload,vllm-llama,65610.00452709198
2024-07-05 06:47:09.319999933,tgi_request_queue_duration_sum,http,10.128.4.170:8000,vllm-llama,fmaas-monitoring,vllm-llama-3,openshift-user-workload-monitoring/user-workload,vllm-llama,65628.66803598404
2024-07-05 06:47:14.319999933,tgi_request_queue_duration_sum,http,10.128.4.170:8000,vllm-llama,fmaas-monitoring,vllm-llama-3,openshift-user-workload-monitoring/user-workload,vllm-llama,65633.9761004448
2024-07-05 06:47:19.319999933,tgi_request_queue_duration_sum,http,10.128.4.170:8000,vllm-llama,fmaas-monitoring,vllm-llama-3,openshift-user-workload-monitoring/user-workload,vllm-llama,65641.94623613358
2024-07-05 06:47:24.319999933,tgi_request_queue_duration_sum,http,10.128.4.170:8000,vllm-llama,fmaas-monitoring,vllm-llama-3,openshift-user-workload-monitoring/user-workload,vllm-llama,65656.65299415588
2024-07-05 06:47:29.319999933,tgi_request_queue_duration_sum,http,10.128.4.170:8000,vllm-llama,fmaas-monitoring,vllm-llama-3,openshift-user-workload-monitoring/user-workload,vllm-llama,65660.42032170296
2024-07-05 06:47:34.319999933,tgi_request_queue_duration_sum,http,10.128.4.170:8000,vllm-llama,fmaas-monitoring,vllm-llama-3,openshift-user-workload-monitoring/user-workload,vllm-llama,65664.9001121521
2024-07-05 06:47:39.319999933,tgi_request_queue_duration_sum,http,10.128.4.170:8000,vllm-llama,fmaas-monitoring,vllm-llama-3,openshift-user-workload-monitoring/user-workload,vllm-llama,65668.49020123482
2024-07-05 06:47:44.319999933,tgi_request_queue_duration_sum,http,10.128.4.170:8000,vllm-llama,fmaas-monitoring,vllm-llama-3,openshift-user-workload-monitoring/user-workload,vllm-llama,65724.500061512
2024-07-05 06:47:49.319999933,tgi_request_queue_duration_sum,http,10.128.4.170:8000,vllm-llama,fmaas-monitoring,vllm-llama-3,openshift-user-workload-monitoring/user-workload,vllm-llama,65769.45021533966
2024-07-05 06:47:54.319999933,tgi_request_queue_duration_sum,http,10.128.4.170:8000,vllm-llama,fmaas-monitoring,vllm-llama-3,openshift-user-workload-monitoring/user-workload,vllm-llama,65814.95249414444
2024-07-05 06:47:59.319999933,tgi_request_queue_duration_sum,http,10.128.4.170:8000,vllm-llama,fmaas-monitoring,vllm-llama-3,openshift-user-workload-monitoring/user-workload,vllm-llama,65836.85685539246
2024-07-05 06:48:04.319999933,tgi_request_queue_duration_sum,http,10.128.4.170:8000,vllm-llama,fmaas-monitoring,vllm-llama-3,openshift-user-workload-monitoring/user-workload,vllm-llama,65842.74480295181
2024-07-05 06:48:09.319999933,tgi_request_queue_duration_sum,http,10.128.4.170:8000,vllm-llama,fmaas-monitoring,vllm-llama-3,openshift-user-workload-monitoring/user-workload,vllm-llama,65858.80451607704
2024-07-05 06:48:14.319999933,tgi_request_queue_duration_sum,http,10.128.4.170:8000,vllm-llama,fmaas-monitoring,vllm-llama-3,openshift-user-workload-monitoring/user-workload,vllm-llama,65862.1043972969
2024-07-05 06:48:19.319999933,tgi_request_queue_duration_sum,http,10.128.4.170:8000,vllm-llama,fmaas-monitoring,vllm-llama-3,openshift-user-workload-monitoring/user-workload,vllm-llama,65862.1043972969
2024-07-05 06:48:24.319999933,tgi_request_queue_duration_sum,http,10.128.4.170:8000,vllm-llama,fmaas-monitoring,vllm-llama-3,openshift-user-workload-monitoring/user-workload,vllm-llama,65862.11012506485
2024-07-05 06:48:29.319999933,tgi_request_queue_duration_sum,http,10.128.4.170:8000,vllm-llama,fmaas-monitoring,vllm-llama-3,openshift-user-workload-monitoring/user-workload,vllm-llama,65862.169485569
2024-07-05 06:48:34.319999933,tgi_request_queue_duration_sum,http,10.128.4.170:8000,vllm-llama,fmaas-monitoring,vllm-llama-3,openshift-user-workload-monitoring/user-workload,vllm-llama,65864.29513955116
2024-07-05 06:48:39.319999933,tgi_request_queue_duration_sum,http,10.128.4.170:8000,vllm-llama,fmaas-monitoring,vllm-llama-3,openshift-user-workload-monitoring/user-workload,vllm-llama,65866.57946634293
2024-07-05 06:48:44.319999933,tgi_request_queue_duration_sum,http,10.128.4.170:8000,vllm-llama,fmaas-monitoring,vllm-llama-3,openshift-user-workload-monitoring/user-workload,vllm-llama,65879.24610924721
2024-07-05 06:48:49.319999933,tgi_request_queue_duration_sum,http,10.128.4.170:8000,vllm-llama,fmaas-monitoring,vllm-llama-3,openshift-user-workload-monitoring/user-workload,vllm-llama,65921.08548283577
2024-07-05 06:48:54.319999933,tgi_request_queue_duration_sum,http,10.128.4.170:8000,vllm-llama,fmaas-monitoring,vllm-llama-3,openshift-user-workload-monitoring/user-workload,vllm-llama,65923.43466329575
2024-07-05 06:48:59.319999933,tgi_request_queue_duration_sum,http,10.128.4.170:8000,vllm-llama,fmaas-monitoring,vllm-llama-3,openshift-user-workload-monitoring/user-workload,vllm-llama,65930.30910801888
2024-07-05 06:49:04.319999933,tgi_request_queue_duration_sum,http,10.128.4.170:8000,vllm-llama,fmaas-monitoring,vllm-llama-3,openshift-user-workload-monitoring/user-workload,vllm-llama,65963.24010276794
2024-07-05 06:49:09.319999933,tgi_request_queue_duration_sum,http,10.128.4.170:8000,vllm-llama,fmaas-monitoring,vllm-llama-3,openshift-user-workload-monitoring/user-workload,vllm-llama,65980.42751669884
2024-07-05 06:49:14.319999933,tgi_request_queue_duration_sum,http,10.128.4.170:8000,vllm-llama,fmaas-monitoring,vllm-llama-3,openshift-user-workload-monitoring/user-workload,vllm-llama,65982.04063487053
2024-07-05 06:49:19.319999933,tgi_request_queue_duration_sum,http,10.128.4.170:8000,vllm-llama,fmaas-monitoring,vllm-llama-3,openshift-user-workload-monitoring/user-workload,vllm-llama,65989.26154780388
2024-07-05 06:49:24.319999933,tgi_request_queue_duration_sum,http,10.128.4.170:8000,vllm-llama,fmaas-monitoring,vllm-llama-3,openshift-user-workload-monitoring/user-workload,vllm-llama,66013.32717871666
2024-07-05 06:49:29.319999933,tgi_request_queue_duration_sum,http,10.128.4.170:8000,vllm-llama,fmaas-monitoring,vllm-llama-3,openshift-user-workload-monitoring/user-workload,vllm-llama,66021.80706572533
2024-07-05 06:49:34.319999933,tgi_request_queue_duration_sum,http,10.128.4.170:8000,vllm-llama,fmaas-monitoring,vllm-llama-3,openshift-user-workload-monitoring/user-workload,vllm-llama,66060.54756450653
2024-07-05 06:49:39.319999933,tgi_request_queue_duration_sum,http,10.128.4.170:8000,vllm-llama,fmaas-monitoring,vllm-llama-3,openshift-user-workload-monitoring/user-workload,vllm-llama,66076.28973174095
2024-07-05 06:49:44.319999933,tgi_request_queue_duration_sum,http,10.128.4.170:8000,vllm-llama,fmaas-monitoring,vllm-llama-3,openshift-user-workload-monitoring/user-workload,vllm-llama,66077.53342318535
2024-07-05 06:49:49.319999933,tgi_request_queue_duration_sum,http,10.128.4.170:8000,vllm-llama,fmaas-monitoring,vllm-llama-3,openshift-user-workload-monitoring/user-workload,vllm-llama,66253.52301430702
2024-07-05 06:49:54.319999933,tgi_request_queue_duration_sum,http,10.128.4.170:8000,vllm-llama,fmaas-monitoring,vllm-llama-3,openshift-user-workload-monitoring/user-workload,vllm-llama,66283.28995680809
2024-07-05 06:49:59.319999933,tgi_request_queue_duration_sum,http,10.128.4.170:8000,vllm-llama,fmaas-monitoring,vllm-llama-3,openshift-user-workload-monitoring/user-workload,vllm-llama,66283.33825469017
2024-07-05 06:50:04.319999933,tgi_request_queue_duration_sum,http,10.128.4.170:8000,vllm-llama,fmaas-monitoring,vllm-llama-3,openshift-user-workload-monitoring/user-workload,vllm-llama,66283.51545929909
2024-07-05 06:50:09.319999933,tgi_request_queue_duration_sum,http,10.128.4.170:8000,vllm-llama,fmaas-monitoring,vllm-llama-3,openshift-user-workload-monitoring/user-workload,vllm-llama,66283.51545929909
2024-07-05 06:50:14.319999933,tgi_request_queue_duration_sum,http,10.128.4.170:8000,vllm-llama,fmaas-monitoring,vllm-llama-3,openshift-user-workload-monitoring/user-workload,vllm-llama,66283.51545929909
2024-07-05 06:50:19.319999933,tgi_request_queue_duration_sum,http,10.128.4.170:8000,vllm-llama,fmaas-monitoring,vllm-llama-3,openshift-user-workload-monitoring/user-workload,vllm-llama,66299.82880330086
2024-07-05 06:50:24.319999933,tgi_request_queue_duration_sum,http,10.128.4.170:8000,vllm-llama,fmaas-monitoring,vllm-llama-3,openshift-user-workload-monitoring/user-workload,vllm-llama,66348.88545942307
2024-07-05 06:50:29.319999933,tgi_request_queue_duration_sum,http,10.128.4.170:8000,vllm-llama,fmaas-monitoring,vllm-llama-3,openshift-user-workload-monitoring/user-workload,vllm-llama,66355.97355484962
2024-07-05 06:50:34.319999933,tgi_request_queue_duration_sum,http,10.128.4.170:8000,vllm-llama,fmaas-monitoring,vllm-llama-3,openshift-user-workload-monitoring/user-workload,vllm-llama,66365.44080281258
2024-07-05 06:50:39.319999933,tgi_request_queue_duration_sum,http,10.128.4.170:8000,vllm-llama,fmaas-monitoring,vllm-llama-3,openshift-user-workload-monitoring/user-workload,vllm-llama,66365.72156453133
2024-07-05 06:50:44.319999933,tgi_request_queue_duration_sum,http,10.128.4.170:8000,vllm-llama,fmaas-monitoring,vllm-llama-3,openshift-user-workload-monitoring/user-workload,vllm-llama,66368.73164129257
2024-07-05 06:50:49.319999933,tgi_request_queue_duration_sum,http,10.128.4.170:8000,vllm-llama,fmaas-monitoring,vllm-llama-3,openshift-user-workload-monitoring/user-workload,vllm-llama,66375.01148819923
2024-07-05 06:50:54.319999933,tgi_request_queue_duration_sum,http,10.128.4.170:8000,vllm-llama,fmaas-monitoring,vllm-llama-3,openshift-user-workload-monitoring/user-workload,vllm-llama,66376.39358592033
2024-07-05 06:50:59.328000069,tgi_request_queue_duration_sum,http,10.128.4.170:8000,vllm-llama,fmaas-monitoring,vllm-llama-3,openshift-user-workload-monitoring/user-workload,vllm-llama,66376.42209124565
2024-07-05 06:51:04.319999933,tgi_request_queue_duration_sum,http,10.128.4.170:8000,vllm-llama,fmaas-monitoring,vllm-llama-3,openshift-user-workload-monitoring/user-workload,vllm-llama,66394.28466391563
2024-07-05 06:51:09.319999933,tgi_request_queue_duration_sum,http,10.128.4.170:8000,vllm-llama,fmaas-monitoring,vllm-llama-3,openshift-user-workload-monitoring/user-workload,vllm-llama,66412.0432293415
2024-07-05 06:51:14.319999933,tgi_request_queue_duration_sum,http,10.128.4.170:8000,vllm-llama,fmaas-monitoring,vllm-llama-3,openshift-user-workload-monitoring/user-workload,vllm-llama,66414.10541009903
2024-07-05 06:51:19.319999933,tgi_request_queue_duration_sum,http,10.128.4.170:8000,vllm-llama,fmaas-monitoring,vllm-llama-3,openshift-user-workload-monitoring/user-workload,vllm-llama,66429.22463798523
2024-07-05 06:51:24.319999933,tgi_request_queue_duration_sum,http,10.128.4.170:8000,vllm-llama,fmaas-monitoring,vllm-llama-3,openshift-user-workload-monitoring/user-workload,vllm-llama,66464.7636294365
2024-07-05 06:51:29.319999933,tgi_request_queue_duration_sum,http,10.128.4.170:8000,vllm-llama,fmaas-monitoring,vllm-llama-3,openshift-user-workload-monitoring/user-workload,vllm-llama,66536.22293305397
2024-07-05 06:51:34.319999933,tgi_request_queue_duration_sum,http,10.128.4.170:8000,vllm-llama,fmaas-monitoring,vllm-llama-3,openshift-user-workload-monitoring/user-workload,vllm-llama,66546.10550451279
2024-07-05 06:51:39.319999933,tgi_request_queue_duration_sum,http,10.128.4.170:8000,vllm-llama,fmaas-monitoring,vllm-llama-3,openshift-user-workload-monitoring/user-workload,vllm-llama,66549.04439854622
2024-07-05 06:51:44.319999933,tgi_request_queue_duration_sum,http,10.128.4.170:8000,vllm-llama,fmaas-monitoring,vllm-llama-3,openshift-user-workload-monitoring/user-workload,vllm-llama,66575.69389772415
2024-07-05 06:51:49.319999933,tgi_request_queue_duration_sum,http,10.128.4.170:8000,vllm-llama,fmaas-monitoring,vllm-llama-3,openshift-user-workload-monitoring/user-workload,vllm-llama,66575.76309871674
2024-07-05 06:51:54.319999933,tgi_request_queue_duration_sum,http,10.128.4.170:8000,vllm-llama,fmaas-monitoring,vllm-llama-3,openshift-user-workload-monitoring/user-workload,vllm-llama,66575.76309871674
2024-07-05 06:51:59.319999933,tgi_request_queue_duration_sum,http,10.128.4.170:8000,vllm-llama,fmaas-monitoring,vllm-llama-3,openshift-user-workload-monitoring/user-workload,vllm-llama,66577.01708936691
2024-07-05 06:52:04.319999933,tgi_request_queue_duration_sum,http,10.128.4.170:8000,vllm-llama,fmaas-monitoring,vllm-llama-3,openshift-user-workload-monitoring/user-workload,vllm-llama,66587.84110212326
2024-07-05 06:52:09.319999933,tgi_request_queue_duration_sum,http,10.128.4.170:8000,vllm-llama,fmaas-monitoring,vllm-llama-3,openshift-user-workload-monitoring/user-workload,vllm-llama,66588.22622299194
2024-07-05 06:52:14.319999933,tgi_request_queue_duration_sum,http,10.128.4.170:8000,vllm-llama,fmaas-monitoring,vllm-llama-3,openshift-user-workload-monitoring/user-workload,vllm-llama,66588.22622299194
2024-07-05 06:52:19.319999933,tgi_request_queue_duration_sum,http,10.128.4.170:8000,vllm-llama,fmaas-monitoring,vllm-llama-3,openshift-user-workload-monitoring/user-workload,vllm-llama,66592.21043586731
2024-07-05 06:52:24.319999933,tgi_request_queue_duration_sum,http,10.128.4.170:8000,vllm-llama,fmaas-monitoring,vllm-llama-3,openshift-user-workload-monitoring/user-workload,vllm-llama,66617.23029017448
2024-07-05 06:52:29.319999933,tgi_request_queue_duration_sum,http,10.128.4.170:8000,vllm-llama,fmaas-monitoring,vllm-llama-3,openshift-user-workload-monitoring/user-workload,vllm-llama,66655.33993029594
2024-07-05 06:52:34.319999933,tgi_request_queue_duration_sum,http,10.128.4.170:8000,vllm-llama,fmaas-monitoring,vllm-llama-3,openshift-user-workload-monitoring/user-workload,vllm-llama,66659.16559290886
2024-07-05 06:52:39.319999933,tgi_request_queue_duration_sum,http,10.128.4.170:8000,vllm-llama,fmaas-monitoring,vllm-llama-3,openshift-user-workload-monitoring/user-workload,vllm-llama,66663.01644182205
2024-07-05 06:52:44.319999933,tgi_request_queue_duration_sum,http,10.128.4.170:8000,vllm-llama,fmaas-monitoring,vllm-llama-3,openshift-user-workload-monitoring/user-workload,vllm-llama,66680.16419744492
2024-07-05 06:52:49.319999933,tgi_request_queue_duration_sum,http,10.128.4.170:8000,vllm-llama,fmaas-monitoring,vllm-llama-3,openshift-user-workload-monitoring/user-workload,vllm-llama,66819.65924072266
2024-07-05 06:52:54.319999933,tgi_request_queue_duration_sum,http,10.128.4.170:8000,vllm-llama,fmaas-monitoring,vllm-llama-3,openshift-user-workload-monitoring/user-workload,vllm-llama,66837.23790335655
2024-07-05 06:52:59.319999933,tgi_request_queue_duration_sum,http,10.128.4.170:8000,vllm-llama,fmaas-monitoring,vllm-llama-3,openshift-user-workload-monitoring/user-workload,vllm-llama,66842.51131606102
2024-07-05 06:53:04.319999933,tgi_request_queue_duration_sum,http,10.128.4.170:8000,vllm-llama,fmaas-monitoring,vllm-llama-3,openshift-user-workload-monitoring/user-workload,vllm-llama,66858.17946481705
2024-07-05 06:53:09.319999933,tgi_request_queue_duration_sum,http,10.128.4.170:8000,vllm-llama,fmaas-monitoring,vllm-llama-3,openshift-user-workload-monitoring/user-workload,vllm-llama,66858.27622771263
2024-07-05 06:53:14.319999933,tgi_request_queue_duration_sum,http,10.128.4.170:8000,vllm-llama,fmaas-monitoring,vllm-llama-3,openshift-user-workload-monitoring/user-workload,vllm-llama,66863.33306717873
2024-07-05 06:53:19.319999933,tgi_request_queue_duration_sum,http,10.128.4.170:8000,vllm-llama,fmaas-monitoring,vllm-llama-3,openshift-user-workload-monitoring/user-workload,vllm-llama,66871.65287208557
2024-07-05 06:53:24.319999933,tgi_request_queue_duration_sum,http,10.128.4.170:8000,vllm-llama,fmaas-monitoring,vllm-llama-3,openshift-user-workload-monitoring/user-workload,vllm-llama,66874.25731897354
2024-07-05 06:53:29.319999933,tgi_request_queue_duration_sum,http,10.128.4.170:8000,vllm-llama,fmaas-monitoring,vllm-llama-3,openshift-user-workload-monitoring/user-workload,vllm-llama,66954.51040840149
2024-07-05 06:53:34.319999933,tgi_request_queue_duration_sum,http,10.128.4.170:8000,vllm-llama,fmaas-monitoring,vllm-llama-3,openshift-user-workload-monitoring/user-workload,vllm-llama,66966.07142019272
2024-07-05 06:53:39.319999933,tgi_request_queue_duration_sum,http,10.128.4.170:8000,vllm-llama,fmaas-monitoring,vllm-llama-3,openshift-user-workload-monitoring/user-workload,vllm-llama,66999.07362532616
2024-07-05 06:53:44.319999933,tgi_request_queue_duration_sum,http,10.128.4.170:8000,vllm-llama,fmaas-monitoring,vllm-llama-3,openshift-user-workload-monitoring/user-workload,vllm-llama,67009.43954753876
2024-07-05 06:53:49.319999933,tgi_request_queue_duration_sum,http,10.128.4.170:8000,vllm-llama,fmaas-monitoring,vllm-llama-3,openshift-user-workload-monitoring/user-workload,vllm-llama,67029.64038681984
2024-07-05 06:53:54.319999933,tgi_request_queue_duration_sum,http,10.128.4.170:8000,vllm-llama,fmaas-monitoring,vllm-llama-3,openshift-user-workload-monitoring/user-workload,vllm-llama,67056.4156935215
2024-07-05 06:53:59.319999933,tgi_request_queue_duration_sum,http,10.128.4.170:8000,vllm-llama,fmaas-monitoring,vllm-llama-3,openshift-user-workload-monitoring/user-workload,vllm-llama,67064.42153429985
2024-07-05 06:54:04.319999933,tgi_request_queue_duration_sum,http,10.128.4.170:8000,vllm-llama,fmaas-monitoring,vllm-llama-3,openshift-user-workload-monitoring/user-workload,vllm-llama,67156.42286992073
2024-07-05 06:54:09.319999933,tgi_request_queue_duration_sum,http,10.128.4.170:8000,vllm-llama,fmaas-monitoring,vllm-llama-3,openshift-user-workload-monitoring/user-workload,vllm-llama,67268.30664491653
2024-07-05 06:54:14.319999933,tgi_request_queue_duration_sum,http,10.128.4.170:8000,vllm-llama,fmaas-monitoring,vllm-llama-3,openshift-user-workload-monitoring/user-workload,vllm-llama,67385.17993760109
2024-07-05 06:54:19.319999933,tgi_request_queue_duration_sum,http,10.128.4.170:8000,vllm-llama,fmaas-monitoring,vllm-llama-3,openshift-user-workload-monitoring/user-workload,vllm-llama,67425.65015172958
2024-07-05 06:54:24.319999933,tgi_request_queue_duration_sum,http,10.128.4.170:8000,vllm-llama,fmaas-monitoring,vllm-llama-3,openshift-user-workload-monitoring/user-workload,vllm-llama,67429.37281060219
2024-07-05 06:54:29.319999933,tgi_request_queue_duration_sum,http,10.128.4.170:8000,vllm-llama,fmaas-monitoring,vllm-llama-3,openshift-user-workload-monitoring/user-workload,vllm-llama,67508.7759103775
2024-07-05 06:54:34.319999933,tgi_request_queue_duration_sum,http,10.128.4.170:8000,vllm-llama,fmaas-monitoring,vllm-llama-3,openshift-user-workload-monitoring/user-workload,vllm-llama,67588.1690030098
2024-07-05 06:54:39.319999933,tgi_request_queue_duration_sum,http,10.128.4.170:8000,vllm-llama,fmaas-monitoring,vllm-llama-3,openshift-user-workload-monitoring/user-workload,vllm-llama,67666.68528079987
2024-07-05 06:54:44.319999933,tgi_request_queue_duration_sum,http,10.128.4.170:8000,vllm-llama,fmaas-monitoring,vllm-llama-3,openshift-user-workload-monitoring/user-workload,vllm-llama,67666.68528079987
2024-07-05 06:54:49.319999933,tgi_request_queue_duration_sum,http,10.128.4.170:8000,vllm-llama,fmaas-monitoring,vllm-llama-3,openshift-user-workload-monitoring/user-workload,vllm-llama,67666.68528079987
2024-07-05 06:54:54.322999954,tgi_request_queue_duration_sum,http,10.128.4.170:8000,vllm-llama,fmaas-monitoring,vllm-llama-3,openshift-user-workload-monitoring/user-workload,vllm-llama,67718.23723316193
2024-07-05 06:54:59.319999933,tgi_request_queue_duration_sum,http,10.128.4.170:8000,vllm-llama,fmaas-monitoring,vllm-llama-3,openshift-user-workload-monitoring/user-workload,vllm-llama,67720.73532009125
2024-07-05 06:55:04.319999933,tgi_request_queue_duration_sum,http,10.128.4.170:8000,vllm-llama,fmaas-monitoring,vllm-llama-3,openshift-user-workload-monitoring/user-workload,vllm-llama,67767.58486771584
2024-07-05 06:55:09.319999933,tgi_request_queue_duration_sum,http,10.128.4.170:8000,vllm-llama,fmaas-monitoring,vllm-llama-3,openshift-user-workload-monitoring/user-workload,vllm-llama,67824.05113101006
2024-07-05 06:55:14.319999933,tgi_request_queue_duration_sum,http,10.128.4.170:8000,vllm-llama,fmaas-monitoring,vllm-llama-3,openshift-user-workload-monitoring/user-workload,vllm-llama,67834.33418917656
2024-07-05 06:55:19.319999933,tgi_request_queue_duration_sum,http,10.128.4.170:8000,vllm-llama,fmaas-monitoring,vllm-llama-3,openshift-user-workload-monitoring/user-workload,vllm-llama,67834.38622164726
2024-07-05 06:55:24.319999933,tgi_request_queue_duration_sum,http,10.128.4.170:8000,vllm-llama,fmaas-monitoring,vllm-llama-3,openshift-user-workload-monitoring/user-workload,vllm-llama,67834.9346613884
2024-07-05 06:55:29.319999933,tgi_request_queue_duration_sum,http,10.128.4.170:8000,vllm-llama,fmaas-monitoring,vllm-llama-3,openshift-user-workload-monitoring/user-workload,vllm-llama,67851.88456583023
2024-07-05 06:55:34.319999933,tgi_request_queue_duration_sum,http,10.128.4.170:8000,vllm-llama,fmaas-monitoring,vllm-llama-3,openshift-user-workload-monitoring/user-workload,vllm-llama,67854.39286899567
2024-07-05 06:55:39.319999933,tgi_request_queue_duration_sum,http,10.128.4.170:8000,vllm-llama,fmaas-monitoring,vllm-llama-3,openshift-user-workload-monitoring/user-workload,vllm-llama,67857.5471792221
2024-07-05 06:55:44.319999933,tgi_request_queue_duration_sum,http,10.128.4.170:8000,vllm-llama,fmaas-monitoring,vllm-llama-3,openshift-user-workload-monitoring/user-workload,vllm-llama,67863.29016304016
2024-07-05 06:55:49.319999933,tgi_request_queue_duration_sum,http,10.128.4.170:8000,vllm-llama,fmaas-monitoring,vllm-llama-3,openshift-user-workload-monitoring/user-workload,vllm-llama,67870.02136301994
2024-07-05 06:55:54.319999933,tgi_request_queue_duration_sum,http,10.128.4.170:8000,vllm-llama,fmaas-monitoring,vllm-llama-3,openshift-user-workload-monitoring/user-workload,vllm-llama,67966.72977089882
2024-07-05 06:55:59.319999933,tgi_request_queue_duration_sum,http,10.128.4.170:8000,vllm-llama,fmaas-monitoring,vllm-llama-3,openshift-user-workload-monitoring/user-workload,vllm-llama,67991.02094101906
2024-07-05 06:56:04.319999933,tgi_request_queue_duration_sum,http,10.128.4.170:8000,vllm-llama,fmaas-monitoring,vllm-llama-3,openshift-user-workload-monitoring/user-workload,vllm-llama,68179.57884454727
2024-07-05 06:56:09.319999933,tgi_request_queue_duration_sum,http,10.128.4.170:8000,vllm-llama,fmaas-monitoring,vllm-llama-3,openshift-user-workload-monitoring/user-workload,vllm-llama,68192.5810508728
2024-07-05 06:56:14.319999933,tgi_request_queue_duration_sum,http,10.128.4.170:8000,vllm-llama,fmaas-monitoring,vllm-llama-3,openshift-user-workload-monitoring/user-workload,vllm-llama,68334.33276987076
2024-07-05 06:56:19.319999933,tgi_request_queue_duration_sum,http,10.128.4.170:8000,vllm-llama,fmaas-monitoring,vllm-llama-3,openshift-user-workload-monitoring/user-workload,vllm-llama,68476.60089945793
2024-07-05 06:56:24.319999933,tgi_request_queue_duration_sum,http,10.128.4.170:8000,vllm-llama,fmaas-monitoring,vllm-llama-3,openshift-user-workload-monitoring/user-workload,vllm-llama,68476.60089945793
2024-07-05 06:56:29.319999933,tgi_request_queue_duration_sum,http,10.128.4.170:8000,vllm-llama,fmaas-monitoring,vllm-llama-3,openshift-user-workload-monitoring/user-workload,vllm-llama,68477.86400413513
2024-07-05 06:56:34.319999933,tgi_request_queue_duration_sum,http,10.128.4.170:8000,vllm-llama,fmaas-monitoring,vllm-llama-3,openshift-user-workload-monitoring/user-workload,vllm-llama,68480.97789216042
2024-07-05 06:56:39.319999933,tgi_request_queue_duration_sum,http,10.128.4.170:8000,vllm-llama,fmaas-monitoring,vllm-llama-3,openshift-user-workload-monitoring/user-workload,vllm-llama,68510.5606007576
2024-07-05 06:56:44.319999933,tgi_request_queue_duration_sum,http,10.128.4.170:8000,vllm-llama,fmaas-monitoring,vllm-llama-3,openshift-user-workload-monitoring/user-workload,vllm-llama,68560.83238840103
2024-07-05 06:56:49.319999933,tgi_request_queue_duration_sum,http,10.128.4.170:8000,vllm-llama,fmaas-monitoring,vllm-llama-3,openshift-user-workload-monitoring/user-workload,vllm-llama,68561.05962514877
2024-07-05 06:56:54.319999933,tgi_request_queue_duration_sum,http,10.128.4.170:8000,vllm-llama,fmaas-monitoring,vllm-llama-3,openshift-user-workload-monitoring/user-workload,vllm-llama,68561.07244110107
2024-07-05 06:56:59.319999933,tgi_request_queue_duration_sum,http,10.128.4.170:8000,vllm-llama,fmaas-monitoring,vllm-llama-3,openshift-user-workload-monitoring/user-workload,vllm-llama,68561.14518213272
2024-07-05 06:57:04.319999933,tgi_request_queue_duration_sum,http,10.128.4.170:8000,vllm-llama,fmaas-monitoring,vllm-llama-3,openshift-user-workload-monitoring/user-workload,vllm-llama,68564.37863516808
2024-07-05 06:57:09.319999933,tgi_request_queue_duration_sum,http,10.128.4.170:8000,vllm-llama,fmaas-monitoring,vllm-llama-3,openshift-user-workload-monitoring/user-workload,vllm-llama,68564.41795110703
2024-07-05 06:57:14.319999933,tgi_request_queue_duration_sum,http,10.128.4.170:8000,vllm-llama,fmaas-monitoring,vllm-llama-3,openshift-user-workload-monitoring/user-workload,vllm-llama,68564.53852319717
2024-07-05 06:57:19.319999933,tgi_request_queue_duration_sum,http,10.128.4.170:8000,vllm-llama,fmaas-monitoring,vllm-llama-3,openshift-user-workload-monitoring/user-workload,vllm-llama,68567.05173516273
2024-07-05 06:57:24.319999933,tgi_request_queue_duration_sum,http,10.128.4.170:8000,vllm-llama,fmaas-monitoring,vllm-llama-3,openshift-user-workload-monitoring/user-workload,vllm-llama,68567.19855260849
2024-07-05 06:57:29.319999933,tgi_request_queue_duration_sum,http,10.128.4.170:8000,vllm-llama,fmaas-monitoring,vllm-llama-3,openshift-user-workload-monitoring/user-workload,vllm-llama,68583.24854254723
2024-07-05 06:57:34.319999933,tgi_request_queue_duration_sum,http,10.128.4.170:8000,vllm-llama,fmaas-monitoring,vllm-llama-3,openshift-user-workload-monitoring/user-workload,vllm-llama,68595.49572300911
2024-07-05 06:57:39.319999933,tgi_request_queue_duration_sum,http,10.128.4.170:8000,vllm-llama,fmaas-monitoring,vllm-llama-3,openshift-user-workload-monitoring/user-workload,vllm-llama,68610.20564103127
2024-07-05 06:57:44.319999933,tgi_request_queue_duration_sum,http,10.128.4.170:8000,vllm-llama,fmaas-monitoring,vllm-llama-3,openshift-user-workload-monitoring/user-workload,vllm-llama,68610.23325014114
2024-07-05 06:57:49.319999933,tgi_request_queue_duration_sum,http,10.128.4.170:8000,vllm-llama,fmaas-monitoring,vllm-llama-3,openshift-user-workload-monitoring/user-workload,vllm-llama,68610.44725179672
2024-07-05 06:57:54.319999933,tgi_request_queue_duration_sum,http,10.128.4.170:8000,vllm-llama,fmaas-monitoring,vllm-llama-3,openshift-user-workload-monitoring/user-workload,vllm-llama,68620.40567994118
2024-07-05 06:57:59.319999933,tgi_request_queue_duration_sum,http,10.128.4.170:8000,vllm-llama,fmaas-monitoring,vllm-llama-3,openshift-user-workload-monitoring/user-workload,vllm-llama,68624.59919929504
2024-07-05 06:58:04.319999933,tgi_request_queue_duration_sum,http,10.128.4.170:8000,vllm-llama,fmaas-monitoring,vllm-llama-3,openshift-user-workload-monitoring/user-workload,vllm-llama,68625.82678771019
2024-07-05 06:58:09.319999933,tgi_request_queue_duration_sum,http,10.128.4.170:8000,vllm-llama,fmaas-monitoring,vllm-llama-3,openshift-user-workload-monitoring/user-workload,vllm-llama,68628.40569162369
2024-07-05 06:58:14.319999933,tgi_request_queue_duration_sum,http,10.128.4.170:8000,vllm-llama,fmaas-monitoring,vllm-llama-3,openshift-user-workload-monitoring/user-workload,vllm-llama,68663.23112893105
2024-07-05 06:58:19.319999933,tgi_request_queue_duration_sum,http,10.128.4.170:8000,vllm-llama,fmaas-monitoring,vllm-llama-3,openshift-user-workload-monitoring/user-workload,vllm-llama,68695.96459650993
2024-07-05 06:58:24.319999933,tgi_request_queue_duration_sum,http,10.128.4.170:8000,vllm-llama,fmaas-monitoring,vllm-llama-3,openshift-user-workload-monitoring/user-workload,vllm-llama,68703.3601038456
2024-07-05 06:58:29.319999933,tgi_request_queue_duration_sum,http,10.128.4.170:8000,vllm-llama,fmaas-monitoring,vllm-llama-3,openshift-user-workload-monitoring/user-workload,vllm-llama,68726.31030130386
2024-07-05 06:58:34.319999933,tgi_request_queue_duration_sum,http,10.128.4.170:8000,vllm-llama,fmaas-monitoring,vllm-llama-3,openshift-user-workload-monitoring/user-workload,vllm-llama,68734.39716863632
2024-07-05 06:58:39.319999933,tgi_request_queue_duration_sum,http,10.128.4.170:8000,vllm-llama,fmaas-monitoring,vllm-llama-3,openshift-user-workload-monitoring/user-workload,vllm-llama,68743.27588152885
2024-07-05 06:58:44.319999933,tgi_request_queue_duration_sum,http,10.128.4.170:8000,vllm-llama,fmaas-monitoring,vllm-llama-3,openshift-user-workload-monitoring/user-workload,vllm-llama,68789.28931450844
2024-07-05 06:58:49.319999933,tgi_request_queue_duration_sum,http,10.128.4.170:8000,vllm-llama,fmaas-monitoring,vllm-llama-3,openshift-user-workload-monitoring/user-workload,vllm-llama,68791.17285776138
2024-07-05 06:58:54.319999933,tgi_request_queue_duration_sum,http,10.128.4.170:8000,vllm-llama,fmaas-monitoring,vllm-llama-3,openshift-user-workload-monitoring/user-workload,vllm-llama,68800.58276224136
2024-07-05 06:58:59.319999933,tgi_request_queue_duration_sum,http,10.128.4.170:8000,vllm-llama,fmaas-monitoring,vllm-llama-3,openshift-user-workload-monitoring/user-workload,vllm-llama,68800.58276224136
2024-07-05 06:59:04.319999933,tgi_request_queue_duration_sum,http,10.128.4.170:8000,vllm-llama,fmaas-monitoring,vllm-llama-3,openshift-user-workload-monitoring/user-workload,vllm-llama,68800.6548242569
2024-07-05 06:59:09.319999933,tgi_request_queue_duration_sum,http,10.128.4.170:8000,vllm-llama,fmaas-monitoring,vllm-llama-3,openshift-user-workload-monitoring/user-workload,vllm-llama,68832.19892787933
2024-07-05 06:59:14.319999933,tgi_request_queue_duration_sum,http,10.128.4.170:8000,vllm-llama,fmaas-monitoring,vllm-llama-3,openshift-user-workload-monitoring/user-workload,vllm-llama,68847.15185976028
2024-07-05 06:59:19.319999933,tgi_request_queue_duration_sum,http,10.128.4.170:8000,vllm-llama,fmaas-monitoring,vllm-llama-3,openshift-user-workload-monitoring/user-workload,vllm-llama,68853.34963488579
2024-07-05 06:59:24.319999933,tgi_request_queue_duration_sum,http,10.128.4.170:8000,vllm-llama,fmaas-monitoring,vllm-llama-3,openshift-user-workload-monitoring/user-workload,vllm-llama,68857.58031463623
2024-07-05 06:59:29.319999933,tgi_request_queue_duration_sum,http,10.128.4.170:8000,vllm-llama,fmaas-monitoring,vllm-llama-3,openshift-user-workload-monitoring/user-workload,vllm-llama,68862.19065594673
2024-07-05 06:59:34.319999933,tgi_request_queue_duration_sum,http,10.128.4.170:8000,vllm-llama,fmaas-monitoring,vllm-llama-3,openshift-user-workload-monitoring/user-workload,vllm-llama,68864.057066679
2024-07-05 06:59:39.319999933,tgi_request_queue_duration_sum,http,10.128.4.170:8000,vllm-llama,fmaas-monitoring,vllm-llama-3,openshift-user-workload-monitoring/user-workload,vllm-llama,68969.98198962212
2024-07-05 06:59:44.319999933,tgi_request_queue_duration_sum,http,10.128.4.170:8000,vllm-llama,fmaas-monitoring,vllm-llama-3,openshift-user-workload-monitoring/user-workload,vllm-llama,69054.63651132584
2024-07-05 06:59:49.319999933,tgi_request_queue_duration_sum,http,10.128.4.170:8000,vllm-llama,fmaas-monitoring,vllm-llama-3,openshift-user-workload-monitoring/user-workload,vllm-llama,69073.8279106617
2024-07-05 06:59:54.319999933,tgi_request_queue_duration_sum,http,10.128.4.170:8000,vllm-llama,fmaas-monitoring,vllm-llama-3,openshift-user-workload-monitoring/user-workload,vllm-llama,69075.0843398571
2024-07-05 06:59:59.319999933,tgi_request_queue_duration_sum,http,10.128.4.170:8000,vllm-llama,fmaas-monitoring,vllm-llama-3,openshift-user-workload-monitoring/user-workload,vllm-llama,69076.20585370064
