timestamp,__name__,endpoint,instance,job,namespace,pod,prometheus,service,value
2024-05-17 17:06:11.105999947,tgi_request_total_tokens_sum,http,10.128.4.158:3000,tgis-bam,fmaas-monitoring,llama3,openshift-user-workload-monitoring/user-workload,tgis-bam,2389697.0
2024-05-17 17:06:16.105999947,tgi_request_total_tokens_sum,http,10.128.4.158:3000,tgis-bam,fmaas-monitoring,llama3,openshift-user-workload-monitoring/user-workload,tgis-bam,2389697.0
2024-05-17 17:06:21.105999947,tgi_request_total_tokens_sum,http,10.128.4.158:3000,tgis-bam,fmaas-monitoring,llama3,openshift-user-workload-monitoring/user-workload,tgis-bam,2389697.0
2024-05-17 17:06:26.105999947,tgi_request_total_tokens_sum,http,10.128.4.158:3000,tgis-bam,fmaas-monitoring,llama3,openshift-user-workload-monitoring/user-workload,tgis-bam,2389697.0
2024-05-17 17:06:31.105999947,tgi_request_total_tokens_sum,http,10.128.4.158:3000,tgis-bam,fmaas-monitoring,llama3,openshift-user-workload-monitoring/user-workload,tgis-bam,2389697.0
2024-05-17 17:06:36.105999947,tgi_request_total_tokens_sum,http,10.128.4.158:3000,tgis-bam,fmaas-monitoring,llama3,openshift-user-workload-monitoring/user-workload,tgis-bam,2389697.0
2024-05-17 17:06:41.105999947,tgi_request_total_tokens_sum,http,10.128.4.158:3000,tgis-bam,fmaas-monitoring,llama3,openshift-user-workload-monitoring/user-workload,tgis-bam,2389697.0
2024-05-17 17:06:46.105999947,tgi_request_total_tokens_sum,http,10.128.4.158:3000,tgis-bam,fmaas-monitoring,llama3,openshift-user-workload-monitoring/user-workload,tgis-bam,2389697.0
2024-05-17 17:06:51.105999947,tgi_request_total_tokens_sum,http,10.128.4.158:3000,tgis-bam,fmaas-monitoring,llama3,openshift-user-workload-monitoring/user-workload,tgis-bam,2389697.0
2024-05-17 17:06:56.105999947,tgi_request_total_tokens_sum,http,10.128.4.158:3000,tgis-bam,fmaas-monitoring,llama3,openshift-user-workload-monitoring/user-workload,tgis-bam,2389697.0
2024-05-17 17:07:01.105999947,tgi_request_total_tokens_sum,http,10.128.4.158:3000,tgis-bam,fmaas-monitoring,llama3,openshift-user-workload-monitoring/user-workload,tgis-bam,2389697.0
2024-05-17 17:07:06.105999947,tgi_request_total_tokens_sum,http,10.128.4.158:3000,tgis-bam,fmaas-monitoring,llama3,openshift-user-workload-monitoring/user-workload,tgis-bam,2389697.0
2024-05-17 17:07:11.105999947,tgi_request_total_tokens_sum,http,10.128.4.158:3000,tgis-bam,fmaas-monitoring,llama3,openshift-user-workload-monitoring/user-workload,tgis-bam,2389697.0
2024-05-17 17:07:16.105999947,tgi_request_total_tokens_sum,http,10.128.4.158:3000,tgis-bam,fmaas-monitoring,llama3,openshift-user-workload-monitoring/user-workload,tgis-bam,2393826.0
2024-05-17 17:07:21.105999947,tgi_request_total_tokens_sum,http,10.128.4.158:3000,tgis-bam,fmaas-monitoring,llama3,openshift-user-workload-monitoring/user-workload,tgis-bam,2394392.0
2024-05-17 17:07:26.105999947,tgi_request_total_tokens_sum,http,10.128.4.158:3000,tgis-bam,fmaas-monitoring,llama3,openshift-user-workload-monitoring/user-workload,tgis-bam,2394392.0
2024-05-17 17:07:31.105999947,tgi_request_total_tokens_sum,http,10.128.4.158:3000,tgis-bam,fmaas-monitoring,llama3,openshift-user-workload-monitoring/user-workload,tgis-bam,2401976.0
2024-05-17 17:07:36.105999947,tgi_request_total_tokens_sum,http,10.128.4.158:3000,tgis-bam,fmaas-monitoring,llama3,openshift-user-workload-monitoring/user-workload,tgis-bam,2401976.0
2024-05-17 17:07:41.105999947,tgi_request_total_tokens_sum,http,10.128.4.158:3000,tgis-bam,fmaas-monitoring,llama3,openshift-user-workload-monitoring/user-workload,tgis-bam,2401976.0
2024-05-17 17:07:46.105999947,tgi_request_total_tokens_sum,http,10.128.4.158:3000,tgis-bam,fmaas-monitoring,llama3,openshift-user-workload-monitoring/user-workload,tgis-bam,2404209.0
2024-05-17 17:07:51.105999947,tgi_request_total_tokens_sum,http,10.128.4.158:3000,tgis-bam,fmaas-monitoring,llama3,openshift-user-workload-monitoring/user-workload,tgis-bam,2406155.0
2024-05-17 17:07:56.105999947,tgi_request_total_tokens_sum,http,10.128.4.158:3000,tgis-bam,fmaas-monitoring,llama3,openshift-user-workload-monitoring/user-workload,tgis-bam,2406155.0
2024-05-17 17:08:01.105999947,tgi_request_total_tokens_sum,http,10.128.4.158:3000,tgis-bam,fmaas-monitoring,llama3,openshift-user-workload-monitoring/user-workload,tgis-bam,2406155.0
2024-05-17 17:08:06.105999947,tgi_request_total_tokens_sum,http,10.128.4.158:3000,tgis-bam,fmaas-monitoring,llama3,openshift-user-workload-monitoring/user-workload,tgis-bam,2406155.0
2024-05-17 17:08:11.111000061,tgi_request_total_tokens_sum,http,10.128.4.158:3000,tgis-bam,fmaas-monitoring,llama3,openshift-user-workload-monitoring/user-workload,tgis-bam,2406155.0
2024-05-17 17:08:16.105999947,tgi_request_total_tokens_sum,http,10.128.4.158:3000,tgis-bam,fmaas-monitoring,llama3,openshift-user-workload-monitoring/user-workload,tgis-bam,2406155.0
2024-05-17 17:08:21.105999947,tgi_request_total_tokens_sum,http,10.128.4.158:3000,tgis-bam,fmaas-monitoring,llama3,openshift-user-workload-monitoring/user-workload,tgis-bam,2406155.0
2024-05-17 17:08:26.105999947,tgi_request_total_tokens_sum,http,10.128.4.158:3000,tgis-bam,fmaas-monitoring,llama3,openshift-user-workload-monitoring/user-workload,tgis-bam,2412000.0
2024-05-17 17:08:31.105999947,tgi_request_total_tokens_sum,http,10.128.4.158:3000,tgis-bam,fmaas-monitoring,llama3,openshift-user-workload-monitoring/user-workload,tgis-bam,2413096.0
2024-05-17 17:08:36.105999947,tgi_request_total_tokens_sum,http,10.128.4.158:3000,tgis-bam,fmaas-monitoring,llama3,openshift-user-workload-monitoring/user-workload,tgis-bam,2415748.0
2024-05-17 17:08:41.105999947,tgi_request_total_tokens_sum,http,10.128.4.158:3000,tgis-bam,fmaas-monitoring,llama3,openshift-user-workload-monitoring/user-workload,tgis-bam,2415748.0
2024-05-17 17:08:46.105999947,tgi_request_total_tokens_sum,http,10.128.4.158:3000,tgis-bam,fmaas-monitoring,llama3,openshift-user-workload-monitoring/user-workload,tgis-bam,2415748.0
2024-05-17 17:08:51.105999947,tgi_request_total_tokens_sum,http,10.128.4.158:3000,tgis-bam,fmaas-monitoring,llama3,openshift-user-workload-monitoring/user-workload,tgis-bam,2415748.0
2024-05-17 17:08:56.105999947,tgi_request_total_tokens_sum,http,10.128.4.158:3000,tgis-bam,fmaas-monitoring,llama3,openshift-user-workload-monitoring/user-workload,tgis-bam,2420834.0
2024-05-17 17:09:01.105999947,tgi_request_total_tokens_sum,http,10.128.4.158:3000,tgis-bam,fmaas-monitoring,llama3,openshift-user-workload-monitoring/user-workload,tgis-bam,2420834.0
2024-05-17 17:09:06.105999947,tgi_request_total_tokens_sum,http,10.128.4.158:3000,tgis-bam,fmaas-monitoring,llama3,openshift-user-workload-monitoring/user-workload,tgis-bam,2423452.0
2024-05-17 17:09:11.105999947,tgi_request_total_tokens_sum,http,10.128.4.158:3000,tgis-bam,fmaas-monitoring,llama3,openshift-user-workload-monitoring/user-workload,tgis-bam,2423452.0
2024-05-17 17:09:16.105999947,tgi_request_total_tokens_sum,http,10.128.4.158:3000,tgis-bam,fmaas-monitoring,llama3,openshift-user-workload-monitoring/user-workload,tgis-bam,2426274.0
2024-05-17 17:09:21.105999947,tgi_request_total_tokens_sum,http,10.128.4.158:3000,tgis-bam,fmaas-monitoring,llama3,openshift-user-workload-monitoring/user-workload,tgis-bam,2427745.0
2024-05-17 17:09:26.105999947,tgi_request_total_tokens_sum,http,10.128.4.158:3000,tgis-bam,fmaas-monitoring,llama3,openshift-user-workload-monitoring/user-workload,tgis-bam,2430618.0
2024-05-17 17:09:31.105999947,tgi_request_total_tokens_sum,http,10.128.4.158:3000,tgis-bam,fmaas-monitoring,llama3,openshift-user-workload-monitoring/user-workload,tgis-bam,2435612.0
2024-05-17 17:09:36.105999947,tgi_request_total_tokens_sum,http,10.128.4.158:3000,tgis-bam,fmaas-monitoring,llama3,openshift-user-workload-monitoring/user-workload,tgis-bam,2435612.0
2024-05-17 17:09:41.105999947,tgi_request_total_tokens_sum,http,10.128.4.158:3000,tgis-bam,fmaas-monitoring,llama3,openshift-user-workload-monitoring/user-workload,tgis-bam,2436258.0
2024-05-17 17:09:46.105999947,tgi_request_total_tokens_sum,http,10.128.4.158:3000,tgis-bam,fmaas-monitoring,llama3,openshift-user-workload-monitoring/user-workload,tgis-bam,2441381.0
2024-05-17 17:09:51.105999947,tgi_request_total_tokens_sum,http,10.128.4.158:3000,tgis-bam,fmaas-monitoring,llama3,openshift-user-workload-monitoring/user-workload,tgis-bam,2442278.0
2024-05-17 17:09:56.105999947,tgi_request_total_tokens_sum,http,10.128.4.158:3000,tgis-bam,fmaas-monitoring,llama3,openshift-user-workload-monitoring/user-workload,tgis-bam,2442278.0
2024-05-17 17:10:01.105999947,tgi_request_total_tokens_sum,http,10.128.4.158:3000,tgis-bam,fmaas-monitoring,llama3,openshift-user-workload-monitoring/user-workload,tgis-bam,2442278.0
2024-05-17 17:10:06.105999947,tgi_request_total_tokens_sum,http,10.128.4.158:3000,tgis-bam,fmaas-monitoring,llama3,openshift-user-workload-monitoring/user-workload,tgis-bam,2442278.0
2024-05-17 17:10:11.114000082,tgi_request_total_tokens_sum,http,10.128.4.158:3000,tgis-bam,fmaas-monitoring,llama3,openshift-user-workload-monitoring/user-workload,tgis-bam,2445557.0
2024-05-17 17:10:16.105999947,tgi_request_total_tokens_sum,http,10.128.4.158:3000,tgis-bam,fmaas-monitoring,llama3,openshift-user-workload-monitoring/user-workload,tgis-bam,2446529.0
2024-05-17 17:10:21.105999947,tgi_request_total_tokens_sum,http,10.128.4.158:3000,tgis-bam,fmaas-monitoring,llama3,openshift-user-workload-monitoring/user-workload,tgis-bam,2447709.0
2024-05-17 17:10:26.105999947,tgi_request_total_tokens_sum,http,10.128.4.158:3000,tgis-bam,fmaas-monitoring,llama3,openshift-user-workload-monitoring/user-workload,tgis-bam,2450151.0
2024-05-17 17:10:31.105999947,tgi_request_total_tokens_sum,http,10.128.4.158:3000,tgis-bam,fmaas-monitoring,llama3,openshift-user-workload-monitoring/user-workload,tgis-bam,2452646.0
2024-05-17 17:10:36.105999947,tgi_request_total_tokens_sum,http,10.128.4.158:3000,tgis-bam,fmaas-monitoring,llama3,openshift-user-workload-monitoring/user-workload,tgis-bam,2459105.0
2024-05-17 17:10:41.111999989,tgi_request_total_tokens_sum,http,10.128.4.158:3000,tgis-bam,fmaas-monitoring,llama3,openshift-user-workload-monitoring/user-workload,tgis-bam,2460615.0
2024-05-17 17:10:46.105999947,tgi_request_total_tokens_sum,http,10.128.4.158:3000,tgis-bam,fmaas-monitoring,llama3,openshift-user-workload-monitoring/user-workload,tgis-bam,2464186.0
2024-05-17 17:10:51.105999947,tgi_request_total_tokens_sum,http,10.128.4.158:3000,tgis-bam,fmaas-monitoring,llama3,openshift-user-workload-monitoring/user-workload,tgis-bam,2466138.0
2024-05-17 17:10:56.105999947,tgi_request_total_tokens_sum,http,10.128.4.158:3000,tgis-bam,fmaas-monitoring,llama3,openshift-user-workload-monitoring/user-workload,tgis-bam,2466138.0
2024-05-17 17:11:01.105999947,tgi_request_total_tokens_sum,http,10.128.4.158:3000,tgis-bam,fmaas-monitoring,llama3,openshift-user-workload-monitoring/user-workload,tgis-bam,2474479.0
2024-05-17 17:11:06.105999947,tgi_request_total_tokens_sum,http,10.128.4.158:3000,tgis-bam,fmaas-monitoring,llama3,openshift-user-workload-monitoring/user-workload,tgis-bam,2474479.0
2024-05-17 17:11:11.105999947,tgi_request_total_tokens_sum,http,10.128.4.158:3000,tgis-bam,fmaas-monitoring,llama3,openshift-user-workload-monitoring/user-workload,tgis-bam,2477183.0
2024-05-17 17:11:16.105999947,tgi_request_total_tokens_sum,http,10.128.4.158:3000,tgis-bam,fmaas-monitoring,llama3,openshift-user-workload-monitoring/user-workload,tgis-bam,2479483.0
2024-05-17 17:11:21.105999947,tgi_request_total_tokens_sum,http,10.128.4.158:3000,tgis-bam,fmaas-monitoring,llama3,openshift-user-workload-monitoring/user-workload,tgis-bam,2481177.0
2024-05-17 17:11:26.105999947,tgi_request_total_tokens_sum,http,10.128.4.158:3000,tgis-bam,fmaas-monitoring,llama3,openshift-user-workload-monitoring/user-workload,tgis-bam,2481177.0
2024-05-17 17:11:31.105999947,tgi_request_total_tokens_sum,http,10.128.4.158:3000,tgis-bam,fmaas-monitoring,llama3,openshift-user-workload-monitoring/user-workload,tgis-bam,2481177.0
2024-05-17 17:11:36.105999947,tgi_request_total_tokens_sum,http,10.128.4.158:3000,tgis-bam,fmaas-monitoring,llama3,openshift-user-workload-monitoring/user-workload,tgis-bam,2481177.0
2024-05-17 17:11:41.105999947,tgi_request_total_tokens_sum,http,10.128.4.158:3000,tgis-bam,fmaas-monitoring,llama3,openshift-user-workload-monitoring/user-workload,tgis-bam,2481177.0
2024-05-17 17:11:46.105999947,tgi_request_total_tokens_sum,http,10.128.4.158:3000,tgis-bam,fmaas-monitoring,llama3,openshift-user-workload-monitoring/user-workload,tgis-bam,2481579.0
2024-05-17 17:11:51.105999947,tgi_request_total_tokens_sum,http,10.128.4.158:3000,tgis-bam,fmaas-monitoring,llama3,openshift-user-workload-monitoring/user-workload,tgis-bam,2481579.0
2024-05-17 17:11:56.105999947,tgi_request_total_tokens_sum,http,10.128.4.158:3000,tgis-bam,fmaas-monitoring,llama3,openshift-user-workload-monitoring/user-workload,tgis-bam,2481579.0
2024-05-17 17:12:01.105999947,tgi_request_total_tokens_sum,http,10.128.4.158:3000,tgis-bam,fmaas-monitoring,llama3,openshift-user-workload-monitoring/user-workload,tgis-bam,2481579.0
2024-05-17 17:12:06.105999947,tgi_request_total_tokens_sum,http,10.128.4.158:3000,tgis-bam,fmaas-monitoring,llama3,openshift-user-workload-monitoring/user-workload,tgis-bam,2482496.0
2024-05-17 17:12:11.105999947,tgi_request_total_tokens_sum,http,10.128.4.158:3000,tgis-bam,fmaas-monitoring,llama3,openshift-user-workload-monitoring/user-workload,tgis-bam,2482496.0
2024-05-17 17:12:16.105999947,tgi_request_total_tokens_sum,http,10.128.4.158:3000,tgis-bam,fmaas-monitoring,llama3,openshift-user-workload-monitoring/user-workload,tgis-bam,2482496.0
2024-05-17 17:12:21.105999947,tgi_request_total_tokens_sum,http,10.128.4.158:3000,tgis-bam,fmaas-monitoring,llama3,openshift-user-workload-monitoring/user-workload,tgis-bam,2482496.0
2024-05-17 17:12:26.105999947,tgi_request_total_tokens_sum,http,10.128.4.158:3000,tgis-bam,fmaas-monitoring,llama3,openshift-user-workload-monitoring/user-workload,tgis-bam,2482496.0
2024-05-17 17:12:31.105999947,tgi_request_total_tokens_sum,http,10.128.4.158:3000,tgis-bam,fmaas-monitoring,llama3,openshift-user-workload-monitoring/user-workload,tgis-bam,2482496.0
2024-05-17 17:12:36.105999947,tgi_request_total_tokens_sum,http,10.128.4.158:3000,tgis-bam,fmaas-monitoring,llama3,openshift-user-workload-monitoring/user-workload,tgis-bam,2482496.0
2024-05-17 17:12:41.105999947,tgi_request_total_tokens_sum,http,10.128.4.158:3000,tgis-bam,fmaas-monitoring,llama3,openshift-user-workload-monitoring/user-workload,tgis-bam,2482496.0
2024-05-17 17:12:46.105999947,tgi_request_total_tokens_sum,http,10.128.4.158:3000,tgis-bam,fmaas-monitoring,llama3,openshift-user-workload-monitoring/user-workload,tgis-bam,2482496.0
2024-05-17 17:12:51.105999947,tgi_request_total_tokens_sum,http,10.128.4.158:3000,tgis-bam,fmaas-monitoring,llama3,openshift-user-workload-monitoring/user-workload,tgis-bam,2482496.0
2024-05-17 17:12:56.118000031,tgi_request_total_tokens_sum,http,10.128.4.158:3000,tgis-bam,fmaas-monitoring,llama3,openshift-user-workload-monitoring/user-workload,tgis-bam,2482496.0
2024-05-17 17:13:01.105999947,tgi_request_total_tokens_sum,http,10.128.4.158:3000,tgis-bam,fmaas-monitoring,llama3,openshift-user-workload-monitoring/user-workload,tgis-bam,2484343.0
2024-05-17 17:13:06.105999947,tgi_request_total_tokens_sum,http,10.128.4.158:3000,tgis-bam,fmaas-monitoring,llama3,openshift-user-workload-monitoring/user-workload,tgis-bam,2484617.0
2024-05-17 17:13:11.105999947,tgi_request_total_tokens_sum,http,10.128.4.158:3000,tgis-bam,fmaas-monitoring,llama3,openshift-user-workload-monitoring/user-workload,tgis-bam,2485075.0
2024-05-17 17:13:16.105999947,tgi_request_total_tokens_sum,http,10.128.4.158:3000,tgis-bam,fmaas-monitoring,llama3,openshift-user-workload-monitoring/user-workload,tgis-bam,2485075.0
2024-05-17 17:13:21.105999947,tgi_request_total_tokens_sum,http,10.128.4.158:3000,tgis-bam,fmaas-monitoring,llama3,openshift-user-workload-monitoring/user-workload,tgis-bam,2485075.0
2024-05-17 17:13:26.105999947,tgi_request_total_tokens_sum,http,10.128.4.158:3000,tgis-bam,fmaas-monitoring,llama3,openshift-user-workload-monitoring/user-workload,tgis-bam,2485075.0
2024-05-17 17:13:31.105999947,tgi_request_total_tokens_sum,http,10.128.4.158:3000,tgis-bam,fmaas-monitoring,llama3,openshift-user-workload-monitoring/user-workload,tgis-bam,2485075.0
2024-05-17 17:13:36.105999947,tgi_request_total_tokens_sum,http,10.128.4.158:3000,tgis-bam,fmaas-monitoring,llama3,openshift-user-workload-monitoring/user-workload,tgis-bam,2485075.0
2024-05-17 17:13:41.105999947,tgi_request_total_tokens_sum,http,10.128.4.158:3000,tgis-bam,fmaas-monitoring,llama3,openshift-user-workload-monitoring/user-workload,tgis-bam,2485075.0
2024-05-17 17:13:46.105999947,tgi_request_total_tokens_sum,http,10.128.4.158:3000,tgis-bam,fmaas-monitoring,llama3,openshift-user-workload-monitoring/user-workload,tgis-bam,2485075.0
2024-05-17 17:13:51.105999947,tgi_request_total_tokens_sum,http,10.128.4.158:3000,tgis-bam,fmaas-monitoring,llama3,openshift-user-workload-monitoring/user-workload,tgis-bam,2485075.0
2024-05-17 17:13:56.105999947,tgi_request_total_tokens_sum,http,10.128.4.158:3000,tgis-bam,fmaas-monitoring,llama3,openshift-user-workload-monitoring/user-workload,tgis-bam,2485075.0
2024-05-17 17:14:01.105999947,tgi_request_total_tokens_sum,http,10.128.4.158:3000,tgis-bam,fmaas-monitoring,llama3,openshift-user-workload-monitoring/user-workload,tgis-bam,2488277.0
2024-05-17 17:14:06.105999947,tgi_request_total_tokens_sum,http,10.128.4.158:3000,tgis-bam,fmaas-monitoring,llama3,openshift-user-workload-monitoring/user-workload,tgis-bam,2488403.0
2024-05-17 17:14:11.108999968,tgi_request_total_tokens_sum,http,10.128.4.158:3000,tgis-bam,fmaas-monitoring,llama3,openshift-user-workload-monitoring/user-workload,tgis-bam,2488552.0
2024-05-17 17:14:16.105999947,tgi_request_total_tokens_sum,http,10.128.4.158:3000,tgis-bam,fmaas-monitoring,llama3,openshift-user-workload-monitoring/user-workload,tgis-bam,2488552.0
2024-05-17 17:14:21.105999947,tgi_request_total_tokens_sum,http,10.128.4.158:3000,tgis-bam,fmaas-monitoring,llama3,openshift-user-workload-monitoring/user-workload,tgis-bam,2488552.0
2024-05-17 17:14:26.105999947,tgi_request_total_tokens_sum,http,10.128.4.158:3000,tgis-bam,fmaas-monitoring,llama3,openshift-user-workload-monitoring/user-workload,tgis-bam,2488552.0
2024-05-17 17:14:31.117000103,tgi_request_total_tokens_sum,http,10.128.4.158:3000,tgis-bam,fmaas-monitoring,llama3,openshift-user-workload-monitoring/user-workload,tgis-bam,2488552.0
2024-05-17 17:14:36.105999947,tgi_request_total_tokens_sum,http,10.128.4.158:3000,tgis-bam,fmaas-monitoring,llama3,openshift-user-workload-monitoring/user-workload,tgis-bam,2488552.0
2024-05-17 17:14:41.105999947,tgi_request_total_tokens_sum,http,10.128.4.158:3000,tgis-bam,fmaas-monitoring,llama3,openshift-user-workload-monitoring/user-workload,tgis-bam,2488552.0
2024-05-17 17:14:46.105999947,tgi_request_total_tokens_sum,http,10.128.4.158:3000,tgis-bam,fmaas-monitoring,llama3,openshift-user-workload-monitoring/user-workload,tgis-bam,2488552.0
2024-05-17 17:14:51.105999947,tgi_request_total_tokens_sum,http,10.128.4.158:3000,tgis-bam,fmaas-monitoring,llama3,openshift-user-workload-monitoring/user-workload,tgis-bam,2488552.0
2024-05-17 17:14:56.105999947,tgi_request_total_tokens_sum,http,10.128.4.158:3000,tgis-bam,fmaas-monitoring,llama3,openshift-user-workload-monitoring/user-workload,tgis-bam,2488552.0
2024-05-17 17:15:01.105999947,tgi_request_total_tokens_sum,http,10.128.4.158:3000,tgis-bam,fmaas-monitoring,llama3,openshift-user-workload-monitoring/user-workload,tgis-bam,2488884.0
2024-05-17 17:15:06.105999947,tgi_request_total_tokens_sum,http,10.128.4.158:3000,tgis-bam,fmaas-monitoring,llama3,openshift-user-workload-monitoring/user-workload,tgis-bam,2489409.0
2024-05-17 17:15:11.105999947,tgi_request_total_tokens_sum,http,10.128.4.158:3000,tgis-bam,fmaas-monitoring,llama3,openshift-user-workload-monitoring/user-workload,tgis-bam,2489409.0
2024-05-17 17:15:16.105999947,tgi_request_total_tokens_sum,http,10.128.4.158:3000,tgis-bam,fmaas-monitoring,llama3,openshift-user-workload-monitoring/user-workload,tgis-bam,2489409.0
2024-05-17 17:15:21.105999947,tgi_request_total_tokens_sum,http,10.128.4.158:3000,tgis-bam,fmaas-monitoring,llama3,openshift-user-workload-monitoring/user-workload,tgis-bam,2489409.0
2024-05-17 17:15:26.105999947,tgi_request_total_tokens_sum,http,10.128.4.158:3000,tgis-bam,fmaas-monitoring,llama3,openshift-user-workload-monitoring/user-workload,tgis-bam,2489409.0
2024-05-17 17:15:31.105999947,tgi_request_total_tokens_sum,http,10.128.4.158:3000,tgis-bam,fmaas-monitoring,llama3,openshift-user-workload-monitoring/user-workload,tgis-bam,2489409.0
2024-05-17 17:15:36.105999947,tgi_request_total_tokens_sum,http,10.128.4.158:3000,tgis-bam,fmaas-monitoring,llama3,openshift-user-workload-monitoring/user-workload,tgis-bam,2489409.0
2024-05-17 17:15:41.105999947,tgi_request_total_tokens_sum,http,10.128.4.158:3000,tgis-bam,fmaas-monitoring,llama3,openshift-user-workload-monitoring/user-workload,tgis-bam,2489409.0
2024-05-17 17:15:46.105999947,tgi_request_total_tokens_sum,http,10.128.4.158:3000,tgis-bam,fmaas-monitoring,llama3,openshift-user-workload-monitoring/user-workload,tgis-bam,2489409.0
2024-05-17 17:15:51.105999947,tgi_request_total_tokens_sum,http,10.128.4.158:3000,tgis-bam,fmaas-monitoring,llama3,openshift-user-workload-monitoring/user-workload,tgis-bam,2489409.0
2024-05-17 17:15:56.105999947,tgi_request_total_tokens_sum,http,10.128.4.158:3000,tgis-bam,fmaas-monitoring,llama3,openshift-user-workload-monitoring/user-workload,tgis-bam,2489409.0
2024-05-17 17:16:01.105999947,tgi_request_total_tokens_sum,http,10.128.4.158:3000,tgis-bam,fmaas-monitoring,llama3,openshift-user-workload-monitoring/user-workload,tgis-bam,2489409.0
2024-05-17 17:16:06.105999947,tgi_request_total_tokens_sum,http,10.128.4.158:3000,tgis-bam,fmaas-monitoring,llama3,openshift-user-workload-monitoring/user-workload,tgis-bam,2489409.0
2024-05-17 17:16:11.105999947,tgi_request_total_tokens_sum,http,10.128.4.158:3000,tgis-bam,fmaas-monitoring,llama3,openshift-user-workload-monitoring/user-workload,tgis-bam,2489409.0
2024-05-17 17:16:16.105999947,tgi_request_total_tokens_sum,http,10.128.4.158:3000,tgis-bam,fmaas-monitoring,llama3,openshift-user-workload-monitoring/user-workload,tgis-bam,2489409.0
2024-05-17 17:16:21.105999947,tgi_request_total_tokens_sum,http,10.128.4.158:3000,tgis-bam,fmaas-monitoring,llama3,openshift-user-workload-monitoring/user-workload,tgis-bam,2489409.0
2024-05-17 17:16:26.105999947,tgi_request_total_tokens_sum,http,10.128.4.158:3000,tgis-bam,fmaas-monitoring,llama3,openshift-user-workload-monitoring/user-workload,tgis-bam,2489409.0
2024-05-17 17:16:31.105999947,tgi_request_total_tokens_sum,http,10.128.4.158:3000,tgis-bam,fmaas-monitoring,llama3,openshift-user-workload-monitoring/user-workload,tgis-bam,2489409.0
2024-05-17 17:16:36.105999947,tgi_request_total_tokens_sum,http,10.128.4.158:3000,tgis-bam,fmaas-monitoring,llama3,openshift-user-workload-monitoring/user-workload,tgis-bam,2489409.0
2024-05-17 17:16:41.105999947,tgi_request_total_tokens_sum,http,10.128.4.158:3000,tgis-bam,fmaas-monitoring,llama3,openshift-user-workload-monitoring/user-workload,tgis-bam,2489409.0
2024-05-17 17:16:46.105999947,tgi_request_total_tokens_sum,http,10.128.4.158:3000,tgis-bam,fmaas-monitoring,llama3,openshift-user-workload-monitoring/user-workload,tgis-bam,2489409.0
2024-05-17 17:16:51.105999947,tgi_request_total_tokens_sum,http,10.128.4.158:3000,tgis-bam,fmaas-monitoring,llama3,openshift-user-workload-monitoring/user-workload,tgis-bam,2489409.0
2024-05-17 17:16:56.105999947,tgi_request_total_tokens_sum,http,10.128.4.158:3000,tgis-bam,fmaas-monitoring,llama3,openshift-user-workload-monitoring/user-workload,tgis-bam,2489409.0
2024-05-17 17:17:01.109999895,tgi_request_total_tokens_sum,http,10.128.4.158:3000,tgis-bam,fmaas-monitoring,llama3,openshift-user-workload-monitoring/user-workload,tgis-bam,2489409.0
2024-05-17 17:17:06.105999947,tgi_request_total_tokens_sum,http,10.128.4.158:3000,tgis-bam,fmaas-monitoring,llama3,openshift-user-workload-monitoring/user-workload,tgis-bam,2489579.0
2024-05-17 17:17:11.105999947,tgi_request_total_tokens_sum,http,10.128.4.158:3000,tgis-bam,fmaas-monitoring,llama3,openshift-user-workload-monitoring/user-workload,tgis-bam,2489579.0
2024-05-17 17:17:16.105999947,tgi_request_total_tokens_sum,http,10.128.4.158:3000,tgis-bam,fmaas-monitoring,llama3,openshift-user-workload-monitoring/user-workload,tgis-bam,2493115.0
2024-05-17 17:17:21.105999947,tgi_request_total_tokens_sum,http,10.128.4.158:3000,tgis-bam,fmaas-monitoring,llama3,openshift-user-workload-monitoring/user-workload,tgis-bam,2493115.0
2024-05-17 17:17:26.105999947,tgi_request_total_tokens_sum,http,10.128.4.158:3000,tgis-bam,fmaas-monitoring,llama3,openshift-user-workload-monitoring/user-workload,tgis-bam,2493115.0
2024-05-17 17:17:31.105999947,tgi_request_total_tokens_sum,http,10.128.4.158:3000,tgis-bam,fmaas-monitoring,llama3,openshift-user-workload-monitoring/user-workload,tgis-bam,2493115.0
2024-05-17 17:17:36.105999947,tgi_request_total_tokens_sum,http,10.128.4.158:3000,tgis-bam,fmaas-monitoring,llama3,openshift-user-workload-monitoring/user-workload,tgis-bam,2493115.0
2024-05-17 17:17:41.105999947,tgi_request_total_tokens_sum,http,10.128.4.158:3000,tgis-bam,fmaas-monitoring,llama3,openshift-user-workload-monitoring/user-workload,tgis-bam,2493115.0
2024-05-17 17:17:46.105999947,tgi_request_total_tokens_sum,http,10.128.4.158:3000,tgis-bam,fmaas-monitoring,llama3,openshift-user-workload-monitoring/user-workload,tgis-bam,2493115.0
2024-05-17 17:17:51.105999947,tgi_request_total_tokens_sum,http,10.128.4.158:3000,tgis-bam,fmaas-monitoring,llama3,openshift-user-workload-monitoring/user-workload,tgis-bam,2493115.0
2024-05-17 17:17:56.105999947,tgi_request_total_tokens_sum,http,10.128.4.158:3000,tgis-bam,fmaas-monitoring,llama3,openshift-user-workload-monitoring/user-workload,tgis-bam,2493115.0
2024-05-17 17:18:01.105999947,tgi_request_total_tokens_sum,http,10.128.4.158:3000,tgis-bam,fmaas-monitoring,llama3,openshift-user-workload-monitoring/user-workload,tgis-bam,2493897.0
2024-05-17 17:18:06.105999947,tgi_request_total_tokens_sum,http,10.128.4.158:3000,tgis-bam,fmaas-monitoring,llama3,openshift-user-workload-monitoring/user-workload,tgis-bam,2493897.0
2024-05-17 17:18:11.105999947,tgi_request_total_tokens_sum,http,10.128.4.158:3000,tgis-bam,fmaas-monitoring,llama3,openshift-user-workload-monitoring/user-workload,tgis-bam,2496443.0
2024-05-17 17:18:16.105999947,tgi_request_total_tokens_sum,http,10.128.4.158:3000,tgis-bam,fmaas-monitoring,llama3,openshift-user-workload-monitoring/user-workload,tgis-bam,2496443.0
2024-05-17 17:18:21.105999947,tgi_request_total_tokens_sum,http,10.128.4.158:3000,tgis-bam,fmaas-monitoring,llama3,openshift-user-workload-monitoring/user-workload,tgis-bam,2496443.0
2024-05-17 17:18:26.105999947,tgi_request_total_tokens_sum,http,10.128.4.158:3000,tgis-bam,fmaas-monitoring,llama3,openshift-user-workload-monitoring/user-workload,tgis-bam,2496443.0
2024-05-17 17:18:31.105999947,tgi_request_total_tokens_sum,http,10.128.4.158:3000,tgis-bam,fmaas-monitoring,llama3,openshift-user-workload-monitoring/user-workload,tgis-bam,2496443.0
2024-05-17 17:18:36.105999947,tgi_request_total_tokens_sum,http,10.128.4.158:3000,tgis-bam,fmaas-monitoring,llama3,openshift-user-workload-monitoring/user-workload,tgis-bam,2496443.0
2024-05-17 17:18:41.105999947,tgi_request_total_tokens_sum,http,10.128.4.158:3000,tgis-bam,fmaas-monitoring,llama3,openshift-user-workload-monitoring/user-workload,tgis-bam,2496443.0
2024-05-17 17:18:46.105999947,tgi_request_total_tokens_sum,http,10.128.4.158:3000,tgis-bam,fmaas-monitoring,llama3,openshift-user-workload-monitoring/user-workload,tgis-bam,2496443.0
2024-05-17 17:18:51.105999947,tgi_request_total_tokens_sum,http,10.128.4.158:3000,tgis-bam,fmaas-monitoring,llama3,openshift-user-workload-monitoring/user-workload,tgis-bam,2496930.0
2024-05-17 17:18:56.109999895,tgi_request_total_tokens_sum,http,10.128.4.158:3000,tgis-bam,fmaas-monitoring,llama3,openshift-user-workload-monitoring/user-workload,tgis-bam,2499827.0
2024-05-17 17:19:01.105999947,tgi_request_total_tokens_sum,http,10.128.4.158:3000,tgis-bam,fmaas-monitoring,llama3,openshift-user-workload-monitoring/user-workload,tgis-bam,2499827.0
2024-05-17 17:19:06.105999947,tgi_request_total_tokens_sum,http,10.128.4.158:3000,tgis-bam,fmaas-monitoring,llama3,openshift-user-workload-monitoring/user-workload,tgis-bam,2502320.0
2024-05-17 17:19:11.105999947,tgi_request_total_tokens_sum,http,10.128.4.158:3000,tgis-bam,fmaas-monitoring,llama3,openshift-user-workload-monitoring/user-workload,tgis-bam,2502451.0
2024-05-17 17:19:16.105999947,tgi_request_total_tokens_sum,http,10.128.4.158:3000,tgis-bam,fmaas-monitoring,llama3,openshift-user-workload-monitoring/user-workload,tgis-bam,2502451.0
2024-05-17 17:19:21.105999947,tgi_request_total_tokens_sum,http,10.128.4.158:3000,tgis-bam,fmaas-monitoring,llama3,openshift-user-workload-monitoring/user-workload,tgis-bam,2502451.0
2024-05-17 17:19:26.105999947,tgi_request_total_tokens_sum,http,10.128.4.158:3000,tgis-bam,fmaas-monitoring,llama3,openshift-user-workload-monitoring/user-workload,tgis-bam,2502451.0
2024-05-17 17:19:31.105999947,tgi_request_total_tokens_sum,http,10.128.4.158:3000,tgis-bam,fmaas-monitoring,llama3,openshift-user-workload-monitoring/user-workload,tgis-bam,2502451.0
2024-05-17 17:19:36.105999947,tgi_request_total_tokens_sum,http,10.128.4.158:3000,tgis-bam,fmaas-monitoring,llama3,openshift-user-workload-monitoring/user-workload,tgis-bam,2502451.0
2024-05-17 17:19:41.105999947,tgi_request_total_tokens_sum,http,10.128.4.158:3000,tgis-bam,fmaas-monitoring,llama3,openshift-user-workload-monitoring/user-workload,tgis-bam,2502451.0
2024-05-17 17:19:46.105999947,tgi_request_total_tokens_sum,http,10.128.4.158:3000,tgis-bam,fmaas-monitoring,llama3,openshift-user-workload-monitoring/user-workload,tgis-bam,2502451.0
2024-05-17 17:19:51.105999947,tgi_request_total_tokens_sum,http,10.128.4.158:3000,tgis-bam,fmaas-monitoring,llama3,openshift-user-workload-monitoring/user-workload,tgis-bam,2502451.0
2024-05-17 17:19:56.105999947,tgi_request_total_tokens_sum,http,10.128.4.158:3000,tgis-bam,fmaas-monitoring,llama3,openshift-user-workload-monitoring/user-workload,tgis-bam,2502451.0
2024-05-17 17:20:01.105999947,tgi_request_total_tokens_sum,http,10.128.4.158:3000,tgis-bam,fmaas-monitoring,llama3,openshift-user-workload-monitoring/user-workload,tgis-bam,2502451.0
2024-05-17 17:20:06.105999947,tgi_request_total_tokens_sum,http,10.128.4.158:3000,tgis-bam,fmaas-monitoring,llama3,openshift-user-workload-monitoring/user-workload,tgis-bam,2502451.0
2024-05-17 17:20:11.105999947,tgi_request_total_tokens_sum,http,10.128.4.158:3000,tgis-bam,fmaas-monitoring,llama3,openshift-user-workload-monitoring/user-workload,tgis-bam,2502733.0
2024-05-17 17:20:16.105999947,tgi_request_total_tokens_sum,http,10.128.4.158:3000,tgis-bam,fmaas-monitoring,llama3,openshift-user-workload-monitoring/user-workload,tgis-bam,2502733.0
2024-05-17 17:20:21.105999947,tgi_request_total_tokens_sum,http,10.128.4.158:3000,tgis-bam,fmaas-monitoring,llama3,openshift-user-workload-monitoring/user-workload,tgis-bam,2502733.0
2024-05-17 17:20:26.105999947,tgi_request_total_tokens_sum,http,10.128.4.158:3000,tgis-bam,fmaas-monitoring,llama3,openshift-user-workload-monitoring/user-workload,tgis-bam,2502733.0
2024-05-17 17:20:31.105999947,tgi_request_total_tokens_sum,http,10.128.4.158:3000,tgis-bam,fmaas-monitoring,llama3,openshift-user-workload-monitoring/user-workload,tgis-bam,2505049.0
2024-05-17 17:20:36.105999947,tgi_request_total_tokens_sum,http,10.128.4.158:3000,tgis-bam,fmaas-monitoring,llama3,openshift-user-workload-monitoring/user-workload,tgis-bam,2505049.0
2024-05-17 17:20:41.115000010,tgi_request_total_tokens_sum,http,10.128.4.158:3000,tgis-bam,fmaas-monitoring,llama3,openshift-user-workload-monitoring/user-workload,tgis-bam,2505049.0
2024-05-17 17:20:46.105999947,tgi_request_total_tokens_sum,http,10.128.4.158:3000,tgis-bam,fmaas-monitoring,llama3,openshift-user-workload-monitoring/user-workload,tgis-bam,2505049.0
2024-05-17 17:20:51.105999947,tgi_request_total_tokens_sum,http,10.128.4.158:3000,tgis-bam,fmaas-monitoring,llama3,openshift-user-workload-monitoring/user-workload,tgis-bam,2505049.0
2024-05-17 17:20:56.105999947,tgi_request_total_tokens_sum,http,10.128.4.158:3000,tgis-bam,fmaas-monitoring,llama3,openshift-user-workload-monitoring/user-workload,tgis-bam,2505049.0
2024-05-17 17:21:01.105999947,tgi_request_total_tokens_sum,http,10.128.4.158:3000,tgis-bam,fmaas-monitoring,llama3,openshift-user-workload-monitoring/user-workload,tgis-bam,2505049.0
2024-05-17 17:21:06.105999947,tgi_request_total_tokens_sum,http,10.128.4.158:3000,tgis-bam,fmaas-monitoring,llama3,openshift-user-workload-monitoring/user-workload,tgis-bam,2505049.0
2024-05-17 17:21:11.105999947,tgi_request_total_tokens_sum,http,10.128.4.158:3000,tgis-bam,fmaas-monitoring,llama3,openshift-user-workload-monitoring/user-workload,tgis-bam,2505180.0
2024-05-17 17:21:16.105999947,tgi_request_total_tokens_sum,http,10.128.4.158:3000,tgis-bam,fmaas-monitoring,llama3,openshift-user-workload-monitoring/user-workload,tgis-bam,2505555.0
2024-05-17 17:21:21.105999947,tgi_request_total_tokens_sum,http,10.128.4.158:3000,tgis-bam,fmaas-monitoring,llama3,openshift-user-workload-monitoring/user-workload,tgis-bam,2505555.0
2024-05-17 17:21:26.105999947,tgi_request_total_tokens_sum,http,10.128.4.158:3000,tgis-bam,fmaas-monitoring,llama3,openshift-user-workload-monitoring/user-workload,tgis-bam,2505555.0
2024-05-17 17:21:31.105999947,tgi_request_total_tokens_sum,http,10.128.4.158:3000,tgis-bam,fmaas-monitoring,llama3,openshift-user-workload-monitoring/user-workload,tgis-bam,2505555.0
2024-05-17 17:21:36.105999947,tgi_request_total_tokens_sum,http,10.128.4.158:3000,tgis-bam,fmaas-monitoring,llama3,openshift-user-workload-monitoring/user-workload,tgis-bam,2505993.0
2024-05-17 17:21:41.105999947,tgi_request_total_tokens_sum,http,10.128.4.158:3000,tgis-bam,fmaas-monitoring,llama3,openshift-user-workload-monitoring/user-workload,tgis-bam,2505993.0
2024-05-17 17:21:46.105999947,tgi_request_total_tokens_sum,http,10.128.4.158:3000,tgis-bam,fmaas-monitoring,llama3,openshift-user-workload-monitoring/user-workload,tgis-bam,2505993.0
2024-05-17 17:21:51.105999947,tgi_request_total_tokens_sum,http,10.128.4.158:3000,tgis-bam,fmaas-monitoring,llama3,openshift-user-workload-monitoring/user-workload,tgis-bam,2505993.0
2024-05-17 17:21:56.105999947,tgi_request_total_tokens_sum,http,10.128.4.158:3000,tgis-bam,fmaas-monitoring,llama3,openshift-user-workload-monitoring/user-workload,tgis-bam,2505993.0
2024-05-17 17:22:01.105999947,tgi_request_total_tokens_sum,http,10.128.4.158:3000,tgis-bam,fmaas-monitoring,llama3,openshift-user-workload-monitoring/user-workload,tgis-bam,2507702.0
2024-05-17 17:22:06.105999947,tgi_request_total_tokens_sum,http,10.128.4.158:3000,tgis-bam,fmaas-monitoring,llama3,openshift-user-workload-monitoring/user-workload,tgis-bam,2509204.0
2024-05-17 17:22:11.105999947,tgi_request_total_tokens_sum,http,10.128.4.158:3000,tgis-bam,fmaas-monitoring,llama3,openshift-user-workload-monitoring/user-workload,tgis-bam,2510000.0
2024-05-17 17:22:16.105999947,tgi_request_total_tokens_sum,http,10.128.4.158:3000,tgis-bam,fmaas-monitoring,llama3,openshift-user-workload-monitoring/user-workload,tgis-bam,2510000.0
2024-05-17 17:22:21.105999947,tgi_request_total_tokens_sum,http,10.128.4.158:3000,tgis-bam,fmaas-monitoring,llama3,openshift-user-workload-monitoring/user-workload,tgis-bam,2510000.0
2024-05-17 17:22:26.105999947,tgi_request_total_tokens_sum,http,10.128.4.158:3000,tgis-bam,fmaas-monitoring,llama3,openshift-user-workload-monitoring/user-workload,tgis-bam,2510000.0
2024-05-17 17:22:31.105999947,tgi_request_total_tokens_sum,http,10.128.4.158:3000,tgis-bam,fmaas-monitoring,llama3,openshift-user-workload-monitoring/user-workload,tgis-bam,2510000.0
2024-05-17 17:22:36.114000082,tgi_request_total_tokens_sum,http,10.128.4.158:3000,tgis-bam,fmaas-monitoring,llama3,openshift-user-workload-monitoring/user-workload,tgis-bam,2510000.0
2024-05-17 17:22:41.105999947,tgi_request_total_tokens_sum,http,10.128.4.158:3000,tgis-bam,fmaas-monitoring,llama3,openshift-user-workload-monitoring/user-workload,tgis-bam,2510000.0
2024-05-17 17:22:46.105999947,tgi_request_total_tokens_sum,http,10.128.4.158:3000,tgis-bam,fmaas-monitoring,llama3,openshift-user-workload-monitoring/user-workload,tgis-bam,2510000.0
2024-05-17 17:22:51.105999947,tgi_request_total_tokens_sum,http,10.128.4.158:3000,tgis-bam,fmaas-monitoring,llama3,openshift-user-workload-monitoring/user-workload,tgis-bam,2510000.0
2024-05-17 17:22:56.105999947,tgi_request_total_tokens_sum,http,10.128.4.158:3000,tgis-bam,fmaas-monitoring,llama3,openshift-user-workload-monitoring/user-workload,tgis-bam,2510000.0
2024-05-17 17:23:01.105999947,tgi_request_total_tokens_sum,http,10.128.4.158:3000,tgis-bam,fmaas-monitoring,llama3,openshift-user-workload-monitoring/user-workload,tgis-bam,2510000.0
2024-05-17 17:23:06.105999947,tgi_request_total_tokens_sum,http,10.128.4.158:3000,tgis-bam,fmaas-monitoring,llama3,openshift-user-workload-monitoring/user-workload,tgis-bam,2510000.0
2024-05-17 17:23:11.105999947,tgi_request_total_tokens_sum,http,10.128.4.158:3000,tgis-bam,fmaas-monitoring,llama3,openshift-user-workload-monitoring/user-workload,tgis-bam,2510000.0
2024-05-17 17:23:16.105999947,tgi_request_total_tokens_sum,http,10.128.4.158:3000,tgis-bam,fmaas-monitoring,llama3,openshift-user-workload-monitoring/user-workload,tgis-bam,2510000.0
2024-05-17 17:23:21.105999947,tgi_request_total_tokens_sum,http,10.128.4.158:3000,tgis-bam,fmaas-monitoring,llama3,openshift-user-workload-monitoring/user-workload,tgis-bam,2510000.0
2024-05-17 17:23:26.105999947,tgi_request_total_tokens_sum,http,10.128.4.158:3000,tgis-bam,fmaas-monitoring,llama3,openshift-user-workload-monitoring/user-workload,tgis-bam,2510000.0
2024-05-17 17:23:31.111999989,tgi_request_total_tokens_sum,http,10.128.4.158:3000,tgis-bam,fmaas-monitoring,llama3,openshift-user-workload-monitoring/user-workload,tgis-bam,2510000.0
2024-05-17 17:23:36.105999947,tgi_request_total_tokens_sum,http,10.128.4.158:3000,tgis-bam,fmaas-monitoring,llama3,openshift-user-workload-monitoring/user-workload,tgis-bam,2510000.0
2024-05-17 17:23:41.105999947,tgi_request_total_tokens_sum,http,10.128.4.158:3000,tgis-bam,fmaas-monitoring,llama3,openshift-user-workload-monitoring/user-workload,tgis-bam,2510000.0
2024-05-17 17:23:46.105999947,tgi_request_total_tokens_sum,http,10.128.4.158:3000,tgis-bam,fmaas-monitoring,llama3,openshift-user-workload-monitoring/user-workload,tgis-bam,2510000.0
2024-05-17 17:23:51.105999947,tgi_request_total_tokens_sum,http,10.128.4.158:3000,tgis-bam,fmaas-monitoring,llama3,openshift-user-workload-monitoring/user-workload,tgis-bam,2510000.0
2024-05-17 17:23:56.105999947,tgi_request_total_tokens_sum,http,10.128.4.158:3000,tgis-bam,fmaas-monitoring,llama3,openshift-user-workload-monitoring/user-workload,tgis-bam,2510487.0
2024-05-17 17:24:01.105999947,tgi_request_total_tokens_sum,http,10.128.4.158:3000,tgis-bam,fmaas-monitoring,llama3,openshift-user-workload-monitoring/user-workload,tgis-bam,2510935.0
2024-05-17 17:24:06.105999947,tgi_request_total_tokens_sum,http,10.128.4.158:3000,tgis-bam,fmaas-monitoring,llama3,openshift-user-workload-monitoring/user-workload,tgis-bam,2511020.0
2024-05-17 17:24:11.105999947,tgi_request_total_tokens_sum,http,10.128.4.158:3000,tgis-bam,fmaas-monitoring,llama3,openshift-user-workload-monitoring/user-workload,tgis-bam,2512881.0
2024-05-17 17:24:16.105999947,tgi_request_total_tokens_sum,http,10.128.4.158:3000,tgis-bam,fmaas-monitoring,llama3,openshift-user-workload-monitoring/user-workload,tgis-bam,2512881.0
2024-05-17 17:24:21.105999947,tgi_request_total_tokens_sum,http,10.128.4.158:3000,tgis-bam,fmaas-monitoring,llama3,openshift-user-workload-monitoring/user-workload,tgis-bam,2512881.0
2024-05-17 17:24:26.105999947,tgi_request_total_tokens_sum,http,10.128.4.158:3000,tgis-bam,fmaas-monitoring,llama3,openshift-user-workload-monitoring/user-workload,tgis-bam,2512881.0
2024-05-17 17:24:31.105999947,tgi_request_total_tokens_sum,http,10.128.4.158:3000,tgis-bam,fmaas-monitoring,llama3,openshift-user-workload-monitoring/user-workload,tgis-bam,2512881.0
2024-05-17 17:24:36.105999947,tgi_request_total_tokens_sum,http,10.128.4.158:3000,tgis-bam,fmaas-monitoring,llama3,openshift-user-workload-monitoring/user-workload,tgis-bam,2512881.0
2024-05-17 17:24:41.105999947,tgi_request_total_tokens_sum,http,10.128.4.158:3000,tgis-bam,fmaas-monitoring,llama3,openshift-user-workload-monitoring/user-workload,tgis-bam,2512881.0
2024-05-17 17:24:46.105999947,tgi_request_total_tokens_sum,http,10.128.4.158:3000,tgis-bam,fmaas-monitoring,llama3,openshift-user-workload-monitoring/user-workload,tgis-bam,2512881.0
2024-05-17 17:24:51.105999947,tgi_request_total_tokens_sum,http,10.128.4.158:3000,tgis-bam,fmaas-monitoring,llama3,openshift-user-workload-monitoring/user-workload,tgis-bam,2512881.0
2024-05-17 17:24:56.118000031,tgi_request_total_tokens_sum,http,10.128.4.158:3000,tgis-bam,fmaas-monitoring,llama3,openshift-user-workload-monitoring/user-workload,tgis-bam,2512881.0
2024-05-17 17:25:01.105999947,tgi_request_total_tokens_sum,http,10.128.4.158:3000,tgis-bam,fmaas-monitoring,llama3,openshift-user-workload-monitoring/user-workload,tgis-bam,2513662.0
2024-05-17 17:25:06.105999947,tgi_request_total_tokens_sum,http,10.128.4.158:3000,tgis-bam,fmaas-monitoring,llama3,openshift-user-workload-monitoring/user-workload,tgis-bam,2513662.0
2024-05-17 17:25:11.105999947,tgi_request_total_tokens_sum,http,10.128.4.158:3000,tgis-bam,fmaas-monitoring,llama3,openshift-user-workload-monitoring/user-workload,tgis-bam,2514746.0
2024-05-17 17:25:16.105999947,tgi_request_total_tokens_sum,http,10.128.4.158:3000,tgis-bam,fmaas-monitoring,llama3,openshift-user-workload-monitoring/user-workload,tgis-bam,2514746.0
2024-05-17 17:25:21.105999947,tgi_request_total_tokens_sum,http,10.128.4.158:3000,tgis-bam,fmaas-monitoring,llama3,openshift-user-workload-monitoring/user-workload,tgis-bam,2514746.0
2024-05-17 17:25:26.105999947,tgi_request_total_tokens_sum,http,10.128.4.158:3000,tgis-bam,fmaas-monitoring,llama3,openshift-user-workload-monitoring/user-workload,tgis-bam,2514746.0
2024-05-17 17:25:31.105999947,tgi_request_total_tokens_sum,http,10.128.4.158:3000,tgis-bam,fmaas-monitoring,llama3,openshift-user-workload-monitoring/user-workload,tgis-bam,2514746.0
2024-05-17 17:25:36.105999947,tgi_request_total_tokens_sum,http,10.128.4.158:3000,tgis-bam,fmaas-monitoring,llama3,openshift-user-workload-monitoring/user-workload,tgis-bam,2514746.0
2024-05-17 17:25:41.105999947,tgi_request_total_tokens_sum,http,10.128.4.158:3000,tgis-bam,fmaas-monitoring,llama3,openshift-user-workload-monitoring/user-workload,tgis-bam,2514746.0
2024-05-17 17:25:46.105999947,tgi_request_total_tokens_sum,http,10.128.4.158:3000,tgis-bam,fmaas-monitoring,llama3,openshift-user-workload-monitoring/user-workload,tgis-bam,2514746.0
2024-05-17 17:25:51.105999947,tgi_request_total_tokens_sum,http,10.128.4.158:3000,tgis-bam,fmaas-monitoring,llama3,openshift-user-workload-monitoring/user-workload,tgis-bam,2518179.0
2024-05-17 17:25:56.105999947,tgi_request_total_tokens_sum,http,10.128.4.158:3000,tgis-bam,fmaas-monitoring,llama3,openshift-user-workload-monitoring/user-workload,tgis-bam,2520681.0
2024-05-17 17:26:01.105999947,tgi_request_total_tokens_sum,http,10.128.4.158:3000,tgis-bam,fmaas-monitoring,llama3,openshift-user-workload-monitoring/user-workload,tgis-bam,2520681.0
2024-05-17 17:26:06.105999947,tgi_request_total_tokens_sum,http,10.128.4.158:3000,tgis-bam,fmaas-monitoring,llama3,openshift-user-workload-monitoring/user-workload,tgis-bam,2521047.0
2024-05-17 17:26:11.105999947,tgi_request_total_tokens_sum,http,10.128.4.158:3000,tgis-bam,fmaas-monitoring,llama3,openshift-user-workload-monitoring/user-workload,tgis-bam,2521047.0
2024-05-17 17:26:16.105999947,tgi_request_total_tokens_sum,http,10.128.4.158:3000,tgis-bam,fmaas-monitoring,llama3,openshift-user-workload-monitoring/user-workload,tgis-bam,2521047.0
2024-05-17 17:26:21.105999947,tgi_request_total_tokens_sum,http,10.128.4.158:3000,tgis-bam,fmaas-monitoring,llama3,openshift-user-workload-monitoring/user-workload,tgis-bam,2521047.0
2024-05-17 17:26:26.105999947,tgi_request_total_tokens_sum,http,10.128.4.158:3000,tgis-bam,fmaas-monitoring,llama3,openshift-user-workload-monitoring/user-workload,tgis-bam,2521047.0
2024-05-17 17:26:31.105999947,tgi_request_total_tokens_sum,http,10.128.4.158:3000,tgis-bam,fmaas-monitoring,llama3,openshift-user-workload-monitoring/user-workload,tgis-bam,2521047.0
2024-05-17 17:26:36.105999947,tgi_request_total_tokens_sum,http,10.128.4.158:3000,tgis-bam,fmaas-monitoring,llama3,openshift-user-workload-monitoring/user-workload,tgis-bam,2521047.0
2024-05-17 17:26:41.105999947,tgi_request_total_tokens_sum,http,10.128.4.158:3000,tgis-bam,fmaas-monitoring,llama3,openshift-user-workload-monitoring/user-workload,tgis-bam,2521047.0
2024-05-17 17:26:46.105999947,tgi_request_total_tokens_sum,http,10.128.4.158:3000,tgis-bam,fmaas-monitoring,llama3,openshift-user-workload-monitoring/user-workload,tgis-bam,2521047.0
2024-05-17 17:26:51.105999947,tgi_request_total_tokens_sum,http,10.128.4.158:3000,tgis-bam,fmaas-monitoring,llama3,openshift-user-workload-monitoring/user-workload,tgis-bam,2521047.0
2024-05-17 17:26:56.105999947,tgi_request_total_tokens_sum,http,10.128.4.158:3000,tgis-bam,fmaas-monitoring,llama3,openshift-user-workload-monitoring/user-workload,tgis-bam,2521047.0
2024-05-17 17:27:01.105999947,tgi_request_total_tokens_sum,http,10.128.4.158:3000,tgis-bam,fmaas-monitoring,llama3,openshift-user-workload-monitoring/user-workload,tgis-bam,2522386.0
2024-05-17 17:27:06.105999947,tgi_request_total_tokens_sum,http,10.128.4.158:3000,tgis-bam,fmaas-monitoring,llama3,openshift-user-workload-monitoring/user-workload,tgis-bam,2522386.0
2024-05-17 17:27:11.105999947,tgi_request_total_tokens_sum,http,10.128.4.158:3000,tgis-bam,fmaas-monitoring,llama3,openshift-user-workload-monitoring/user-workload,tgis-bam,2523145.0
2024-05-17 17:27:16.105999947,tgi_request_total_tokens_sum,http,10.128.4.158:3000,tgis-bam,fmaas-monitoring,llama3,openshift-user-workload-monitoring/user-workload,tgis-bam,2526072.0
2024-05-17 17:27:21.105999947,tgi_request_total_tokens_sum,http,10.128.4.158:3000,tgis-bam,fmaas-monitoring,llama3,openshift-user-workload-monitoring/user-workload,tgis-bam,2526072.0
2024-05-17 17:27:26.105999947,tgi_request_total_tokens_sum,http,10.128.4.158:3000,tgis-bam,fmaas-monitoring,llama3,openshift-user-workload-monitoring/user-workload,tgis-bam,2526072.0
2024-05-17 17:27:31.105999947,tgi_request_total_tokens_sum,http,10.128.4.158:3000,tgis-bam,fmaas-monitoring,llama3,openshift-user-workload-monitoring/user-workload,tgis-bam,2526484.0
2024-05-17 17:27:36.111999989,tgi_request_total_tokens_sum,http,10.128.4.158:3000,tgis-bam,fmaas-monitoring,llama3,openshift-user-workload-monitoring/user-workload,tgis-bam,2526484.0
2024-05-17 17:27:41.105999947,tgi_request_total_tokens_sum,http,10.128.4.158:3000,tgis-bam,fmaas-monitoring,llama3,openshift-user-workload-monitoring/user-workload,tgis-bam,2526484.0
2024-05-17 17:27:46.105999947,tgi_request_total_tokens_sum,http,10.128.4.158:3000,tgis-bam,fmaas-monitoring,llama3,openshift-user-workload-monitoring/user-workload,tgis-bam,2526484.0
2024-05-17 17:27:51.105999947,tgi_request_total_tokens_sum,http,10.128.4.158:3000,tgis-bam,fmaas-monitoring,llama3,openshift-user-workload-monitoring/user-workload,tgis-bam,2526484.0
2024-05-17 17:27:56.105999947,tgi_request_total_tokens_sum,http,10.128.4.158:3000,tgis-bam,fmaas-monitoring,llama3,openshift-user-workload-monitoring/user-workload,tgis-bam,2526484.0
2024-05-17 17:28:01.105999947,tgi_request_total_tokens_sum,http,10.128.4.158:3000,tgis-bam,fmaas-monitoring,llama3,openshift-user-workload-monitoring/user-workload,tgis-bam,2526484.0
2024-05-17 17:28:06.105999947,tgi_request_total_tokens_sum,http,10.128.4.158:3000,tgis-bam,fmaas-monitoring,llama3,openshift-user-workload-monitoring/user-workload,tgis-bam,2526976.0
2024-05-17 17:28:11.105999947,tgi_request_total_tokens_sum,http,10.128.4.158:3000,tgis-bam,fmaas-monitoring,llama3,openshift-user-workload-monitoring/user-workload,tgis-bam,2527144.0
2024-05-17 17:28:16.105999947,tgi_request_total_tokens_sum,http,10.128.4.158:3000,tgis-bam,fmaas-monitoring,llama3,openshift-user-workload-monitoring/user-workload,tgis-bam,2527144.0
2024-05-17 17:28:21.105999947,tgi_request_total_tokens_sum,http,10.128.4.158:3000,tgis-bam,fmaas-monitoring,llama3,openshift-user-workload-monitoring/user-workload,tgis-bam,2527144.0
2024-05-17 17:28:26.105999947,tgi_request_total_tokens_sum,http,10.128.4.158:3000,tgis-bam,fmaas-monitoring,llama3,openshift-user-workload-monitoring/user-workload,tgis-bam,2527144.0
2024-05-17 17:28:31.137000084,tgi_request_total_tokens_sum,http,10.128.4.158:3000,tgis-bam,fmaas-monitoring,llama3,openshift-user-workload-monitoring/user-workload,tgis-bam,2527144.0
2024-05-17 17:28:36.105999947,tgi_request_total_tokens_sum,http,10.128.4.158:3000,tgis-bam,fmaas-monitoring,llama3,openshift-user-workload-monitoring/user-workload,tgis-bam,2527144.0
2024-05-17 17:28:41.105999947,tgi_request_total_tokens_sum,http,10.128.4.158:3000,tgis-bam,fmaas-monitoring,llama3,openshift-user-workload-monitoring/user-workload,tgis-bam,2527144.0
2024-05-17 17:28:46.105999947,tgi_request_total_tokens_sum,http,10.128.4.158:3000,tgis-bam,fmaas-monitoring,llama3,openshift-user-workload-monitoring/user-workload,tgis-bam,2527144.0
2024-05-17 17:28:51.119999886,tgi_request_total_tokens_sum,http,10.128.4.158:3000,tgis-bam,fmaas-monitoring,llama3,openshift-user-workload-monitoring/user-workload,tgis-bam,2527756.0
2024-05-17 17:28:56.105999947,tgi_request_total_tokens_sum,http,10.128.4.158:3000,tgis-bam,fmaas-monitoring,llama3,openshift-user-workload-monitoring/user-workload,tgis-bam,2527756.0
2024-05-17 17:29:01.105999947,tgi_request_total_tokens_sum,http,10.128.4.158:3000,tgis-bam,fmaas-monitoring,llama3,openshift-user-workload-monitoring/user-workload,tgis-bam,2527756.0
2024-05-17 17:29:06.121000051,tgi_request_total_tokens_sum,http,10.128.4.158:3000,tgis-bam,fmaas-monitoring,llama3,openshift-user-workload-monitoring/user-workload,tgis-bam,2527756.0
2024-05-17 17:29:11.105999947,tgi_request_total_tokens_sum,http,10.128.4.158:3000,tgis-bam,fmaas-monitoring,llama3,openshift-user-workload-monitoring/user-workload,tgis-bam,2527756.0
2024-05-17 17:29:16.105999947,tgi_request_total_tokens_sum,http,10.128.4.158:3000,tgis-bam,fmaas-monitoring,llama3,openshift-user-workload-monitoring/user-workload,tgis-bam,2528308.0
2024-05-17 17:29:21.105999947,tgi_request_total_tokens_sum,http,10.128.4.158:3000,tgis-bam,fmaas-monitoring,llama3,openshift-user-workload-monitoring/user-workload,tgis-bam,2528308.0
2024-05-17 17:29:26.105999947,tgi_request_total_tokens_sum,http,10.128.4.158:3000,tgis-bam,fmaas-monitoring,llama3,openshift-user-workload-monitoring/user-workload,tgis-bam,2528308.0
2024-05-17 17:29:31.105999947,tgi_request_total_tokens_sum,http,10.128.4.158:3000,tgis-bam,fmaas-monitoring,llama3,openshift-user-workload-monitoring/user-workload,tgis-bam,2528308.0
2024-05-17 17:29:36.105999947,tgi_request_total_tokens_sum,http,10.128.4.158:3000,tgis-bam,fmaas-monitoring,llama3,openshift-user-workload-monitoring/user-workload,tgis-bam,2528308.0
2024-05-17 17:29:41.105999947,tgi_request_total_tokens_sum,http,10.128.4.158:3000,tgis-bam,fmaas-monitoring,llama3,openshift-user-workload-monitoring/user-workload,tgis-bam,2528308.0
2024-05-17 17:29:46.105999947,tgi_request_total_tokens_sum,http,10.128.4.158:3000,tgis-bam,fmaas-monitoring,llama3,openshift-user-workload-monitoring/user-workload,tgis-bam,2528930.0
2024-05-17 17:29:51.105999947,tgi_request_total_tokens_sum,http,10.128.4.158:3000,tgis-bam,fmaas-monitoring,llama3,openshift-user-workload-monitoring/user-workload,tgis-bam,2529085.0
2024-05-17 17:29:56.105999947,tgi_request_total_tokens_sum,http,10.128.4.158:3000,tgis-bam,fmaas-monitoring,llama3,openshift-user-workload-monitoring/user-workload,tgis-bam,2529085.0
2024-05-17 17:30:01.105999947,tgi_request_total_tokens_sum,http,10.128.4.158:3000,tgis-bam,fmaas-monitoring,llama3,openshift-user-workload-monitoring/user-workload,tgis-bam,2529085.0
2024-05-17 17:30:06.105999947,tgi_request_total_tokens_sum,http,10.128.4.158:3000,tgis-bam,fmaas-monitoring,llama3,openshift-user-workload-monitoring/user-workload,tgis-bam,2529085.0
2024-05-17 17:30:11.105999947,tgi_request_total_tokens_sum,http,10.128.4.158:3000,tgis-bam,fmaas-monitoring,llama3,openshift-user-workload-monitoring/user-workload,tgis-bam,2529085.0
2024-05-17 17:30:16.105999947,tgi_request_total_tokens_sum,http,10.128.4.158:3000,tgis-bam,fmaas-monitoring,llama3,openshift-user-workload-monitoring/user-workload,tgis-bam,2529085.0
2024-05-17 17:30:21.105999947,tgi_request_total_tokens_sum,http,10.128.4.158:3000,tgis-bam,fmaas-monitoring,llama3,openshift-user-workload-monitoring/user-workload,tgis-bam,2529085.0
2024-05-17 17:30:26.105999947,tgi_request_total_tokens_sum,http,10.128.4.158:3000,tgis-bam,fmaas-monitoring,llama3,openshift-user-workload-monitoring/user-workload,tgis-bam,2529085.0
2024-05-17 17:30:31.105999947,tgi_request_total_tokens_sum,http,10.128.4.158:3000,tgis-bam,fmaas-monitoring,llama3,openshift-user-workload-monitoring/user-workload,tgis-bam,2529085.0
2024-05-17 17:30:36.105999947,tgi_request_total_tokens_sum,http,10.128.4.158:3000,tgis-bam,fmaas-monitoring,llama3,openshift-user-workload-monitoring/user-workload,tgis-bam,2529085.0
2024-05-17 17:30:41.105999947,tgi_request_total_tokens_sum,http,10.128.4.158:3000,tgis-bam,fmaas-monitoring,llama3,openshift-user-workload-monitoring/user-workload,tgis-bam,2529085.0
2024-05-17 17:30:46.105999947,tgi_request_total_tokens_sum,http,10.128.4.158:3000,tgis-bam,fmaas-monitoring,llama3,openshift-user-workload-monitoring/user-workload,tgis-bam,2529085.0
2024-05-17 17:30:51.105999947,tgi_request_total_tokens_sum,http,10.128.4.158:3000,tgis-bam,fmaas-monitoring,llama3,openshift-user-workload-monitoring/user-workload,tgis-bam,2529085.0
2024-05-17 17:30:56.105999947,tgi_request_total_tokens_sum,http,10.128.4.158:3000,tgis-bam,fmaas-monitoring,llama3,openshift-user-workload-monitoring/user-workload,tgis-bam,2530461.0
2024-05-17 17:31:01.105999947,tgi_request_total_tokens_sum,http,10.128.4.158:3000,tgis-bam,fmaas-monitoring,llama3,openshift-user-workload-monitoring/user-workload,tgis-bam,2530461.0
2024-05-17 17:31:06.105999947,tgi_request_total_tokens_sum,http,10.128.4.158:3000,tgis-bam,fmaas-monitoring,llama3,openshift-user-workload-monitoring/user-workload,tgis-bam,2531342.0
2024-05-17 17:31:11.105999947,tgi_request_total_tokens_sum,http,10.128.4.158:3000,tgis-bam,fmaas-monitoring,llama3,openshift-user-workload-monitoring/user-workload,tgis-bam,2533413.0
2024-05-17 17:31:16.105999947,tgi_request_total_tokens_sum,http,10.128.4.158:3000,tgis-bam,fmaas-monitoring,llama3,openshift-user-workload-monitoring/user-workload,tgis-bam,2533413.0
2024-05-17 17:31:21.105999947,tgi_request_total_tokens_sum,http,10.128.4.158:3000,tgis-bam,fmaas-monitoring,llama3,openshift-user-workload-monitoring/user-workload,tgis-bam,2533413.0
2024-05-17 17:31:26.105999947,tgi_request_total_tokens_sum,http,10.128.4.158:3000,tgis-bam,fmaas-monitoring,llama3,openshift-user-workload-monitoring/user-workload,tgis-bam,2533413.0
2024-05-17 17:31:31.105999947,tgi_request_total_tokens_sum,http,10.128.4.158:3000,tgis-bam,fmaas-monitoring,llama3,openshift-user-workload-monitoring/user-workload,tgis-bam,2533413.0
2024-05-17 17:31:36.105999947,tgi_request_total_tokens_sum,http,10.128.4.158:3000,tgis-bam,fmaas-monitoring,llama3,openshift-user-workload-monitoring/user-workload,tgis-bam,2533413.0
2024-05-17 17:31:41.105999947,tgi_request_total_tokens_sum,http,10.128.4.158:3000,tgis-bam,fmaas-monitoring,llama3,openshift-user-workload-monitoring/user-workload,tgis-bam,2533413.0
2024-05-17 17:31:46.105999947,tgi_request_total_tokens_sum,http,10.128.4.158:3000,tgis-bam,fmaas-monitoring,llama3,openshift-user-workload-monitoring/user-workload,tgis-bam,2533413.0
2024-05-17 17:31:51.105999947,tgi_request_total_tokens_sum,http,10.128.4.158:3000,tgis-bam,fmaas-monitoring,llama3,openshift-user-workload-monitoring/user-workload,tgis-bam,2533413.0
2024-05-17 17:31:56.105999947,tgi_request_total_tokens_sum,http,10.128.4.158:3000,tgis-bam,fmaas-monitoring,llama3,openshift-user-workload-monitoring/user-workload,tgis-bam,2533413.0
2024-05-17 17:32:01.105999947,tgi_request_total_tokens_sum,http,10.128.4.158:3000,tgis-bam,fmaas-monitoring,llama3,openshift-user-workload-monitoring/user-workload,tgis-bam,2533413.0
2024-05-17 17:32:06.105999947,tgi_request_total_tokens_sum,http,10.128.4.158:3000,tgis-bam,fmaas-monitoring,llama3,openshift-user-workload-monitoring/user-workload,tgis-bam,2533413.0
2024-05-17 17:32:11.105999947,tgi_request_total_tokens_sum,http,10.128.4.158:3000,tgis-bam,fmaas-monitoring,llama3,openshift-user-workload-monitoring/user-workload,tgis-bam,2535082.0
2024-05-17 17:32:16.105999947,tgi_request_total_tokens_sum,http,10.128.4.158:3000,tgis-bam,fmaas-monitoring,llama3,openshift-user-workload-monitoring/user-workload,tgis-bam,2535082.0
2024-05-17 17:32:21.105999947,tgi_request_total_tokens_sum,http,10.128.4.158:3000,tgis-bam,fmaas-monitoring,llama3,openshift-user-workload-monitoring/user-workload,tgis-bam,2535082.0
2024-05-17 17:32:26.105999947,tgi_request_total_tokens_sum,http,10.128.4.158:3000,tgis-bam,fmaas-monitoring,llama3,openshift-user-workload-monitoring/user-workload,tgis-bam,2535082.0
2024-05-17 17:32:31.105999947,tgi_request_total_tokens_sum,http,10.128.4.158:3000,tgis-bam,fmaas-monitoring,llama3,openshift-user-workload-monitoring/user-workload,tgis-bam,2535082.0
2024-05-17 17:32:36.105999947,tgi_request_total_tokens_sum,http,10.128.4.158:3000,tgis-bam,fmaas-monitoring,llama3,openshift-user-workload-monitoring/user-workload,tgis-bam,2535082.0
2024-05-17 17:32:41.105999947,tgi_request_total_tokens_sum,http,10.128.4.158:3000,tgis-bam,fmaas-monitoring,llama3,openshift-user-workload-monitoring/user-workload,tgis-bam,2535082.0
2024-05-17 17:32:46.105999947,tgi_request_total_tokens_sum,http,10.128.4.158:3000,tgis-bam,fmaas-monitoring,llama3,openshift-user-workload-monitoring/user-workload,tgis-bam,2537085.0
2024-05-17 17:32:51.105999947,tgi_request_total_tokens_sum,http,10.128.4.158:3000,tgis-bam,fmaas-monitoring,llama3,openshift-user-workload-monitoring/user-workload,tgis-bam,2537085.0
2024-05-17 17:32:56.105999947,tgi_request_total_tokens_sum,http,10.128.4.158:3000,tgis-bam,fmaas-monitoring,llama3,openshift-user-workload-monitoring/user-workload,tgis-bam,2537085.0
2024-05-17 17:33:01.105999947,tgi_request_total_tokens_sum,http,10.128.4.158:3000,tgis-bam,fmaas-monitoring,llama3,openshift-user-workload-monitoring/user-workload,tgis-bam,2537367.0
2024-05-17 17:33:06.105999947,tgi_request_total_tokens_sum,http,10.128.4.158:3000,tgis-bam,fmaas-monitoring,llama3,openshift-user-workload-monitoring/user-workload,tgis-bam,2537367.0
2024-05-17 17:33:11.105999947,tgi_request_total_tokens_sum,http,10.128.4.158:3000,tgis-bam,fmaas-monitoring,llama3,openshift-user-workload-monitoring/user-workload,tgis-bam,2537367.0
2024-05-17 17:33:16.105999947,tgi_request_total_tokens_sum,http,10.128.4.158:3000,tgis-bam,fmaas-monitoring,llama3,openshift-user-workload-monitoring/user-workload,tgis-bam,2537819.0
2024-05-17 17:33:21.105999947,tgi_request_total_tokens_sum,http,10.128.4.158:3000,tgis-bam,fmaas-monitoring,llama3,openshift-user-workload-monitoring/user-workload,tgis-bam,2537819.0
2024-05-17 17:33:26.105999947,tgi_request_total_tokens_sum,http,10.128.4.158:3000,tgis-bam,fmaas-monitoring,llama3,openshift-user-workload-monitoring/user-workload,tgis-bam,2537819.0
2024-05-17 17:33:31.105999947,tgi_request_total_tokens_sum,http,10.128.4.158:3000,tgis-bam,fmaas-monitoring,llama3,openshift-user-workload-monitoring/user-workload,tgis-bam,2537819.0
2024-05-17 17:33:36.105999947,tgi_request_total_tokens_sum,http,10.128.4.158:3000,tgis-bam,fmaas-monitoring,llama3,openshift-user-workload-monitoring/user-workload,tgis-bam,2537819.0
2024-05-17 17:33:41.105999947,tgi_request_total_tokens_sum,http,10.128.4.158:3000,tgis-bam,fmaas-monitoring,llama3,openshift-user-workload-monitoring/user-workload,tgis-bam,2537819.0
2024-05-17 17:33:46.105999947,tgi_request_total_tokens_sum,http,10.128.4.158:3000,tgis-bam,fmaas-monitoring,llama3,openshift-user-workload-monitoring/user-workload,tgis-bam,2537819.0
2024-05-17 17:33:51.105999947,tgi_request_total_tokens_sum,http,10.128.4.158:3000,tgis-bam,fmaas-monitoring,llama3,openshift-user-workload-monitoring/user-workload,tgis-bam,2537819.0
2024-05-17 17:33:56.109999895,tgi_request_total_tokens_sum,http,10.128.4.158:3000,tgis-bam,fmaas-monitoring,llama3,openshift-user-workload-monitoring/user-workload,tgis-bam,2537819.0
2024-05-17 17:34:01.105999947,tgi_request_total_tokens_sum,http,10.128.4.158:3000,tgis-bam,fmaas-monitoring,llama3,openshift-user-workload-monitoring/user-workload,tgis-bam,2539810.0
2024-05-17 17:34:06.105999947,tgi_request_total_tokens_sum,http,10.128.4.158:3000,tgis-bam,fmaas-monitoring,llama3,openshift-user-workload-monitoring/user-workload,tgis-bam,2539810.0
2024-05-17 17:34:11.105999947,tgi_request_total_tokens_sum,http,10.128.4.158:3000,tgis-bam,fmaas-monitoring,llama3,openshift-user-workload-monitoring/user-workload,tgis-bam,2540196.0
2024-05-17 17:34:16.105999947,tgi_request_total_tokens_sum,http,10.128.4.158:3000,tgis-bam,fmaas-monitoring,llama3,openshift-user-workload-monitoring/user-workload,tgis-bam,2540196.0
2024-05-17 17:34:21.105999947,tgi_request_total_tokens_sum,http,10.128.4.158:3000,tgis-bam,fmaas-monitoring,llama3,openshift-user-workload-monitoring/user-workload,tgis-bam,2540608.0
2024-05-17 17:34:26.105999947,tgi_request_total_tokens_sum,http,10.128.4.158:3000,tgis-bam,fmaas-monitoring,llama3,openshift-user-workload-monitoring/user-workload,tgis-bam,2540608.0
2024-05-17 17:34:31.105999947,tgi_request_total_tokens_sum,http,10.128.4.158:3000,tgis-bam,fmaas-monitoring,llama3,openshift-user-workload-monitoring/user-workload,tgis-bam,2540608.0
2024-05-17 17:34:36.105999947,tgi_request_total_tokens_sum,http,10.128.4.158:3000,tgis-bam,fmaas-monitoring,llama3,openshift-user-workload-monitoring/user-workload,tgis-bam,2540608.0
2024-05-17 17:34:41.105999947,tgi_request_total_tokens_sum,http,10.128.4.158:3000,tgis-bam,fmaas-monitoring,llama3,openshift-user-workload-monitoring/user-workload,tgis-bam,2540608.0
2024-05-17 17:34:46.105999947,tgi_request_total_tokens_sum,http,10.128.4.158:3000,tgis-bam,fmaas-monitoring,llama3,openshift-user-workload-monitoring/user-workload,tgis-bam,2540608.0
2024-05-17 17:34:51.105999947,tgi_request_total_tokens_sum,http,10.128.4.158:3000,tgis-bam,fmaas-monitoring,llama3,openshift-user-workload-monitoring/user-workload,tgis-bam,2540608.0
2024-05-17 17:34:56.117000103,tgi_request_total_tokens_sum,http,10.128.4.158:3000,tgis-bam,fmaas-monitoring,llama3,openshift-user-workload-monitoring/user-workload,tgis-bam,2540608.0
2024-05-17 17:35:01.105999947,tgi_request_total_tokens_sum,http,10.128.4.158:3000,tgis-bam,fmaas-monitoring,llama3,openshift-user-workload-monitoring/user-workload,tgis-bam,2540608.0
2024-05-17 17:35:06.105999947,tgi_request_total_tokens_sum,http,10.128.4.158:3000,tgis-bam,fmaas-monitoring,llama3,openshift-user-workload-monitoring/user-workload,tgis-bam,2540608.0
2024-05-17 17:35:11.105999947,tgi_request_total_tokens_sum,http,10.128.4.158:3000,tgis-bam,fmaas-monitoring,llama3,openshift-user-workload-monitoring/user-workload,tgis-bam,2541118.0
2024-05-17 17:35:16.105999947,tgi_request_total_tokens_sum,http,10.128.4.158:3000,tgis-bam,fmaas-monitoring,llama3,openshift-user-workload-monitoring/user-workload,tgis-bam,2541118.0
2024-05-17 17:35:21.105999947,tgi_request_total_tokens_sum,http,10.128.4.158:3000,tgis-bam,fmaas-monitoring,llama3,openshift-user-workload-monitoring/user-workload,tgis-bam,2541118.0
2024-05-17 17:35:26.105999947,tgi_request_total_tokens_sum,http,10.128.4.158:3000,tgis-bam,fmaas-monitoring,llama3,openshift-user-workload-monitoring/user-workload,tgis-bam,2541118.0
2024-05-17 17:35:31.105999947,tgi_request_total_tokens_sum,http,10.128.4.158:3000,tgis-bam,fmaas-monitoring,llama3,openshift-user-workload-monitoring/user-workload,tgis-bam,2541118.0
2024-05-17 17:35:36.105999947,tgi_request_total_tokens_sum,http,10.128.4.158:3000,tgis-bam,fmaas-monitoring,llama3,openshift-user-workload-monitoring/user-workload,tgis-bam,2541118.0
2024-05-17 17:35:41.105999947,tgi_request_total_tokens_sum,http,10.128.4.158:3000,tgis-bam,fmaas-monitoring,llama3,openshift-user-workload-monitoring/user-workload,tgis-bam,2541118.0
2024-05-17 17:35:46.105999947,tgi_request_total_tokens_sum,http,10.128.4.158:3000,tgis-bam,fmaas-monitoring,llama3,openshift-user-workload-monitoring/user-workload,tgis-bam,2541118.0
2024-05-17 17:35:51.105999947,tgi_request_total_tokens_sum,http,10.128.4.158:3000,tgis-bam,fmaas-monitoring,llama3,openshift-user-workload-monitoring/user-workload,tgis-bam,2541118.0
2024-05-17 17:35:56.105999947,tgi_request_total_tokens_sum,http,10.128.4.158:3000,tgis-bam,fmaas-monitoring,llama3,openshift-user-workload-monitoring/user-workload,tgis-bam,2541118.0
2024-05-17 17:36:01.109999895,tgi_request_total_tokens_sum,http,10.128.4.158:3000,tgis-bam,fmaas-monitoring,llama3,openshift-user-workload-monitoring/user-workload,tgis-bam,2541118.0
2024-05-17 17:36:06.105999947,tgi_request_total_tokens_sum,http,10.128.4.158:3000,tgis-bam,fmaas-monitoring,llama3,openshift-user-workload-monitoring/user-workload,tgis-bam,2548097.0
2024-05-17 17:36:11.105999947,tgi_request_total_tokens_sum,http,10.128.4.158:3000,tgis-bam,fmaas-monitoring,llama3,openshift-user-workload-monitoring/user-workload,tgis-bam,2548256.0
2024-05-17 17:36:16.117000103,tgi_request_total_tokens_sum,http,10.128.4.158:3000,tgis-bam,fmaas-monitoring,llama3,openshift-user-workload-monitoring/user-workload,tgis-bam,2553098.0
2024-05-17 17:36:21.105999947,tgi_request_total_tokens_sum,http,10.128.4.158:3000,tgis-bam,fmaas-monitoring,llama3,openshift-user-workload-monitoring/user-workload,tgis-bam,2553098.0
2024-05-17 17:36:26.105999947,tgi_request_total_tokens_sum,http,10.128.4.158:3000,tgis-bam,fmaas-monitoring,llama3,openshift-user-workload-monitoring/user-workload,tgis-bam,2553098.0
2024-05-17 17:36:31.105999947,tgi_request_total_tokens_sum,http,10.128.4.158:3000,tgis-bam,fmaas-monitoring,llama3,openshift-user-workload-monitoring/user-workload,tgis-bam,2553098.0
2024-05-17 17:36:36.105999947,tgi_request_total_tokens_sum,http,10.128.4.158:3000,tgis-bam,fmaas-monitoring,llama3,openshift-user-workload-monitoring/user-workload,tgis-bam,2553098.0
2024-05-17 17:36:41.105999947,tgi_request_total_tokens_sum,http,10.128.4.158:3000,tgis-bam,fmaas-monitoring,llama3,openshift-user-workload-monitoring/user-workload,tgis-bam,2553098.0
2024-05-17 17:36:46.105999947,tgi_request_total_tokens_sum,http,10.128.4.158:3000,tgis-bam,fmaas-monitoring,llama3,openshift-user-workload-monitoring/user-workload,tgis-bam,2553098.0
2024-05-17 17:36:51.105999947,tgi_request_total_tokens_sum,http,10.128.4.158:3000,tgis-bam,fmaas-monitoring,llama3,openshift-user-workload-monitoring/user-workload,tgis-bam,2553098.0
2024-05-17 17:36:56.105999947,tgi_request_total_tokens_sum,http,10.128.4.158:3000,tgis-bam,fmaas-monitoring,llama3,openshift-user-workload-monitoring/user-workload,tgis-bam,2553098.0
2024-05-17 17:37:01.105999947,tgi_request_total_tokens_sum,http,10.128.4.158:3000,tgis-bam,fmaas-monitoring,llama3,openshift-user-workload-monitoring/user-workload,tgis-bam,2554630.0
2024-05-17 17:37:06.105999947,tgi_request_total_tokens_sum,http,10.128.4.158:3000,tgis-bam,fmaas-monitoring,llama3,openshift-user-workload-monitoring/user-workload,tgis-bam,2554630.0
2024-05-17 17:37:11.105999947,tgi_request_total_tokens_sum,http,10.128.4.158:3000,tgis-bam,fmaas-monitoring,llama3,openshift-user-workload-monitoring/user-workload,tgis-bam,2554630.0
2024-05-17 17:37:16.105999947,tgi_request_total_tokens_sum,http,10.128.4.158:3000,tgis-bam,fmaas-monitoring,llama3,openshift-user-workload-monitoring/user-workload,tgis-bam,2554630.0
2024-05-17 17:37:21.105999947,tgi_request_total_tokens_sum,http,10.128.4.158:3000,tgis-bam,fmaas-monitoring,llama3,openshift-user-workload-monitoring/user-workload,tgis-bam,2554630.0
2024-05-17 17:37:26.105999947,tgi_request_total_tokens_sum,http,10.128.4.158:3000,tgis-bam,fmaas-monitoring,llama3,openshift-user-workload-monitoring/user-workload,tgis-bam,2554630.0
2024-05-17 17:37:31.105999947,tgi_request_total_tokens_sum,http,10.128.4.158:3000,tgis-bam,fmaas-monitoring,llama3,openshift-user-workload-monitoring/user-workload,tgis-bam,2554630.0
2024-05-17 17:37:36.105999947,tgi_request_total_tokens_sum,http,10.128.4.158:3000,tgis-bam,fmaas-monitoring,llama3,openshift-user-workload-monitoring/user-workload,tgis-bam,2554630.0
2024-05-17 17:37:41.105999947,tgi_request_total_tokens_sum,http,10.128.4.158:3000,tgis-bam,fmaas-monitoring,llama3,openshift-user-workload-monitoring/user-workload,tgis-bam,2554630.0
2024-05-17 17:37:46.105999947,tgi_request_total_tokens_sum,http,10.128.4.158:3000,tgis-bam,fmaas-monitoring,llama3,openshift-user-workload-monitoring/user-workload,tgis-bam,2554630.0
2024-05-17 17:37:51.105999947,tgi_request_total_tokens_sum,http,10.128.4.158:3000,tgis-bam,fmaas-monitoring,llama3,openshift-user-workload-monitoring/user-workload,tgis-bam,2554630.0
2024-05-17 17:37:56.105999947,tgi_request_total_tokens_sum,http,10.128.4.158:3000,tgis-bam,fmaas-monitoring,llama3,openshift-user-workload-monitoring/user-workload,tgis-bam,2554630.0
2024-05-17 17:38:01.105999947,tgi_request_total_tokens_sum,http,10.128.4.158:3000,tgis-bam,fmaas-monitoring,llama3,openshift-user-workload-monitoring/user-workload,tgis-bam,2554630.0
2024-05-17 17:38:06.105999947,tgi_request_total_tokens_sum,http,10.128.4.158:3000,tgis-bam,fmaas-monitoring,llama3,openshift-user-workload-monitoring/user-workload,tgis-bam,2554630.0
2024-05-17 17:38:11.105999947,tgi_request_total_tokens_sum,http,10.128.4.158:3000,tgis-bam,fmaas-monitoring,llama3,openshift-user-workload-monitoring/user-workload,tgis-bam,2554743.0
2024-05-17 17:38:16.105999947,tgi_request_total_tokens_sum,http,10.128.4.158:3000,tgis-bam,fmaas-monitoring,llama3,openshift-user-workload-monitoring/user-workload,tgis-bam,2554743.0
2024-05-17 17:38:21.105999947,tgi_request_total_tokens_sum,http,10.128.4.158:3000,tgis-bam,fmaas-monitoring,llama3,openshift-user-workload-monitoring/user-workload,tgis-bam,2554743.0
2024-05-17 17:38:26.105999947,tgi_request_total_tokens_sum,http,10.128.4.158:3000,tgis-bam,fmaas-monitoring,llama3,openshift-user-workload-monitoring/user-workload,tgis-bam,2554743.0
2024-05-17 17:38:31.105999947,tgi_request_total_tokens_sum,http,10.128.4.158:3000,tgis-bam,fmaas-monitoring,llama3,openshift-user-workload-monitoring/user-workload,tgis-bam,2554743.0
2024-05-17 17:38:36.105999947,tgi_request_total_tokens_sum,http,10.128.4.158:3000,tgis-bam,fmaas-monitoring,llama3,openshift-user-workload-monitoring/user-workload,tgis-bam,2554743.0
2024-05-17 17:38:41.105999947,tgi_request_total_tokens_sum,http,10.128.4.158:3000,tgis-bam,fmaas-monitoring,llama3,openshift-user-workload-monitoring/user-workload,tgis-bam,2554743.0
2024-05-17 17:38:46.105999947,tgi_request_total_tokens_sum,http,10.128.4.158:3000,tgis-bam,fmaas-monitoring,llama3,openshift-user-workload-monitoring/user-workload,tgis-bam,2554743.0
2024-05-17 17:38:51.105999947,tgi_request_total_tokens_sum,http,10.128.4.158:3000,tgis-bam,fmaas-monitoring,llama3,openshift-user-workload-monitoring/user-workload,tgis-bam,2554743.0
2024-05-17 17:38:56.114000082,tgi_request_total_tokens_sum,http,10.128.4.158:3000,tgis-bam,fmaas-monitoring,llama3,openshift-user-workload-monitoring/user-workload,tgis-bam,2554743.0
2024-05-17 17:39:01.105999947,tgi_request_total_tokens_sum,http,10.128.4.158:3000,tgis-bam,fmaas-monitoring,llama3,openshift-user-workload-monitoring/user-workload,tgis-bam,2554743.0
2024-05-17 17:39:06.105999947,tgi_request_total_tokens_sum,http,10.128.4.158:3000,tgis-bam,fmaas-monitoring,llama3,openshift-user-workload-monitoring/user-workload,tgis-bam,2554913.0
2024-05-17 17:39:11.105999947,tgi_request_total_tokens_sum,http,10.128.4.158:3000,tgis-bam,fmaas-monitoring,llama3,openshift-user-workload-monitoring/user-workload,tgis-bam,2555316.0
2024-05-17 17:39:16.105999947,tgi_request_total_tokens_sum,http,10.128.4.158:3000,tgis-bam,fmaas-monitoring,llama3,openshift-user-workload-monitoring/user-workload,tgis-bam,2555316.0
2024-05-17 17:39:21.115000010,tgi_request_total_tokens_sum,http,10.128.4.158:3000,tgis-bam,fmaas-monitoring,llama3,openshift-user-workload-monitoring/user-workload,tgis-bam,2555316.0
2024-05-17 17:39:26.105999947,tgi_request_total_tokens_sum,http,10.128.4.158:3000,tgis-bam,fmaas-monitoring,llama3,openshift-user-workload-monitoring/user-workload,tgis-bam,2555316.0
2024-05-17 17:39:31.105999947,tgi_request_total_tokens_sum,http,10.128.4.158:3000,tgis-bam,fmaas-monitoring,llama3,openshift-user-workload-monitoring/user-workload,tgis-bam,2555316.0
2024-05-17 17:39:36.105999947,tgi_request_total_tokens_sum,http,10.128.4.158:3000,tgis-bam,fmaas-monitoring,llama3,openshift-user-workload-monitoring/user-workload,tgis-bam,2555316.0
2024-05-17 17:39:41.105999947,tgi_request_total_tokens_sum,http,10.128.4.158:3000,tgis-bam,fmaas-monitoring,llama3,openshift-user-workload-monitoring/user-workload,tgis-bam,2555316.0
2024-05-17 17:39:46.105999947,tgi_request_total_tokens_sum,http,10.128.4.158:3000,tgis-bam,fmaas-monitoring,llama3,openshift-user-workload-monitoring/user-workload,tgis-bam,2555938.0
2024-05-17 17:39:51.105999947,tgi_request_total_tokens_sum,http,10.128.4.158:3000,tgis-bam,fmaas-monitoring,llama3,openshift-user-workload-monitoring/user-workload,tgis-bam,2555938.0
2024-05-17 17:39:56.105999947,tgi_request_total_tokens_sum,http,10.128.4.158:3000,tgis-bam,fmaas-monitoring,llama3,openshift-user-workload-monitoring/user-workload,tgis-bam,2555938.0
2024-05-17 17:40:01.105999947,tgi_request_total_tokens_sum,http,10.128.4.158:3000,tgis-bam,fmaas-monitoring,llama3,openshift-user-workload-monitoring/user-workload,tgis-bam,2555938.0
2024-05-17 17:40:06.105999947,tgi_request_total_tokens_sum,http,10.128.4.158:3000,tgis-bam,fmaas-monitoring,llama3,openshift-user-workload-monitoring/user-workload,tgis-bam,2559284.0
2024-05-17 17:40:11.105999947,tgi_request_total_tokens_sum,http,10.128.4.158:3000,tgis-bam,fmaas-monitoring,llama3,openshift-user-workload-monitoring/user-workload,tgis-bam,2560989.0
2024-05-17 17:40:16.105999947,tgi_request_total_tokens_sum,http,10.128.4.158:3000,tgis-bam,fmaas-monitoring,llama3,openshift-user-workload-monitoring/user-workload,tgis-bam,2560989.0
2024-05-17 17:40:21.105999947,tgi_request_total_tokens_sum,http,10.128.4.158:3000,tgis-bam,fmaas-monitoring,llama3,openshift-user-workload-monitoring/user-workload,tgis-bam,2560989.0
2024-05-17 17:40:26.105999947,tgi_request_total_tokens_sum,http,10.128.4.158:3000,tgis-bam,fmaas-monitoring,llama3,openshift-user-workload-monitoring/user-workload,tgis-bam,2560989.0
2024-05-17 17:40:31.105999947,tgi_request_total_tokens_sum,http,10.128.4.158:3000,tgis-bam,fmaas-monitoring,llama3,openshift-user-workload-monitoring/user-workload,tgis-bam,2560989.0
2024-05-17 17:40:36.105999947,tgi_request_total_tokens_sum,http,10.128.4.158:3000,tgis-bam,fmaas-monitoring,llama3,openshift-user-workload-monitoring/user-workload,tgis-bam,2560989.0
2024-05-17 17:40:41.105999947,tgi_request_total_tokens_sum,http,10.128.4.158:3000,tgis-bam,fmaas-monitoring,llama3,openshift-user-workload-monitoring/user-workload,tgis-bam,2560989.0
2024-05-17 17:40:46.105999947,tgi_request_total_tokens_sum,http,10.128.4.158:3000,tgis-bam,fmaas-monitoring,llama3,openshift-user-workload-monitoring/user-workload,tgis-bam,2560989.0
2024-05-17 17:40:51.105999947,tgi_request_total_tokens_sum,http,10.128.4.158:3000,tgis-bam,fmaas-monitoring,llama3,openshift-user-workload-monitoring/user-workload,tgis-bam,2560989.0
2024-05-17 17:40:56.105999947,tgi_request_total_tokens_sum,http,10.128.4.158:3000,tgis-bam,fmaas-monitoring,llama3,openshift-user-workload-monitoring/user-workload,tgis-bam,2560989.0
2024-05-17 17:41:01.105999947,tgi_request_total_tokens_sum,http,10.128.4.158:3000,tgis-bam,fmaas-monitoring,llama3,openshift-user-workload-monitoring/user-workload,tgis-bam,2560989.0
2024-05-17 17:41:06.105999947,tgi_request_total_tokens_sum,http,10.128.4.158:3000,tgis-bam,fmaas-monitoring,llama3,openshift-user-workload-monitoring/user-workload,tgis-bam,2561288.0
2024-05-17 17:41:11.105999947,tgi_request_total_tokens_sum,http,10.128.4.158:3000,tgis-bam,fmaas-monitoring,llama3,openshift-user-workload-monitoring/user-workload,tgis-bam,2561288.0
2024-05-17 17:41:16.105999947,tgi_request_total_tokens_sum,http,10.128.4.158:3000,tgis-bam,fmaas-monitoring,llama3,openshift-user-workload-monitoring/user-workload,tgis-bam,2561288.0
2024-05-17 17:41:21.105999947,tgi_request_total_tokens_sum,http,10.128.4.158:3000,tgis-bam,fmaas-monitoring,llama3,openshift-user-workload-monitoring/user-workload,tgis-bam,2561288.0
2024-05-17 17:41:26.105999947,tgi_request_total_tokens_sum,http,10.128.4.158:3000,tgis-bam,fmaas-monitoring,llama3,openshift-user-workload-monitoring/user-workload,tgis-bam,2561288.0
2024-05-17 17:41:31.105999947,tgi_request_total_tokens_sum,http,10.128.4.158:3000,tgis-bam,fmaas-monitoring,llama3,openshift-user-workload-monitoring/user-workload,tgis-bam,2561288.0
2024-05-17 17:41:36.105999947,tgi_request_total_tokens_sum,http,10.128.4.158:3000,tgis-bam,fmaas-monitoring,llama3,openshift-user-workload-monitoring/user-workload,tgis-bam,2561288.0
2024-05-17 17:41:41.105999947,tgi_request_total_tokens_sum,http,10.128.4.158:3000,tgis-bam,fmaas-monitoring,llama3,openshift-user-workload-monitoring/user-workload,tgis-bam,2561288.0
2024-05-17 17:41:46.105999947,tgi_request_total_tokens_sum,http,10.128.4.158:3000,tgis-bam,fmaas-monitoring,llama3,openshift-user-workload-monitoring/user-workload,tgis-bam,2561288.0
2024-05-17 17:41:51.105999947,tgi_request_total_tokens_sum,http,10.128.4.158:3000,tgis-bam,fmaas-monitoring,llama3,openshift-user-workload-monitoring/user-workload,tgis-bam,2561464.0
2024-05-17 17:41:56.105999947,tgi_request_total_tokens_sum,http,10.128.4.158:3000,tgis-bam,fmaas-monitoring,llama3,openshift-user-workload-monitoring/user-workload,tgis-bam,2563007.0
2024-05-17 17:42:01.105999947,tgi_request_total_tokens_sum,http,10.128.4.158:3000,tgis-bam,fmaas-monitoring,llama3,openshift-user-workload-monitoring/user-workload,tgis-bam,2563007.0
2024-05-17 17:42:06.105999947,tgi_request_total_tokens_sum,http,10.128.4.158:3000,tgis-bam,fmaas-monitoring,llama3,openshift-user-workload-monitoring/user-workload,tgis-bam,2563007.0
2024-05-17 17:42:11.105999947,tgi_request_total_tokens_sum,http,10.128.4.158:3000,tgis-bam,fmaas-monitoring,llama3,openshift-user-workload-monitoring/user-workload,tgis-bam,2563191.0
2024-05-17 17:42:16.105999947,tgi_request_total_tokens_sum,http,10.128.4.158:3000,tgis-bam,fmaas-monitoring,llama3,openshift-user-workload-monitoring/user-workload,tgis-bam,2563191.0
2024-05-17 17:42:21.105999947,tgi_request_total_tokens_sum,http,10.128.4.158:3000,tgis-bam,fmaas-monitoring,llama3,openshift-user-workload-monitoring/user-workload,tgis-bam,2563191.0
2024-05-17 17:42:26.105999947,tgi_request_total_tokens_sum,http,10.128.4.158:3000,tgis-bam,fmaas-monitoring,llama3,openshift-user-workload-monitoring/user-workload,tgis-bam,2563191.0
2024-05-17 17:42:31.105999947,tgi_request_total_tokens_sum,http,10.128.4.158:3000,tgis-bam,fmaas-monitoring,llama3,openshift-user-workload-monitoring/user-workload,tgis-bam,2563191.0
2024-05-17 17:42:36.105999947,tgi_request_total_tokens_sum,http,10.128.4.158:3000,tgis-bam,fmaas-monitoring,llama3,openshift-user-workload-monitoring/user-workload,tgis-bam,2563191.0
2024-05-17 17:42:41.105999947,tgi_request_total_tokens_sum,http,10.128.4.158:3000,tgis-bam,fmaas-monitoring,llama3,openshift-user-workload-monitoring/user-workload,tgis-bam,2563191.0
2024-05-17 17:42:46.105999947,tgi_request_total_tokens_sum,http,10.128.4.158:3000,tgis-bam,fmaas-monitoring,llama3,openshift-user-workload-monitoring/user-workload,tgis-bam,2563191.0
2024-05-17 17:42:51.105999947,tgi_request_total_tokens_sum,http,10.128.4.158:3000,tgis-bam,fmaas-monitoring,llama3,openshift-user-workload-monitoring/user-workload,tgis-bam,2563191.0
2024-05-17 17:42:56.105999947,tgi_request_total_tokens_sum,http,10.128.4.158:3000,tgis-bam,fmaas-monitoring,llama3,openshift-user-workload-monitoring/user-workload,tgis-bam,2563191.0
2024-05-17 17:43:01.105999947,tgi_request_total_tokens_sum,http,10.128.4.158:3000,tgis-bam,fmaas-monitoring,llama3,openshift-user-workload-monitoring/user-workload,tgis-bam,2563397.0
2024-05-17 17:43:06.105999947,tgi_request_total_tokens_sum,http,10.128.4.158:3000,tgis-bam,fmaas-monitoring,llama3,openshift-user-workload-monitoring/user-workload,tgis-bam,2563397.0
2024-05-17 17:43:11.105999947,tgi_request_total_tokens_sum,http,10.128.4.158:3000,tgis-bam,fmaas-monitoring,llama3,openshift-user-workload-monitoring/user-workload,tgis-bam,2565904.0
2024-05-17 17:43:16.105999947,tgi_request_total_tokens_sum,http,10.128.4.158:3000,tgis-bam,fmaas-monitoring,llama3,openshift-user-workload-monitoring/user-workload,tgis-bam,2565904.0
2024-05-17 17:43:21.105999947,tgi_request_total_tokens_sum,http,10.128.4.158:3000,tgis-bam,fmaas-monitoring,llama3,openshift-user-workload-monitoring/user-workload,tgis-bam,2565904.0
2024-05-17 17:43:26.105999947,tgi_request_total_tokens_sum,http,10.128.4.158:3000,tgis-bam,fmaas-monitoring,llama3,openshift-user-workload-monitoring/user-workload,tgis-bam,2565904.0
2024-05-17 17:43:31.105999947,tgi_request_total_tokens_sum,http,10.128.4.158:3000,tgis-bam,fmaas-monitoring,llama3,openshift-user-workload-monitoring/user-workload,tgis-bam,2565904.0
2024-05-17 17:43:36.105999947,tgi_request_total_tokens_sum,http,10.128.4.158:3000,tgis-bam,fmaas-monitoring,llama3,openshift-user-workload-monitoring/user-workload,tgis-bam,2565904.0
2024-05-17 17:43:41.105999947,tgi_request_total_tokens_sum,http,10.128.4.158:3000,tgis-bam,fmaas-monitoring,llama3,openshift-user-workload-monitoring/user-workload,tgis-bam,2565904.0
2024-05-17 17:43:46.105999947,tgi_request_total_tokens_sum,http,10.128.4.158:3000,tgis-bam,fmaas-monitoring,llama3,openshift-user-workload-monitoring/user-workload,tgis-bam,2565904.0
2024-05-17 17:43:51.105999947,tgi_request_total_tokens_sum,http,10.128.4.158:3000,tgis-bam,fmaas-monitoring,llama3,openshift-user-workload-monitoring/user-workload,tgis-bam,2565904.0
2024-05-17 17:43:56.105999947,tgi_request_total_tokens_sum,http,10.128.4.158:3000,tgis-bam,fmaas-monitoring,llama3,openshift-user-workload-monitoring/user-workload,tgis-bam,2565904.0
2024-05-17 17:44:01.105999947,tgi_request_total_tokens_sum,http,10.128.4.158:3000,tgis-bam,fmaas-monitoring,llama3,openshift-user-workload-monitoring/user-workload,tgis-bam,2565904.0
2024-05-17 17:44:06.105999947,tgi_request_total_tokens_sum,http,10.128.4.158:3000,tgis-bam,fmaas-monitoring,llama3,openshift-user-workload-monitoring/user-workload,tgis-bam,2565904.0
2024-05-17 17:44:11.105999947,tgi_request_total_tokens_sum,http,10.128.4.158:3000,tgis-bam,fmaas-monitoring,llama3,openshift-user-workload-monitoring/user-workload,tgis-bam,2565904.0
2024-05-17 17:44:16.105999947,tgi_request_total_tokens_sum,http,10.128.4.158:3000,tgis-bam,fmaas-monitoring,llama3,openshift-user-workload-monitoring/user-workload,tgis-bam,2565904.0
2024-05-17 17:44:21.105999947,tgi_request_total_tokens_sum,http,10.128.4.158:3000,tgis-bam,fmaas-monitoring,llama3,openshift-user-workload-monitoring/user-workload,tgis-bam,2565904.0
2024-05-17 17:44:26.105999947,tgi_request_total_tokens_sum,http,10.128.4.158:3000,tgis-bam,fmaas-monitoring,llama3,openshift-user-workload-monitoring/user-workload,tgis-bam,2565904.0
2024-05-17 17:44:31.105999947,tgi_request_total_tokens_sum,http,10.128.4.158:3000,tgis-bam,fmaas-monitoring,llama3,openshift-user-workload-monitoring/user-workload,tgis-bam,2565904.0
2024-05-17 17:44:36.105999947,tgi_request_total_tokens_sum,http,10.128.4.158:3000,tgis-bam,fmaas-monitoring,llama3,openshift-user-workload-monitoring/user-workload,tgis-bam,2565904.0
2024-05-17 17:44:41.105999947,tgi_request_total_tokens_sum,http,10.128.4.158:3000,tgis-bam,fmaas-monitoring,llama3,openshift-user-workload-monitoring/user-workload,tgis-bam,2565904.0
2024-05-17 17:44:46.105999947,tgi_request_total_tokens_sum,http,10.128.4.158:3000,tgis-bam,fmaas-monitoring,llama3,openshift-user-workload-monitoring/user-workload,tgis-bam,2565904.0
2024-05-17 17:44:51.105999947,tgi_request_total_tokens_sum,http,10.128.4.158:3000,tgis-bam,fmaas-monitoring,llama3,openshift-user-workload-monitoring/user-workload,tgis-bam,2565904.0
2024-05-17 17:44:56.105999947,tgi_request_total_tokens_sum,http,10.128.4.158:3000,tgis-bam,fmaas-monitoring,llama3,openshift-user-workload-monitoring/user-workload,tgis-bam,2565904.0
2024-05-17 17:45:01.105999947,tgi_request_total_tokens_sum,http,10.128.4.158:3000,tgis-bam,fmaas-monitoring,llama3,openshift-user-workload-monitoring/user-workload,tgis-bam,2565904.0
2024-05-17 17:45:06.105999947,tgi_request_total_tokens_sum,http,10.128.4.158:3000,tgis-bam,fmaas-monitoring,llama3,openshift-user-workload-monitoring/user-workload,tgis-bam,2566554.0
2024-05-17 17:45:11.105999947,tgi_request_total_tokens_sum,http,10.128.4.158:3000,tgis-bam,fmaas-monitoring,llama3,openshift-user-workload-monitoring/user-workload,tgis-bam,2566554.0
2024-05-17 17:45:16.148000002,tgi_request_total_tokens_sum,http,10.128.4.158:3000,tgis-bam,fmaas-monitoring,llama3,openshift-user-workload-monitoring/user-workload,tgis-bam,2566554.0
2024-05-17 17:45:21.105999947,tgi_request_total_tokens_sum,http,10.128.4.158:3000,tgis-bam,fmaas-monitoring,llama3,openshift-user-workload-monitoring/user-workload,tgis-bam,2566554.0
2024-05-17 17:45:26.105999947,tgi_request_total_tokens_sum,http,10.128.4.158:3000,tgis-bam,fmaas-monitoring,llama3,openshift-user-workload-monitoring/user-workload,tgis-bam,2566554.0
2024-05-17 17:45:31.105999947,tgi_request_total_tokens_sum,http,10.128.4.158:3000,tgis-bam,fmaas-monitoring,llama3,openshift-user-workload-monitoring/user-workload,tgis-bam,2566554.0
2024-05-17 17:45:36.105999947,tgi_request_total_tokens_sum,http,10.128.4.158:3000,tgis-bam,fmaas-monitoring,llama3,openshift-user-workload-monitoring/user-workload,tgis-bam,2566554.0
2024-05-17 17:45:41.105999947,tgi_request_total_tokens_sum,http,10.128.4.158:3000,tgis-bam,fmaas-monitoring,llama3,openshift-user-workload-monitoring/user-workload,tgis-bam,2566554.0
2024-05-17 17:45:46.105999947,tgi_request_total_tokens_sum,http,10.128.4.158:3000,tgis-bam,fmaas-monitoring,llama3,openshift-user-workload-monitoring/user-workload,tgis-bam,2566554.0
2024-05-17 17:45:51.105999947,tgi_request_total_tokens_sum,http,10.128.4.158:3000,tgis-bam,fmaas-monitoring,llama3,openshift-user-workload-monitoring/user-workload,tgis-bam,2566554.0
2024-05-17 17:45:56.105999947,tgi_request_total_tokens_sum,http,10.128.4.158:3000,tgis-bam,fmaas-monitoring,llama3,openshift-user-workload-monitoring/user-workload,tgis-bam,2566554.0
2024-05-17 17:46:01.105999947,tgi_request_total_tokens_sum,http,10.128.4.158:3000,tgis-bam,fmaas-monitoring,llama3,openshift-user-workload-monitoring/user-workload,tgis-bam,2569948.0
2024-05-17 17:46:06.105999947,tgi_request_total_tokens_sum,http,10.128.4.158:3000,tgis-bam,fmaas-monitoring,llama3,openshift-user-workload-monitoring/user-workload,tgis-bam,2569948.0
