timestamp,__name__,endpoint,instance,job,namespace,pod,prometheus,quantile,service,value
2024-05-20 14:53:29.285000086,tgi_batch_next_tokens,http,10.128.2.18:3000,tgis-bam,fmaas-monitoring,llama3-mig3g-40gb,openshift-user-workload-monitoring/user-workload,0,tgis-bam,132.0
2024-05-20 14:53:34.285000086,tgi_batch_next_tokens,http,10.128.2.18:3000,tgis-bam,fmaas-monitoring,llama3-mig3g-40gb,openshift-user-workload-monitoring/user-workload,0,tgis-bam,132.0
2024-05-20 14:53:39.285000086,tgi_batch_next_tokens,http,10.128.2.18:3000,tgis-bam,fmaas-monitoring,llama3-mig3g-40gb,openshift-user-workload-monitoring/user-workload,0,tgis-bam,132.0
2024-05-20 14:53:44.285000086,tgi_batch_next_tokens,http,10.128.2.18:3000,tgis-bam,fmaas-monitoring,llama3-mig3g-40gb,openshift-user-workload-monitoring/user-workload,0,tgis-bam,19.0
2024-05-20 14:53:49.285000086,tgi_batch_next_tokens,http,10.128.2.18:3000,tgis-bam,fmaas-monitoring,llama3-mig3g-40gb,openshift-user-workload-monitoring/user-workload,0,tgis-bam,19.0
2024-05-20 14:53:54.286999941,tgi_batch_next_tokens,http,10.128.2.18:3000,tgis-bam,fmaas-monitoring,llama3-mig3g-40gb,openshift-user-workload-monitoring/user-workload,0,tgis-bam,19.0
2024-05-20 14:53:59.285000086,tgi_batch_next_tokens,http,10.128.2.18:3000,tgis-bam,fmaas-monitoring,llama3-mig3g-40gb,openshift-user-workload-monitoring/user-workload,0,tgis-bam,19.0
2024-05-20 14:54:04.285000086,tgi_batch_next_tokens,http,10.128.2.18:3000,tgis-bam,fmaas-monitoring,llama3-mig3g-40gb,openshift-user-workload-monitoring/user-workload,0,tgis-bam,19.0
2024-05-20 14:54:09.285000086,tgi_batch_next_tokens,http,10.128.2.18:3000,tgis-bam,fmaas-monitoring,llama3-mig3g-40gb,openshift-user-workload-monitoring/user-workload,0,tgis-bam,19.0
2024-05-20 14:54:14.285000086,tgi_batch_next_tokens,http,10.128.2.18:3000,tgis-bam,fmaas-monitoring,llama3-mig3g-40gb,openshift-user-workload-monitoring/user-workload,0,tgis-bam,19.0
2024-05-20 14:54:19.285000086,tgi_batch_next_tokens,http,10.128.2.18:3000,tgis-bam,fmaas-monitoring,llama3-mig3g-40gb,openshift-user-workload-monitoring/user-workload,0,tgis-bam,19.0
2024-05-20 14:54:24.285000086,tgi_batch_next_tokens,http,10.128.2.18:3000,tgis-bam,fmaas-monitoring,llama3-mig3g-40gb,openshift-user-workload-monitoring/user-workload,0,tgis-bam,19.0
2024-05-20 14:54:29.285000086,tgi_batch_next_tokens,http,10.128.2.18:3000,tgis-bam,fmaas-monitoring,llama3-mig3g-40gb,openshift-user-workload-monitoring/user-workload,0,tgis-bam,289.0
2024-05-20 14:54:34.285000086,tgi_batch_next_tokens,http,10.128.2.18:3000,tgis-bam,fmaas-monitoring,llama3-mig3g-40gb,openshift-user-workload-monitoring/user-workload,0,tgis-bam,289.0
2024-05-20 14:54:39.285000086,tgi_batch_next_tokens,http,10.128.2.18:3000,tgis-bam,fmaas-monitoring,llama3-mig3g-40gb,openshift-user-workload-monitoring/user-workload,0,tgis-bam,289.0
2024-05-20 14:54:44.285000086,tgi_batch_next_tokens,http,10.128.2.18:3000,tgis-bam,fmaas-monitoring,llama3-mig3g-40gb,openshift-user-workload-monitoring/user-workload,0,tgis-bam,66.0
2024-05-20 14:54:49.285000086,tgi_batch_next_tokens,http,10.128.2.18:3000,tgis-bam,fmaas-monitoring,llama3-mig3g-40gb,openshift-user-workload-monitoring/user-workload,0,tgis-bam,66.0
2024-05-20 14:54:54.285000086,tgi_batch_next_tokens,http,10.128.2.18:3000,tgis-bam,fmaas-monitoring,llama3-mig3g-40gb,openshift-user-workload-monitoring/user-workload,0,tgis-bam,66.0
2024-05-20 14:54:59.285000086,tgi_batch_next_tokens,http,10.128.2.18:3000,tgis-bam,fmaas-monitoring,llama3-mig3g-40gb,openshift-user-workload-monitoring/user-workload,0,tgis-bam,66.0
2024-05-20 14:55:04.285000086,tgi_batch_next_tokens,http,10.128.2.18:3000,tgis-bam,fmaas-monitoring,llama3-mig3g-40gb,openshift-user-workload-monitoring/user-workload,0,tgis-bam,66.0
2024-05-20 14:55:09.285000086,tgi_batch_next_tokens,http,10.128.2.18:3000,tgis-bam,fmaas-monitoring,llama3-mig3g-40gb,openshift-user-workload-monitoring/user-workload,0,tgis-bam,66.0
2024-05-20 14:55:14.285000086,tgi_batch_next_tokens,http,10.128.2.18:3000,tgis-bam,fmaas-monitoring,llama3-mig3g-40gb,openshift-user-workload-monitoring/user-workload,0,tgis-bam,66.0
2024-05-20 14:55:19.285000086,tgi_batch_next_tokens,http,10.128.2.18:3000,tgis-bam,fmaas-monitoring,llama3-mig3g-40gb,openshift-user-workload-monitoring/user-workload,0,tgis-bam,66.0
2024-05-20 14:55:24.285000086,tgi_batch_next_tokens,http,10.128.2.18:3000,tgis-bam,fmaas-monitoring,llama3-mig3g-40gb,openshift-user-workload-monitoring/user-workload,0,tgis-bam,66.0
2024-05-20 14:55:29.285000086,tgi_batch_next_tokens,http,10.128.2.18:3000,tgis-bam,fmaas-monitoring,llama3-mig3g-40gb,openshift-user-workload-monitoring/user-workload,0,tgis-bam,81.0
2024-05-20 14:55:34.285000086,tgi_batch_next_tokens,http,10.128.2.18:3000,tgis-bam,fmaas-monitoring,llama3-mig3g-40gb,openshift-user-workload-monitoring/user-workload,0,tgis-bam,81.0
2024-05-20 14:55:39.285000086,tgi_batch_next_tokens,http,10.128.2.18:3000,tgis-bam,fmaas-monitoring,llama3-mig3g-40gb,openshift-user-workload-monitoring/user-workload,0,tgis-bam,81.0
2024-05-20 14:55:44.285000086,tgi_batch_next_tokens,http,10.128.2.18:3000,tgis-bam,fmaas-monitoring,llama3-mig3g-40gb,openshift-user-workload-monitoring/user-workload,0,tgis-bam,56.0
2024-05-20 14:55:49.285000086,tgi_batch_next_tokens,http,10.128.2.18:3000,tgis-bam,fmaas-monitoring,llama3-mig3g-40gb,openshift-user-workload-monitoring/user-workload,0,tgis-bam,56.0
2024-05-20 14:55:54.285000086,tgi_batch_next_tokens,http,10.128.2.18:3000,tgis-bam,fmaas-monitoring,llama3-mig3g-40gb,openshift-user-workload-monitoring/user-workload,0,tgis-bam,56.0
2024-05-20 14:55:59.285000086,tgi_batch_next_tokens,http,10.128.2.18:3000,tgis-bam,fmaas-monitoring,llama3-mig3g-40gb,openshift-user-workload-monitoring/user-workload,0,tgis-bam,56.0
2024-05-20 14:56:04.285000086,tgi_batch_next_tokens,http,10.128.2.18:3000,tgis-bam,fmaas-monitoring,llama3-mig3g-40gb,openshift-user-workload-monitoring/user-workload,0,tgis-bam,56.0
2024-05-20 14:56:09.285000086,tgi_batch_next_tokens,http,10.128.2.18:3000,tgis-bam,fmaas-monitoring,llama3-mig3g-40gb,openshift-user-workload-monitoring/user-workload,0,tgis-bam,15.0
2024-05-20 14:56:14.285000086,tgi_batch_next_tokens,http,10.128.2.18:3000,tgis-bam,fmaas-monitoring,llama3-mig3g-40gb,openshift-user-workload-monitoring/user-workload,0,tgis-bam,15.0
2024-05-20 14:56:19.285000086,tgi_batch_next_tokens,http,10.128.2.18:3000,tgis-bam,fmaas-monitoring,llama3-mig3g-40gb,openshift-user-workload-monitoring/user-workload,0,tgis-bam,15.0
2024-05-20 14:56:24.285000086,tgi_batch_next_tokens,http,10.128.2.18:3000,tgis-bam,fmaas-monitoring,llama3-mig3g-40gb,openshift-user-workload-monitoring/user-workload,0,tgis-bam,15.0
2024-05-20 14:56:29.285000086,tgi_batch_next_tokens,http,10.128.2.18:3000,tgis-bam,fmaas-monitoring,llama3-mig3g-40gb,openshift-user-workload-monitoring/user-workload,0,tgis-bam,15.0
2024-05-20 14:56:34.285000086,tgi_batch_next_tokens,http,10.128.2.18:3000,tgis-bam,fmaas-monitoring,llama3-mig3g-40gb,openshift-user-workload-monitoring/user-workload,0,tgis-bam,15.0
2024-05-20 14:56:39.289999962,tgi_batch_next_tokens,http,10.128.2.18:3000,tgis-bam,fmaas-monitoring,llama3-mig3g-40gb,openshift-user-workload-monitoring/user-workload,0,tgis-bam,15.0
2024-05-20 14:56:44.285000086,tgi_batch_next_tokens,http,10.128.2.18:3000,tgis-bam,fmaas-monitoring,llama3-mig3g-40gb,openshift-user-workload-monitoring/user-workload,0,tgis-bam,15.0
2024-05-20 14:56:49.285000086,tgi_batch_next_tokens,http,10.128.2.18:3000,tgis-bam,fmaas-monitoring,llama3-mig3g-40gb,openshift-user-workload-monitoring/user-workload,0,tgis-bam,15.0
2024-05-20 14:56:54.285000086,tgi_batch_next_tokens,http,10.128.2.18:3000,tgis-bam,fmaas-monitoring,llama3-mig3g-40gb,openshift-user-workload-monitoring/user-workload,0,tgis-bam,15.0
2024-05-20 14:56:59.285000086,tgi_batch_next_tokens,http,10.128.2.18:3000,tgis-bam,fmaas-monitoring,llama3-mig3g-40gb,openshift-user-workload-monitoring/user-workload,0,tgis-bam,15.0
2024-05-20 14:57:04.285000086,tgi_batch_next_tokens,http,10.128.2.18:3000,tgis-bam,fmaas-monitoring,llama3-mig3g-40gb,openshift-user-workload-monitoring/user-workload,0,tgis-bam,15.0
2024-05-20 14:57:09.285000086,tgi_batch_next_tokens,http,10.128.2.18:3000,tgis-bam,fmaas-monitoring,llama3-mig3g-40gb,openshift-user-workload-monitoring/user-workload,0,tgis-bam,857.0
2024-05-20 14:57:14.285000086,tgi_batch_next_tokens,http,10.128.2.18:3000,tgis-bam,fmaas-monitoring,llama3-mig3g-40gb,openshift-user-workload-monitoring/user-workload,0,tgis-bam,857.0
2024-05-20 14:57:19.285000086,tgi_batch_next_tokens,http,10.128.2.18:3000,tgis-bam,fmaas-monitoring,llama3-mig3g-40gb,openshift-user-workload-monitoring/user-workload,0,tgis-bam,857.0
2024-05-20 14:57:24.285000086,tgi_batch_next_tokens,http,10.128.2.18:3000,tgis-bam,fmaas-monitoring,llama3-mig3g-40gb,openshift-user-workload-monitoring/user-workload,0,tgis-bam,857.0
2024-05-20 14:57:29.285000086,tgi_batch_next_tokens,http,10.128.2.18:3000,tgis-bam,fmaas-monitoring,llama3-mig3g-40gb,openshift-user-workload-monitoring/user-workload,0,tgis-bam,3587.0
2024-05-20 14:57:34.285000086,tgi_batch_next_tokens,http,10.128.2.18:3000,tgis-bam,fmaas-monitoring,llama3-mig3g-40gb,openshift-user-workload-monitoring/user-workload,0,tgis-bam,3587.0
2024-05-20 14:57:39.285000086,tgi_batch_next_tokens,http,10.128.2.18:3000,tgis-bam,fmaas-monitoring,llama3-mig3g-40gb,openshift-user-workload-monitoring/user-workload,0,tgis-bam,3587.0
2024-05-20 14:57:44.285000086,tgi_batch_next_tokens,http,10.128.2.18:3000,tgis-bam,fmaas-monitoring,llama3-mig3g-40gb,openshift-user-workload-monitoring/user-workload,0,tgis-bam,3587.0
2024-05-20 14:57:49.285000086,tgi_batch_next_tokens,http,10.128.2.18:3000,tgis-bam,fmaas-monitoring,llama3-mig3g-40gb,openshift-user-workload-monitoring/user-workload,0,tgis-bam,6662.0
2024-05-20 14:57:54.285000086,tgi_batch_next_tokens,http,10.128.2.18:3000,tgis-bam,fmaas-monitoring,llama3-mig3g-40gb,openshift-user-workload-monitoring/user-workload,0,tgis-bam,2401.0
2024-05-20 14:57:59.285000086,tgi_batch_next_tokens,http,10.128.2.18:3000,tgis-bam,fmaas-monitoring,llama3-mig3g-40gb,openshift-user-workload-monitoring/user-workload,0,tgis-bam,2401.0
2024-05-20 14:58:04.285000086,tgi_batch_next_tokens,http,10.128.2.18:3000,tgis-bam,fmaas-monitoring,llama3-mig3g-40gb,openshift-user-workload-monitoring/user-workload,0,tgis-bam,733.0
2024-05-20 14:58:09.285000086,tgi_batch_next_tokens,http,10.128.2.18:3000,tgis-bam,fmaas-monitoring,llama3-mig3g-40gb,openshift-user-workload-monitoring/user-workload,0,tgis-bam,733.0
2024-05-20 14:58:14.285000086,tgi_batch_next_tokens,http,10.128.2.18:3000,tgis-bam,fmaas-monitoring,llama3-mig3g-40gb,openshift-user-workload-monitoring/user-workload,0,tgis-bam,733.0
2024-05-20 14:58:19.285000086,tgi_batch_next_tokens,http,10.128.2.18:3000,tgis-bam,fmaas-monitoring,llama3-mig3g-40gb,openshift-user-workload-monitoring/user-workload,0,tgis-bam,284.0
2024-05-20 14:58:24.285000086,tgi_batch_next_tokens,http,10.128.2.18:3000,tgis-bam,fmaas-monitoring,llama3-mig3g-40gb,openshift-user-workload-monitoring/user-workload,0,tgis-bam,26.0
2024-05-20 14:58:29.285000086,tgi_batch_next_tokens,http,10.128.2.18:3000,tgis-bam,fmaas-monitoring,llama3-mig3g-40gb,openshift-user-workload-monitoring/user-workload,0,tgis-bam,26.0
2024-05-20 14:58:34.285000086,tgi_batch_next_tokens,http,10.128.2.18:3000,tgis-bam,fmaas-monitoring,llama3-mig3g-40gb,openshift-user-workload-monitoring/user-workload,0,tgis-bam,26.0
2024-05-20 14:58:39.285000086,tgi_batch_next_tokens,http,10.128.2.18:3000,tgis-bam,fmaas-monitoring,llama3-mig3g-40gb,openshift-user-workload-monitoring/user-workload,0,tgis-bam,26.0
2024-05-20 14:58:44.285000086,tgi_batch_next_tokens,http,10.128.2.18:3000,tgis-bam,fmaas-monitoring,llama3-mig3g-40gb,openshift-user-workload-monitoring/user-workload,0,tgis-bam,26.0
2024-05-20 14:58:49.285000086,tgi_batch_next_tokens,http,10.128.2.18:3000,tgis-bam,fmaas-monitoring,llama3-mig3g-40gb,openshift-user-workload-monitoring/user-workload,0,tgis-bam,26.0
2024-05-20 14:58:54.285000086,tgi_batch_next_tokens,http,10.128.2.18:3000,tgis-bam,fmaas-monitoring,llama3-mig3g-40gb,openshift-user-workload-monitoring/user-workload,0,tgis-bam,26.0
2024-05-20 14:58:59.285000086,tgi_batch_next_tokens,http,10.128.2.18:3000,tgis-bam,fmaas-monitoring,llama3-mig3g-40gb,openshift-user-workload-monitoring/user-workload,0,tgis-bam,7.0
2024-05-20 14:59:04.285000086,tgi_batch_next_tokens,http,10.128.2.18:3000,tgis-bam,fmaas-monitoring,llama3-mig3g-40gb,openshift-user-workload-monitoring/user-workload,0,tgis-bam,7.0
2024-05-20 14:59:09.285000086,tgi_batch_next_tokens,http,10.128.2.18:3000,tgis-bam,fmaas-monitoring,llama3-mig3g-40gb,openshift-user-workload-monitoring/user-workload,0,tgis-bam,7.0
2024-05-20 14:59:14.285000086,tgi_batch_next_tokens,http,10.128.2.18:3000,tgis-bam,fmaas-monitoring,llama3-mig3g-40gb,openshift-user-workload-monitoring/user-workload,0,tgis-bam,7.0
2024-05-20 14:59:19.285000086,tgi_batch_next_tokens,http,10.128.2.18:3000,tgis-bam,fmaas-monitoring,llama3-mig3g-40gb,openshift-user-workload-monitoring/user-workload,0,tgis-bam,7.0
2024-05-20 14:59:24.285000086,tgi_batch_next_tokens,http,10.128.2.18:3000,tgis-bam,fmaas-monitoring,llama3-mig3g-40gb,openshift-user-workload-monitoring/user-workload,0,tgis-bam,7.0
2024-05-20 14:59:29.285000086,tgi_batch_next_tokens,http,10.128.2.18:3000,tgis-bam,fmaas-monitoring,llama3-mig3g-40gb,openshift-user-workload-monitoring/user-workload,0,tgis-bam,7.0
2024-05-20 14:59:34.285000086,tgi_batch_next_tokens,http,10.128.2.18:3000,tgis-bam,fmaas-monitoring,llama3-mig3g-40gb,openshift-user-workload-monitoring/user-workload,0,tgis-bam,7.0
2024-05-20 14:59:39.289000034,tgi_batch_next_tokens,http,10.128.2.18:3000,tgis-bam,fmaas-monitoring,llama3-mig3g-40gb,openshift-user-workload-monitoring/user-workload,0,tgis-bam,7.0
2024-05-20 14:59:44.285000086,tgi_batch_next_tokens,http,10.128.2.18:3000,tgis-bam,fmaas-monitoring,llama3-mig3g-40gb,openshift-user-workload-monitoring/user-workload,0,tgis-bam,7.0
2024-05-20 14:59:49.285000086,tgi_batch_next_tokens,http,10.128.2.18:3000,tgis-bam,fmaas-monitoring,llama3-mig3g-40gb,openshift-user-workload-monitoring/user-workload,0,tgis-bam,20.0
2024-05-20 14:59:54.285000086,tgi_batch_next_tokens,http,10.128.2.18:3000,tgis-bam,fmaas-monitoring,llama3-mig3g-40gb,openshift-user-workload-monitoring/user-workload,0,tgis-bam,20.0
2024-05-20 14:59:59.285000086,tgi_batch_next_tokens,http,10.128.2.18:3000,tgis-bam,fmaas-monitoring,llama3-mig3g-40gb,openshift-user-workload-monitoring/user-workload,0,tgis-bam,20.0
2024-05-20 15:00:04.285000086,tgi_batch_next_tokens,http,10.128.2.18:3000,tgis-bam,fmaas-monitoring,llama3-mig3g-40gb,openshift-user-workload-monitoring/user-workload,0,tgis-bam,20.0
2024-05-20 15:00:09.285000086,tgi_batch_next_tokens,http,10.128.2.18:3000,tgis-bam,fmaas-monitoring,llama3-mig3g-40gb,openshift-user-workload-monitoring/user-workload,0,tgis-bam,53.0
2024-05-20 15:00:14.285000086,tgi_batch_next_tokens,http,10.128.2.18:3000,tgis-bam,fmaas-monitoring,llama3-mig3g-40gb,openshift-user-workload-monitoring/user-workload,0,tgis-bam,53.0
2024-05-20 15:00:19.302000046,tgi_batch_next_tokens,http,10.128.2.18:3000,tgis-bam,fmaas-monitoring,llama3-mig3g-40gb,openshift-user-workload-monitoring/user-workload,0,tgis-bam,53.0
2024-05-20 15:00:24.285000086,tgi_batch_next_tokens,http,10.128.2.18:3000,tgis-bam,fmaas-monitoring,llama3-mig3g-40gb,openshift-user-workload-monitoring/user-workload,0,tgis-bam,52.0
2024-05-20 15:00:29.285000086,tgi_batch_next_tokens,http,10.128.2.18:3000,tgis-bam,fmaas-monitoring,llama3-mig3g-40gb,openshift-user-workload-monitoring/user-workload,0,tgis-bam,52.0
2024-05-20 15:00:34.285000086,tgi_batch_next_tokens,http,10.128.2.18:3000,tgis-bam,fmaas-monitoring,llama3-mig3g-40gb,openshift-user-workload-monitoring/user-workload,0,tgis-bam,52.0
2024-05-20 15:00:39.285000086,tgi_batch_next_tokens,http,10.128.2.18:3000,tgis-bam,fmaas-monitoring,llama3-mig3g-40gb,openshift-user-workload-monitoring/user-workload,0,tgis-bam,52.0
2024-05-20 15:00:44.285000086,tgi_batch_next_tokens,http,10.128.2.18:3000,tgis-bam,fmaas-monitoring,llama3-mig3g-40gb,openshift-user-workload-monitoring/user-workload,0,tgis-bam,52.0
2024-05-20 15:00:49.285000086,tgi_batch_next_tokens,http,10.128.2.18:3000,tgis-bam,fmaas-monitoring,llama3-mig3g-40gb,openshift-user-workload-monitoring/user-workload,0,tgis-bam,19.0
2024-05-20 15:00:54.285000086,tgi_batch_next_tokens,http,10.128.2.18:3000,tgis-bam,fmaas-monitoring,llama3-mig3g-40gb,openshift-user-workload-monitoring/user-workload,0,tgis-bam,19.0
2024-05-20 15:00:59.285000086,tgi_batch_next_tokens,http,10.128.2.18:3000,tgis-bam,fmaas-monitoring,llama3-mig3g-40gb,openshift-user-workload-monitoring/user-workload,0,tgis-bam,19.0
2024-05-20 15:01:04.285000086,tgi_batch_next_tokens,http,10.128.2.18:3000,tgis-bam,fmaas-monitoring,llama3-mig3g-40gb,openshift-user-workload-monitoring/user-workload,0,tgis-bam,19.0
2024-05-20 15:01:09.285000086,tgi_batch_next_tokens,http,10.128.2.18:3000,tgis-bam,fmaas-monitoring,llama3-mig3g-40gb,openshift-user-workload-monitoring/user-workload,0,tgis-bam,19.0
2024-05-20 15:01:14.285000086,tgi_batch_next_tokens,http,10.128.2.18:3000,tgis-bam,fmaas-monitoring,llama3-mig3g-40gb,openshift-user-workload-monitoring/user-workload,0,tgis-bam,19.0
2024-05-20 15:01:19.285000086,tgi_batch_next_tokens,http,10.128.2.18:3000,tgis-bam,fmaas-monitoring,llama3-mig3g-40gb,openshift-user-workload-monitoring/user-workload,0,tgis-bam,19.0
2024-05-20 15:01:24.288000107,tgi_batch_next_tokens,http,10.128.2.18:3000,tgis-bam,fmaas-monitoring,llama3-mig3g-40gb,openshift-user-workload-monitoring/user-workload,0,tgis-bam,19.0
2024-05-20 15:01:29.285000086,tgi_batch_next_tokens,http,10.128.2.18:3000,tgis-bam,fmaas-monitoring,llama3-mig3g-40gb,openshift-user-workload-monitoring/user-workload,0,tgis-bam,19.0
2024-05-20 15:01:34.285000086,tgi_batch_next_tokens,http,10.128.2.18:3000,tgis-bam,fmaas-monitoring,llama3-mig3g-40gb,openshift-user-workload-monitoring/user-workload,0,tgis-bam,19.0
2024-05-20 15:01:39.296999931,tgi_batch_next_tokens,http,10.128.2.18:3000,tgis-bam,fmaas-monitoring,llama3-mig3g-40gb,openshift-user-workload-monitoring/user-workload,0,tgis-bam,19.0
2024-05-20 15:01:44.285000086,tgi_batch_next_tokens,http,10.128.2.18:3000,tgis-bam,fmaas-monitoring,llama3-mig3g-40gb,openshift-user-workload-monitoring/user-workload,0,tgis-bam,18.0
2024-05-20 15:01:49.285000086,tgi_batch_next_tokens,http,10.128.2.18:3000,tgis-bam,fmaas-monitoring,llama3-mig3g-40gb,openshift-user-workload-monitoring/user-workload,0,tgis-bam,18.0
2024-05-20 15:01:54.301000118,tgi_batch_next_tokens,http,10.128.2.18:3000,tgis-bam,fmaas-monitoring,llama3-mig3g-40gb,openshift-user-workload-monitoring/user-workload,0,tgis-bam,14.0
2024-05-20 15:01:59.332999945,tgi_batch_next_tokens,http,10.128.2.18:3000,tgis-bam,fmaas-monitoring,llama3-mig3g-40gb,openshift-user-workload-monitoring/user-workload,0,tgis-bam,14.0
2024-05-20 15:02:04.285000086,tgi_batch_next_tokens,http,10.128.2.18:3000,tgis-bam,fmaas-monitoring,llama3-mig3g-40gb,openshift-user-workload-monitoring/user-workload,0,tgis-bam,14.0
2024-05-20 15:02:09.285000086,tgi_batch_next_tokens,http,10.128.2.18:3000,tgis-bam,fmaas-monitoring,llama3-mig3g-40gb,openshift-user-workload-monitoring/user-workload,0,tgis-bam,14.0
2024-05-20 15:02:14.285000086,tgi_batch_next_tokens,http,10.128.2.18:3000,tgis-bam,fmaas-monitoring,llama3-mig3g-40gb,openshift-user-workload-monitoring/user-workload,0,tgis-bam,14.0
2024-05-20 15:02:19.285000086,tgi_batch_next_tokens,http,10.128.2.18:3000,tgis-bam,fmaas-monitoring,llama3-mig3g-40gb,openshift-user-workload-monitoring/user-workload,0,tgis-bam,14.0
2024-05-20 15:02:24.285000086,tgi_batch_next_tokens,http,10.128.2.18:3000,tgis-bam,fmaas-monitoring,llama3-mig3g-40gb,openshift-user-workload-monitoring/user-workload,0,tgis-bam,14.0
2024-05-20 15:02:29.285000086,tgi_batch_next_tokens,http,10.128.2.18:3000,tgis-bam,fmaas-monitoring,llama3-mig3g-40gb,openshift-user-workload-monitoring/user-workload,0,tgis-bam,14.0
2024-05-20 15:02:34.285000086,tgi_batch_next_tokens,http,10.128.2.18:3000,tgis-bam,fmaas-monitoring,llama3-mig3g-40gb,openshift-user-workload-monitoring/user-workload,0,tgis-bam,14.0
2024-05-20 15:02:39.285000086,tgi_batch_next_tokens,http,10.128.2.18:3000,tgis-bam,fmaas-monitoring,llama3-mig3g-40gb,openshift-user-workload-monitoring/user-workload,0,tgis-bam,14.0
2024-05-20 15:02:44.285000086,tgi_batch_next_tokens,http,10.128.2.18:3000,tgis-bam,fmaas-monitoring,llama3-mig3g-40gb,openshift-user-workload-monitoring/user-workload,0,tgis-bam,14.0
2024-05-20 15:02:49.285000086,tgi_batch_next_tokens,http,10.128.2.18:3000,tgis-bam,fmaas-monitoring,llama3-mig3g-40gb,openshift-user-workload-monitoring/user-workload,0,tgis-bam,39.0
2024-05-20 15:02:54.285000086,tgi_batch_next_tokens,http,10.128.2.18:3000,tgis-bam,fmaas-monitoring,llama3-mig3g-40gb,openshift-user-workload-monitoring/user-workload,0,tgis-bam,39.0
2024-05-20 15:02:59.285000086,tgi_batch_next_tokens,http,10.128.2.18:3000,tgis-bam,fmaas-monitoring,llama3-mig3g-40gb,openshift-user-workload-monitoring/user-workload,0,tgis-bam,39.0
2024-05-20 15:03:04.285000086,tgi_batch_next_tokens,http,10.128.2.18:3000,tgis-bam,fmaas-monitoring,llama3-mig3g-40gb,openshift-user-workload-monitoring/user-workload,0,tgis-bam,11.0
2024-05-20 15:03:09.285000086,tgi_batch_next_tokens,http,10.128.2.18:3000,tgis-bam,fmaas-monitoring,llama3-mig3g-40gb,openshift-user-workload-monitoring/user-workload,0,tgis-bam,11.0
2024-05-20 15:03:14.285000086,tgi_batch_next_tokens,http,10.128.2.18:3000,tgis-bam,fmaas-monitoring,llama3-mig3g-40gb,openshift-user-workload-monitoring/user-workload,0,tgis-bam,11.0
2024-05-20 15:03:19.285000086,tgi_batch_next_tokens,http,10.128.2.18:3000,tgis-bam,fmaas-monitoring,llama3-mig3g-40gb,openshift-user-workload-monitoring/user-workload,0,tgis-bam,11.0
2024-05-20 15:03:24.285000086,tgi_batch_next_tokens,http,10.128.2.18:3000,tgis-bam,fmaas-monitoring,llama3-mig3g-40gb,openshift-user-workload-monitoring/user-workload,0,tgis-bam,11.0
2024-05-20 14:53:29.285000086,tgi_batch_next_tokens,http,10.128.2.18:3000,tgis-bam,fmaas-monitoring,llama3-mig3g-40gb,openshift-user-workload-monitoring/user-workload,0.5,tgis-bam,1328.8909736584078
2024-05-20 14:53:34.285000086,tgi_batch_next_tokens,http,10.128.2.18:3000,tgis-bam,fmaas-monitoring,llama3-mig3g-40gb,openshift-user-workload-monitoring/user-workload,0.5,tgis-bam,1328.8909736584078
2024-05-20 14:53:39.285000086,tgi_batch_next_tokens,http,10.128.2.18:3000,tgis-bam,fmaas-monitoring,llama3-mig3g-40gb,openshift-user-workload-monitoring/user-workload,0.5,tgis-bam,1451.1331591311332
2024-05-20 14:53:44.285000086,tgi_batch_next_tokens,http,10.128.2.18:3000,tgis-bam,fmaas-monitoring,llama3-mig3g-40gb,openshift-user-workload-monitoring/user-workload,0.5,tgis-bam,1451.1331591311332
2024-05-20 14:53:49.285000086,tgi_batch_next_tokens,http,10.128.2.18:3000,tgis-bam,fmaas-monitoring,llama3-mig3g-40gb,openshift-user-workload-monitoring/user-workload,0.5,tgis-bam,1451.1331591311332
2024-05-20 14:53:54.286999941,tgi_batch_next_tokens,http,10.128.2.18:3000,tgis-bam,fmaas-monitoring,llama3-mig3g-40gb,openshift-user-workload-monitoring/user-workload,0.5,tgis-bam,1451.1331591311332
2024-05-20 14:53:59.285000086,tgi_batch_next_tokens,http,10.128.2.18:3000,tgis-bam,fmaas-monitoring,llama3-mig3g-40gb,openshift-user-workload-monitoring/user-workload,0.5,tgis-bam,1451.1331591311332
2024-05-20 14:54:04.285000086,tgi_batch_next_tokens,http,10.128.2.18:3000,tgis-bam,fmaas-monitoring,llama3-mig3g-40gb,openshift-user-workload-monitoring/user-workload,0.5,tgis-bam,1451.1331591311332
2024-05-20 14:54:09.285000086,tgi_batch_next_tokens,http,10.128.2.18:3000,tgis-bam,fmaas-monitoring,llama3-mig3g-40gb,openshift-user-workload-monitoring/user-workload,0.5,tgis-bam,1134.9002248697595
2024-05-20 14:54:14.285000086,tgi_batch_next_tokens,http,10.128.2.18:3000,tgis-bam,fmaas-monitoring,llama3-mig3g-40gb,openshift-user-workload-monitoring/user-workload,0.5,tgis-bam,731.0632760749722
2024-05-20 14:54:19.285000086,tgi_batch_next_tokens,http,10.128.2.18:3000,tgis-bam,fmaas-monitoring,llama3-mig3g-40gb,openshift-user-workload-monitoring/user-workload,0.5,tgis-bam,731.0632760749722
2024-05-20 14:54:24.285000086,tgi_batch_next_tokens,http,10.128.2.18:3000,tgis-bam,fmaas-monitoring,llama3-mig3g-40gb,openshift-user-workload-monitoring/user-workload,0.5,tgis-bam,731.0632760749722
2024-05-20 14:54:29.285000086,tgi_batch_next_tokens,http,10.128.2.18:3000,tgis-bam,fmaas-monitoring,llama3-mig3g-40gb,openshift-user-workload-monitoring/user-workload,0.5,tgis-bam,289.0211919261833
2024-05-20 14:54:34.285000086,tgi_batch_next_tokens,http,10.128.2.18:3000,tgis-bam,fmaas-monitoring,llama3-mig3g-40gb,openshift-user-workload-monitoring/user-workload,0.5,tgis-bam,289.0211919261833
2024-05-20 14:54:39.285000086,tgi_batch_next_tokens,http,10.128.2.18:3000,tgis-bam,fmaas-monitoring,llama3-mig3g-40gb,openshift-user-workload-monitoring/user-workload,0.5,tgis-bam,289.0211919261833
2024-05-20 14:54:44.285000086,tgi_batch_next_tokens,http,10.128.2.18:3000,tgis-bam,fmaas-monitoring,llama3-mig3g-40gb,openshift-user-workload-monitoring/user-workload,0.5,tgis-bam,289.0211919261833
2024-05-20 14:54:49.285000086,tgi_batch_next_tokens,http,10.128.2.18:3000,tgis-bam,fmaas-monitoring,llama3-mig3g-40gb,openshift-user-workload-monitoring/user-workload,0.5,tgis-bam,81.0041193577915
2024-05-20 14:54:54.285000086,tgi_batch_next_tokens,http,10.128.2.18:3000,tgis-bam,fmaas-monitoring,llama3-mig3g-40gb,openshift-user-workload-monitoring/user-workload,0.5,tgis-bam,81.0041193577915
2024-05-20 14:54:59.285000086,tgi_batch_next_tokens,http,10.128.2.18:3000,tgis-bam,fmaas-monitoring,llama3-mig3g-40gb,openshift-user-workload-monitoring/user-workload,0.5,tgis-bam,81.0041193577915
2024-05-20 14:55:04.285000086,tgi_batch_next_tokens,http,10.128.2.18:3000,tgis-bam,fmaas-monitoring,llama3-mig3g-40gb,openshift-user-workload-monitoring/user-workload,0.5,tgis-bam,81.0041193577915
2024-05-20 14:55:09.285000086,tgi_batch_next_tokens,http,10.128.2.18:3000,tgis-bam,fmaas-monitoring,llama3-mig3g-40gb,openshift-user-workload-monitoring/user-workload,0.5,tgis-bam,66.00298768561115
2024-05-20 14:55:14.285000086,tgi_batch_next_tokens,http,10.128.2.18:3000,tgis-bam,fmaas-monitoring,llama3-mig3g-40gb,openshift-user-workload-monitoring/user-workload,0.5,tgis-bam,66.00298768561115
2024-05-20 14:55:19.285000086,tgi_batch_next_tokens,http,10.128.2.18:3000,tgis-bam,fmaas-monitoring,llama3-mig3g-40gb,openshift-user-workload-monitoring/user-workload,0.5,tgis-bam,66.00298768561115
2024-05-20 14:55:24.285000086,tgi_batch_next_tokens,http,10.128.2.18:3000,tgis-bam,fmaas-monitoring,llama3-mig3g-40gb,openshift-user-workload-monitoring/user-workload,0.5,tgis-bam,66.00298768561115
2024-05-20 14:55:29.285000086,tgi_batch_next_tokens,http,10.128.2.18:3000,tgis-bam,fmaas-monitoring,llama3-mig3g-40gb,openshift-user-workload-monitoring/user-workload,0.5,tgis-bam,81.0041193577915
2024-05-20 14:55:34.285000086,tgi_batch_next_tokens,http,10.128.2.18:3000,tgis-bam,fmaas-monitoring,llama3-mig3g-40gb,openshift-user-workload-monitoring/user-workload,0.5,tgis-bam,81.0041193577915
2024-05-20 14:55:39.285000086,tgi_batch_next_tokens,http,10.128.2.18:3000,tgis-bam,fmaas-monitoring,llama3-mig3g-40gb,openshift-user-workload-monitoring/user-workload,0.5,tgis-bam,81.0041193577915
2024-05-20 14:55:44.285000086,tgi_batch_next_tokens,http,10.128.2.18:3000,tgis-bam,fmaas-monitoring,llama3-mig3g-40gb,openshift-user-workload-monitoring/user-workload,0.5,tgis-bam,55.99710586500943
2024-05-20 14:55:49.285000086,tgi_batch_next_tokens,http,10.128.2.18:3000,tgis-bam,fmaas-monitoring,llama3-mig3g-40gb,openshift-user-workload-monitoring/user-workload,0.5,tgis-bam,55.99710586500943
2024-05-20 14:55:54.285000086,tgi_batch_next_tokens,http,10.128.2.18:3000,tgis-bam,fmaas-monitoring,llama3-mig3g-40gb,openshift-user-workload-monitoring/user-workload,0.5,tgis-bam,55.99710586500943
2024-05-20 14:55:59.285000086,tgi_batch_next_tokens,http,10.128.2.18:3000,tgis-bam,fmaas-monitoring,llama3-mig3g-40gb,openshift-user-workload-monitoring/user-workload,0.5,tgis-bam,55.99710586500943
2024-05-20 14:56:04.285000086,tgi_batch_next_tokens,http,10.128.2.18:3000,tgis-bam,fmaas-monitoring,llama3-mig3g-40gb,openshift-user-workload-monitoring/user-workload,0.5,tgis-bam,55.99710586500943
2024-05-20 14:56:09.285000086,tgi_batch_next_tokens,http,10.128.2.18:3000,tgis-bam,fmaas-monitoring,llama3-mig3g-40gb,openshift-user-workload-monitoring/user-workload,0.5,tgis-bam,55.99710586500943
2024-05-20 14:56:14.285000086,tgi_batch_next_tokens,http,10.128.2.18:3000,tgis-bam,fmaas-monitoring,llama3-mig3g-40gb,openshift-user-workload-monitoring/user-workload,0.5,tgis-bam,55.99710586500943
2024-05-20 14:56:19.285000086,tgi_batch_next_tokens,http,10.128.2.18:3000,tgis-bam,fmaas-monitoring,llama3-mig3g-40gb,openshift-user-workload-monitoring/user-workload,0.5,tgis-bam,55.99710586500943
2024-05-20 14:56:24.285000086,tgi_batch_next_tokens,http,10.128.2.18:3000,tgis-bam,fmaas-monitoring,llama3-mig3g-40gb,openshift-user-workload-monitoring/user-workload,0.5,tgis-bam,55.99710586500943
2024-05-20 14:56:29.285000086,tgi_batch_next_tokens,http,10.128.2.18:3000,tgis-bam,fmaas-monitoring,llama3-mig3g-40gb,openshift-user-workload-monitoring/user-workload,0.5,tgis-bam,15.000747062474648
2024-05-20 14:56:34.285000086,tgi_batch_next_tokens,http,10.128.2.18:3000,tgis-bam,fmaas-monitoring,llama3-mig3g-40gb,openshift-user-workload-monitoring/user-workload,0.5,tgis-bam,15.000747062474648
2024-05-20 14:56:39.289999962,tgi_batch_next_tokens,http,10.128.2.18:3000,tgis-bam,fmaas-monitoring,llama3-mig3g-40gb,openshift-user-workload-monitoring/user-workload,0.5,tgis-bam,287.9825862437092
2024-05-20 14:56:44.285000086,tgi_batch_next_tokens,http,10.128.2.18:3000,tgis-bam,fmaas-monitoring,llama3-mig3g-40gb,openshift-user-workload-monitoring/user-workload,0.5,tgis-bam,287.9825862437092
2024-05-20 14:56:49.285000086,tgi_batch_next_tokens,http,10.128.2.18:3000,tgis-bam,fmaas-monitoring,llama3-mig3g-40gb,openshift-user-workload-monitoring/user-workload,0.5,tgis-bam,15.000747062474648
2024-05-20 14:56:54.285000086,tgi_batch_next_tokens,http,10.128.2.18:3000,tgis-bam,fmaas-monitoring,llama3-mig3g-40gb,openshift-user-workload-monitoring/user-workload,0.5,tgis-bam,857.0532204216497
2024-05-20 14:56:59.285000086,tgi_batch_next_tokens,http,10.128.2.18:3000,tgis-bam,fmaas-monitoring,llama3-mig3g-40gb,openshift-user-workload-monitoring/user-workload,0.5,tgis-bam,857.0532204216497
2024-05-20 14:57:04.285000086,tgi_batch_next_tokens,http,10.128.2.18:3000,tgis-bam,fmaas-monitoring,llama3-mig3g-40gb,openshift-user-workload-monitoring/user-workload,0.5,tgis-bam,857.0532204216497
2024-05-20 14:57:09.285000086,tgi_batch_next_tokens,http,10.128.2.18:3000,tgis-bam,fmaas-monitoring,llama3-mig3g-40gb,openshift-user-workload-monitoring/user-workload,0.5,tgis-bam,857.0532204216497
2024-05-20 14:57:14.285000086,tgi_batch_next_tokens,http,10.128.2.18:3000,tgis-bam,fmaas-monitoring,llama3-mig3g-40gb,openshift-user-workload-monitoring/user-workload,0.5,tgis-bam,857.0532204216497
2024-05-20 14:57:19.285000086,tgi_batch_next_tokens,http,10.128.2.18:3000,tgis-bam,fmaas-monitoring,llama3-mig3g-40gb,openshift-user-workload-monitoring/user-workload,0.5,tgis-bam,857.0532204216497
2024-05-20 14:57:24.285000086,tgi_batch_next_tokens,http,10.128.2.18:3000,tgis-bam,fmaas-monitoring,llama3-mig3g-40gb,openshift-user-workload-monitoring/user-workload,0.5,tgis-bam,857.0532204216497
2024-05-20 14:57:29.285000086,tgi_batch_next_tokens,http,10.128.2.18:3000,tgis-bam,fmaas-monitoring,llama3-mig3g-40gb,openshift-user-workload-monitoring/user-workload,0.5,tgis-bam,3587.10239148458
2024-05-20 14:57:34.285000086,tgi_batch_next_tokens,http,10.128.2.18:3000,tgis-bam,fmaas-monitoring,llama3-mig3g-40gb,openshift-user-workload-monitoring/user-workload,0.5,tgis-bam,3587.10239148458
2024-05-20 14:57:39.285000086,tgi_batch_next_tokens,http,10.128.2.18:3000,tgis-bam,fmaas-monitoring,llama3-mig3g-40gb,openshift-user-workload-monitoring/user-workload,0.5,tgis-bam,3587.10239148458
2024-05-20 14:57:44.285000086,tgi_batch_next_tokens,http,10.128.2.18:3000,tgis-bam,fmaas-monitoring,llama3-mig3g-40gb,openshift-user-workload-monitoring/user-workload,0.5,tgis-bam,3587.10239148458
2024-05-20 14:57:49.285000086,tgi_batch_next_tokens,http,10.128.2.18:3000,tgis-bam,fmaas-monitoring,llama3-mig3g-40gb,openshift-user-workload-monitoring/user-workload,0.5,tgis-bam,6661.500405996675
2024-05-20 14:57:54.285000086,tgi_batch_next_tokens,http,10.128.2.18:3000,tgis-bam,fmaas-monitoring,llama3-mig3g-40gb,openshift-user-workload-monitoring/user-workload,0.5,tgis-bam,2401.1426830027244
2024-05-20 14:57:59.285000086,tgi_batch_next_tokens,http,10.128.2.18:3000,tgis-bam,fmaas-monitoring,llama3-mig3g-40gb,openshift-user-workload-monitoring/user-workload,0.5,tgis-bam,2401.1426830027244
2024-05-20 14:58:04.285000086,tgi_batch_next_tokens,http,10.128.2.18:3000,tgis-bam,fmaas-monitoring,llama3-mig3g-40gb,openshift-user-workload-monitoring/user-workload,0.5,tgis-bam,2401.1426830027244
2024-05-20 14:58:09.285000086,tgi_batch_next_tokens,http,10.128.2.18:3000,tgis-bam,fmaas-monitoring,llama3-mig3g-40gb,openshift-user-workload-monitoring/user-workload,0.5,tgis-bam,2401.1426830027244
2024-05-20 14:58:14.285000086,tgi_batch_next_tokens,http,10.128.2.18:3000,tgis-bam,fmaas-monitoring,llama3-mig3g-40gb,openshift-user-workload-monitoring/user-workload,0.5,tgis-bam,2401.1426830027244
2024-05-20 14:58:19.285000086,tgi_batch_next_tokens,http,10.128.2.18:3000,tgis-bam,fmaas-monitoring,llama3-mig3g-40gb,openshift-user-workload-monitoring/user-workload,0.5,tgis-bam,1889.1835302611541
2024-05-20 14:58:24.285000086,tgi_batch_next_tokens,http,10.128.2.18:3000,tgis-bam,fmaas-monitoring,llama3-mig3g-40gb,openshift-user-workload-monitoring/user-workload,0.5,tgis-bam,1585.8883770741809
2024-05-20 14:58:29.285000086,tgi_batch_next_tokens,http,10.128.2.18:3000,tgis-bam,fmaas-monitoring,llama3-mig3g-40gb,openshift-user-workload-monitoring/user-workload,0.5,tgis-bam,1585.8883770741809
2024-05-20 14:58:34.285000086,tgi_batch_next_tokens,http,10.128.2.18:3000,tgis-bam,fmaas-monitoring,llama3-mig3g-40gb,openshift-user-workload-monitoring/user-workload,0.5,tgis-bam,1585.8883770741809
2024-05-20 14:58:39.285000086,tgi_batch_next_tokens,http,10.128.2.18:3000,tgis-bam,fmaas-monitoring,llama3-mig3g-40gb,openshift-user-workload-monitoring/user-workload,0.5,tgis-bam,1585.8883770741809
2024-05-20 14:58:44.285000086,tgi_batch_next_tokens,http,10.128.2.18:3000,tgis-bam,fmaas-monitoring,llama3-mig3g-40gb,openshift-user-workload-monitoring/user-workload,0.5,tgis-bam,732.966513735913
2024-05-20 14:58:49.285000086,tgi_batch_next_tokens,http,10.128.2.18:3000,tgis-bam,fmaas-monitoring,llama3-mig3g-40gb,openshift-user-workload-monitoring/user-workload,0.5,tgis-bam,1585.8883770741809
2024-05-20 14:58:54.285000086,tgi_batch_next_tokens,http,10.128.2.18:3000,tgis-bam,fmaas-monitoring,llama3-mig3g-40gb,openshift-user-workload-monitoring/user-workload,0.5,tgis-bam,1665.865387640968
2024-05-20 14:58:59.285000086,tgi_batch_next_tokens,http,10.128.2.18:3000,tgis-bam,fmaas-monitoring,llama3-mig3g-40gb,openshift-user-workload-monitoring/user-workload,0.5,tgis-bam,1665.865387640968
2024-05-20 14:59:04.285000086,tgi_batch_next_tokens,http,10.128.2.18:3000,tgis-bam,fmaas-monitoring,llama3-mig3g-40gb,openshift-user-workload-monitoring/user-workload,0.5,tgis-bam,1585.8883770741809
2024-05-20 14:59:09.285000086,tgi_batch_next_tokens,http,10.128.2.18:3000,tgis-bam,fmaas-monitoring,llama3-mig3g-40gb,openshift-user-workload-monitoring/user-workload,0.5,tgis-bam,1665.865387640968
2024-05-20 14:59:14.285000086,tgi_batch_next_tokens,http,10.128.2.18:3000,tgis-bam,fmaas-monitoring,llama3-mig3g-40gb,openshift-user-workload-monitoring/user-workload,0.5,tgis-bam,1665.865387640968
2024-05-20 14:59:19.285000086,tgi_batch_next_tokens,http,10.128.2.18:3000,tgis-bam,fmaas-monitoring,llama3-mig3g-40gb,openshift-user-workload-monitoring/user-workload,0.5,tgis-bam,871.9220411565971
2024-05-20 14:59:24.285000086,tgi_batch_next_tokens,http,10.128.2.18:3000,tgis-bam,fmaas-monitoring,llama3-mig3g-40gb,openshift-user-workload-monitoring/user-workload,0.5,tgis-bam,871.9220411565971
2024-05-20 14:59:29.285000086,tgi_batch_next_tokens,http,10.128.2.18:3000,tgis-bam,fmaas-monitoring,llama3-mig3g-40gb,openshift-user-workload-monitoring/user-workload,0.5,tgis-bam,871.9220411565971
2024-05-20 14:59:34.285000086,tgi_batch_next_tokens,http,10.128.2.18:3000,tgis-bam,fmaas-monitoring,llama3-mig3g-40gb,openshift-user-workload-monitoring/user-workload,0.5,tgis-bam,871.9220411565971
2024-05-20 14:59:39.289000034,tgi_batch_next_tokens,http,10.128.2.18:3000,tgis-bam,fmaas-monitoring,llama3-mig3g-40gb,openshift-user-workload-monitoring/user-workload,0.5,tgis-bam,1713.8541802212096
2024-05-20 14:59:44.285000086,tgi_batch_next_tokens,http,10.128.2.18:3000,tgis-bam,fmaas-monitoring,llama3-mig3g-40gb,openshift-user-workload-monitoring/user-workload,0.5,tgis-bam,1713.8541802212096
2024-05-20 14:59:49.285000086,tgi_batch_next_tokens,http,10.128.2.18:3000,tgis-bam,fmaas-monitoring,llama3-mig3g-40gb,openshift-user-workload-monitoring/user-workload,0.5,tgis-bam,3104.164952490312
2024-05-20 14:59:54.285000086,tgi_batch_next_tokens,http,10.128.2.18:3000,tgis-bam,fmaas-monitoring,llama3-mig3g-40gb,openshift-user-workload-monitoring/user-workload,0.5,tgis-bam,2707.822326675642
2024-05-20 14:59:59.285000086,tgi_batch_next_tokens,http,10.128.2.18:3000,tgis-bam,fmaas-monitoring,llama3-mig3g-40gb,openshift-user-workload-monitoring/user-workload,0.5,tgis-bam,2707.822326675642
2024-05-20 15:00:04.285000086,tgi_batch_next_tokens,http,10.128.2.18:3000,tgis-bam,fmaas-monitoring,llama3-mig3g-40gb,openshift-user-workload-monitoring/user-workload,0.5,tgis-bam,2707.822326675642
2024-05-20 15:00:09.285000086,tgi_batch_next_tokens,http,10.128.2.18:3000,tgis-bam,fmaas-monitoring,llama3-mig3g-40gb,openshift-user-workload-monitoring/user-workload,0.5,tgis-bam,2812.1371404835245
2024-05-20 15:00:14.285000086,tgi_batch_next_tokens,http,10.128.2.18:3000,tgis-bam,fmaas-monitoring,llama3-mig3g-40gb,openshift-user-workload-monitoring/user-workload,0.5,tgis-bam,2812.1371404835245
2024-05-20 15:00:19.302000046,tgi_batch_next_tokens,http,10.128.2.18:3000,tgis-bam,fmaas-monitoring,llama3-mig3g-40gb,openshift-user-workload-monitoring/user-workload,0.5,tgis-bam,2812.1371404835245
2024-05-20 15:00:24.285000086,tgi_batch_next_tokens,http,10.128.2.18:3000,tgis-bam,fmaas-monitoring,llama3-mig3g-40gb,openshift-user-workload-monitoring/user-workload,0.5,tgis-bam,2812.1371404835245
2024-05-20 15:00:29.285000086,tgi_batch_next_tokens,http,10.128.2.18:3000,tgis-bam,fmaas-monitoring,llama3-mig3g-40gb,openshift-user-workload-monitoring/user-workload,0.5,tgis-bam,1083.0105823595045
2024-05-20 15:00:34.285000086,tgi_batch_next_tokens,http,10.128.2.18:3000,tgis-bam,fmaas-monitoring,llama3-mig3g-40gb,openshift-user-workload-monitoring/user-workload,0.5,tgis-bam,1308.0594982234284
2024-05-20 15:00:39.285000086,tgi_batch_next_tokens,http,10.128.2.18:3000,tgis-bam,fmaas-monitoring,llama3-mig3g-40gb,openshift-user-workload-monitoring/user-workload,0.5,tgis-bam,852.9492224248113
2024-05-20 15:00:44.285000086,tgi_batch_next_tokens,http,10.128.2.18:3000,tgis-bam,fmaas-monitoring,llama3-mig3g-40gb,openshift-user-workload-monitoring/user-workload,0.5,tgis-bam,1308.0594982234284
2024-05-20 15:00:49.285000086,tgi_batch_next_tokens,http,10.128.2.18:3000,tgis-bam,fmaas-monitoring,llama3-mig3g-40gb,openshift-user-workload-monitoring/user-workload,0.5,tgis-bam,1308.0594982234284
2024-05-20 15:00:54.285000086,tgi_batch_next_tokens,http,10.128.2.18:3000,tgis-bam,fmaas-monitoring,llama3-mig3g-40gb,openshift-user-workload-monitoring/user-workload,0.5,tgis-bam,1308.0594982234284
2024-05-20 15:00:59.285000086,tgi_batch_next_tokens,http,10.128.2.18:3000,tgis-bam,fmaas-monitoring,llama3-mig3g-40gb,openshift-user-workload-monitoring/user-workload,0.5,tgis-bam,1236.0795771249548
2024-05-20 15:01:04.285000086,tgi_batch_next_tokens,http,10.128.2.18:3000,tgis-bam,fmaas-monitoring,llama3-mig3g-40gb,openshift-user-workload-monitoring/user-workload,0.5,tgis-bam,1308.0594982234284
2024-05-20 15:01:09.285000086,tgi_batch_next_tokens,http,10.128.2.18:3000,tgis-bam,fmaas-monitoring,llama3-mig3g-40gb,openshift-user-workload-monitoring/user-workload,0.5,tgis-bam,1308.0594982234284
2024-05-20 15:01:14.285000086,tgi_batch_next_tokens,http,10.128.2.18:3000,tgis-bam,fmaas-monitoring,llama3-mig3g-40gb,openshift-user-workload-monitoring/user-workload,0.5,tgis-bam,1308.0594982234284
2024-05-20 15:01:19.285000086,tgi_batch_next_tokens,http,10.128.2.18:3000,tgis-bam,fmaas-monitoring,llama3-mig3g-40gb,openshift-user-workload-monitoring/user-workload,0.5,tgis-bam,1308.0594982234284
2024-05-20 15:01:24.288000107,tgi_batch_next_tokens,http,10.128.2.18:3000,tgis-bam,fmaas-monitoring,llama3-mig3g-40gb,openshift-user-workload-monitoring/user-workload,0.5,tgis-bam,1308.0594982234284
2024-05-20 15:01:29.285000086,tgi_batch_next_tokens,http,10.128.2.18:3000,tgis-bam,fmaas-monitoring,llama3-mig3g-40gb,openshift-user-workload-monitoring/user-workload,0.5,tgis-bam,1236.0795771249548
2024-05-20 15:01:34.285000086,tgi_batch_next_tokens,http,10.128.2.18:3000,tgis-bam,fmaas-monitoring,llama3-mig3g-40gb,openshift-user-workload-monitoring/user-workload,0.5,tgis-bam,1236.0795771249548
2024-05-20 15:01:39.296999931,tgi_batch_next_tokens,http,10.128.2.18:3000,tgis-bam,fmaas-monitoring,llama3-mig3g-40gb,openshift-user-workload-monitoring/user-workload,0.5,tgis-bam,1237.0688364409186
2024-05-20 15:01:44.285000086,tgi_batch_next_tokens,http,10.128.2.18:3000,tgis-bam,fmaas-monitoring,llama3-mig3g-40gb,openshift-user-workload-monitoring/user-workload,0.5,tgis-bam,1019.9409557586156
2024-05-20 15:01:49.285000086,tgi_batch_next_tokens,http,10.128.2.18:3000,tgis-bam,fmaas-monitoring,llama3-mig3g-40gb,openshift-user-workload-monitoring/user-workload,0.5,tgis-bam,750.0201081720377
2024-05-20 15:01:54.301000118,tgi_batch_next_tokens,http,10.128.2.18:3000,tgis-bam,fmaas-monitoring,llama3-mig3g-40gb,openshift-user-workload-monitoring/user-workload,0.5,tgis-bam,750.0201081720377
2024-05-20 15:01:59.332999945,tgi_batch_next_tokens,http,10.128.2.18:3000,tgis-bam,fmaas-monitoring,llama3-mig3g-40gb,openshift-user-workload-monitoring/user-workload,0.5,tgis-bam,750.0201081720377
2024-05-20 15:02:04.285000086,tgi_batch_next_tokens,http,10.128.2.18:3000,tgis-bam,fmaas-monitoring,llama3-mig3g-40gb,openshift-user-workload-monitoring/user-workload,0.5,tgis-bam,750.0201081720377
2024-05-20 15:02:09.285000086,tgi_batch_next_tokens,http,10.128.2.18:3000,tgis-bam,fmaas-monitoring,llama3-mig3g-40gb,openshift-user-workload-monitoring/user-workload,0.5,tgis-bam,750.0201081720377
2024-05-20 15:02:14.285000086,tgi_batch_next_tokens,http,10.128.2.18:3000,tgis-bam,fmaas-monitoring,llama3-mig3g-40gb,openshift-user-workload-monitoring/user-workload,0.5,tgis-bam,750.0201081720377
2024-05-20 15:02:19.285000086,tgi_batch_next_tokens,http,10.128.2.18:3000,tgis-bam,fmaas-monitoring,llama3-mig3g-40gb,openshift-user-workload-monitoring/user-workload,0.5,tgis-bam,750.0201081720377
2024-05-20 15:02:24.285000086,tgi_batch_next_tokens,http,10.128.2.18:3000,tgis-bam,fmaas-monitoring,llama3-mig3g-40gb,openshift-user-workload-monitoring/user-workload,0.5,tgis-bam,750.0201081720377
2024-05-20 15:02:29.285000086,tgi_batch_next_tokens,http,10.128.2.18:3000,tgis-bam,fmaas-monitoring,llama3-mig3g-40gb,openshift-user-workload-monitoring/user-workload,0.5,tgis-bam,589.9867129762856
2024-05-20 15:02:34.285000086,tgi_batch_next_tokens,http,10.128.2.18:3000,tgis-bam,fmaas-monitoring,llama3-mig3g-40gb,openshift-user-workload-monitoring/user-workload,0.5,tgis-bam,589.9867129762856
2024-05-20 15:02:39.285000086,tgi_batch_next_tokens,http,10.128.2.18:3000,tgis-bam,fmaas-monitoring,llama3-mig3g-40gb,openshift-user-workload-monitoring/user-workload,0.5,tgis-bam,699.0344437929632
2024-05-20 15:02:44.285000086,tgi_batch_next_tokens,http,10.128.2.18:3000,tgis-bam,fmaas-monitoring,llama3-mig3g-40gb,openshift-user-workload-monitoring/user-workload,0.5,tgis-bam,1206.042984250027
2024-05-20 15:02:49.285000086,tgi_batch_next_tokens,http,10.128.2.18:3000,tgis-bam,fmaas-monitoring,llama3-mig3g-40gb,openshift-user-workload-monitoring/user-workload,0.5,tgis-bam,2058.0207942145817
2024-05-20 15:02:54.285000086,tgi_batch_next_tokens,http,10.128.2.18:3000,tgis-bam,fmaas-monitoring,llama3-mig3g-40gb,openshift-user-workload-monitoring/user-workload,0.5,tgis-bam,2058.0207942145817
2024-05-20 15:02:59.285000086,tgi_batch_next_tokens,http,10.128.2.18:3000,tgis-bam,fmaas-monitoring,llama3-mig3g-40gb,openshift-user-workload-monitoring/user-workload,0.5,tgis-bam,1146.0769234832433
2024-05-20 15:03:04.285000086,tgi_batch_next_tokens,http,10.128.2.18:3000,tgis-bam,fmaas-monitoring,llama3-mig3g-40gb,openshift-user-workload-monitoring/user-workload,0.5,tgis-bam,1146.0769234832433
2024-05-20 15:03:09.285000086,tgi_batch_next_tokens,http,10.128.2.18:3000,tgis-bam,fmaas-monitoring,llama3-mig3g-40gb,openshift-user-workload-monitoring/user-workload,0.5,tgis-bam,1146.0769234832433
2024-05-20 15:03:14.285000086,tgi_batch_next_tokens,http,10.128.2.18:3000,tgis-bam,fmaas-monitoring,llama3-mig3g-40gb,openshift-user-workload-monitoring/user-workload,0.5,tgis-bam,1146.0769234832433
2024-05-20 15:03:19.285000086,tgi_batch_next_tokens,http,10.128.2.18:3000,tgis-bam,fmaas-monitoring,llama3-mig3g-40gb,openshift-user-workload-monitoring/user-workload,0.5,tgis-bam,1007.9763822530779
2024-05-20 15:03:24.285000086,tgi_batch_next_tokens,http,10.128.2.18:3000,tgis-bam,fmaas-monitoring,llama3-mig3g-40gb,openshift-user-workload-monitoring/user-workload,0.5,tgis-bam,1007.9763822530779
2024-05-20 14:53:29.285000086,tgi_batch_next_tokens,http,10.128.2.18:3000,tgis-bam,fmaas-monitoring,llama3-mig3g-40gb,openshift-user-workload-monitoring/user-workload,0.9,tgis-bam,2889.09915534818
2024-05-20 14:53:34.285000086,tgi_batch_next_tokens,http,10.128.2.18:3000,tgis-bam,fmaas-monitoring,llama3-mig3g-40gb,openshift-user-workload-monitoring/user-workload,0.9,tgis-bam,2889.09915534818
2024-05-20 14:53:39.285000086,tgi_batch_next_tokens,http,10.128.2.18:3000,tgis-bam,fmaas-monitoring,llama3-mig3g-40gb,openshift-user-workload-monitoring/user-workload,0.9,tgis-bam,2889.09915534818
2024-05-20 14:53:44.285000086,tgi_batch_next_tokens,http,10.128.2.18:3000,tgis-bam,fmaas-monitoring,llama3-mig3g-40gb,openshift-user-workload-monitoring/user-workload,0.9,tgis-bam,2915.801510158173
2024-05-20 14:53:49.285000086,tgi_batch_next_tokens,http,10.128.2.18:3000,tgis-bam,fmaas-monitoring,llama3-mig3g-40gb,openshift-user-workload-monitoring/user-workload,0.9,tgis-bam,2586.0839477356008
2024-05-20 14:53:54.286999941,tgi_batch_next_tokens,http,10.128.2.18:3000,tgis-bam,fmaas-monitoring,llama3-mig3g-40gb,openshift-user-workload-monitoring/user-workload,0.9,tgis-bam,2586.0839477356008
2024-05-20 14:53:59.285000086,tgi_batch_next_tokens,http,10.128.2.18:3000,tgis-bam,fmaas-monitoring,llama3-mig3g-40gb,openshift-user-workload-monitoring/user-workload,0.9,tgis-bam,2586.0839477356008
2024-05-20 14:54:04.285000086,tgi_batch_next_tokens,http,10.128.2.18:3000,tgis-bam,fmaas-monitoring,llama3-mig3g-40gb,openshift-user-workload-monitoring/user-workload,0.9,tgis-bam,2586.0839477356008
2024-05-20 14:54:09.285000086,tgi_batch_next_tokens,http,10.128.2.18:3000,tgis-bam,fmaas-monitoring,llama3-mig3g-40gb,openshift-user-workload-monitoring/user-workload,0.9,tgis-bam,2586.0839477356008
2024-05-20 14:54:14.285000086,tgi_batch_next_tokens,http,10.128.2.18:3000,tgis-bam,fmaas-monitoring,llama3-mig3g-40gb,openshift-user-workload-monitoring/user-workload,0.9,tgis-bam,2586.0839477356008
2024-05-20 14:54:19.285000086,tgi_batch_next_tokens,http,10.128.2.18:3000,tgis-bam,fmaas-monitoring,llama3-mig3g-40gb,openshift-user-workload-monitoring/user-workload,0.9,tgis-bam,2586.0839477356008
2024-05-20 14:54:24.285000086,tgi_batch_next_tokens,http,10.128.2.18:3000,tgis-bam,fmaas-monitoring,llama3-mig3g-40gb,openshift-user-workload-monitoring/user-workload,0.9,tgis-bam,2586.0839477356008
2024-05-20 14:54:29.285000086,tgi_batch_next_tokens,http,10.128.2.18:3000,tgis-bam,fmaas-monitoring,llama3-mig3g-40gb,openshift-user-workload-monitoring/user-workload,0.9,tgis-bam,289.0211919261833
2024-05-20 14:54:34.285000086,tgi_batch_next_tokens,http,10.128.2.18:3000,tgis-bam,fmaas-monitoring,llama3-mig3g-40gb,openshift-user-workload-monitoring/user-workload,0.9,tgis-bam,289.0211919261833
2024-05-20 14:54:39.285000086,tgi_batch_next_tokens,http,10.128.2.18:3000,tgis-bam,fmaas-monitoring,llama3-mig3g-40gb,openshift-user-workload-monitoring/user-workload,0.9,tgis-bam,289.0211919261833
2024-05-20 14:54:44.285000086,tgi_batch_next_tokens,http,10.128.2.18:3000,tgis-bam,fmaas-monitoring,llama3-mig3g-40gb,openshift-user-workload-monitoring/user-workload,0.9,tgis-bam,289.0211919261833
2024-05-20 14:54:49.285000086,tgi_batch_next_tokens,http,10.128.2.18:3000,tgis-bam,fmaas-monitoring,llama3-mig3g-40gb,openshift-user-workload-monitoring/user-workload,0.9,tgis-bam,81.0041193577915
2024-05-20 14:54:54.285000086,tgi_batch_next_tokens,http,10.128.2.18:3000,tgis-bam,fmaas-monitoring,llama3-mig3g-40gb,openshift-user-workload-monitoring/user-workload,0.9,tgis-bam,81.0041193577915
2024-05-20 14:54:59.285000086,tgi_batch_next_tokens,http,10.128.2.18:3000,tgis-bam,fmaas-monitoring,llama3-mig3g-40gb,openshift-user-workload-monitoring/user-workload,0.9,tgis-bam,81.0041193577915
2024-05-20 14:55:04.285000086,tgi_batch_next_tokens,http,10.128.2.18:3000,tgis-bam,fmaas-monitoring,llama3-mig3g-40gb,openshift-user-workload-monitoring/user-workload,0.9,tgis-bam,81.0041193577915
2024-05-20 14:55:09.285000086,tgi_batch_next_tokens,http,10.128.2.18:3000,tgis-bam,fmaas-monitoring,llama3-mig3g-40gb,openshift-user-workload-monitoring/user-workload,0.9,tgis-bam,66.00298768561115
2024-05-20 14:55:14.285000086,tgi_batch_next_tokens,http,10.128.2.18:3000,tgis-bam,fmaas-monitoring,llama3-mig3g-40gb,openshift-user-workload-monitoring/user-workload,0.9,tgis-bam,66.00298768561115
2024-05-20 14:55:19.285000086,tgi_batch_next_tokens,http,10.128.2.18:3000,tgis-bam,fmaas-monitoring,llama3-mig3g-40gb,openshift-user-workload-monitoring/user-workload,0.9,tgis-bam,66.00298768561115
2024-05-20 14:55:24.285000086,tgi_batch_next_tokens,http,10.128.2.18:3000,tgis-bam,fmaas-monitoring,llama3-mig3g-40gb,openshift-user-workload-monitoring/user-workload,0.9,tgis-bam,66.00298768561115
2024-05-20 14:55:29.285000086,tgi_batch_next_tokens,http,10.128.2.18:3000,tgis-bam,fmaas-monitoring,llama3-mig3g-40gb,openshift-user-workload-monitoring/user-workload,0.9,tgis-bam,81.0041193577915
2024-05-20 14:55:34.285000086,tgi_batch_next_tokens,http,10.128.2.18:3000,tgis-bam,fmaas-monitoring,llama3-mig3g-40gb,openshift-user-workload-monitoring/user-workload,0.9,tgis-bam,81.0041193577915
2024-05-20 14:55:39.285000086,tgi_batch_next_tokens,http,10.128.2.18:3000,tgis-bam,fmaas-monitoring,llama3-mig3g-40gb,openshift-user-workload-monitoring/user-workload,0.9,tgis-bam,81.0041193577915
2024-05-20 14:55:44.285000086,tgi_batch_next_tokens,http,10.128.2.18:3000,tgis-bam,fmaas-monitoring,llama3-mig3g-40gb,openshift-user-workload-monitoring/user-workload,0.9,tgis-bam,55.99710586500943
2024-05-20 14:55:49.285000086,tgi_batch_next_tokens,http,10.128.2.18:3000,tgis-bam,fmaas-monitoring,llama3-mig3g-40gb,openshift-user-workload-monitoring/user-workload,0.9,tgis-bam,55.99710586500943
2024-05-20 14:55:54.285000086,tgi_batch_next_tokens,http,10.128.2.18:3000,tgis-bam,fmaas-monitoring,llama3-mig3g-40gb,openshift-user-workload-monitoring/user-workload,0.9,tgis-bam,55.99710586500943
2024-05-20 14:55:59.285000086,tgi_batch_next_tokens,http,10.128.2.18:3000,tgis-bam,fmaas-monitoring,llama3-mig3g-40gb,openshift-user-workload-monitoring/user-workload,0.9,tgis-bam,55.99710586500943
2024-05-20 14:56:04.285000086,tgi_batch_next_tokens,http,10.128.2.18:3000,tgis-bam,fmaas-monitoring,llama3-mig3g-40gb,openshift-user-workload-monitoring/user-workload,0.9,tgis-bam,55.99710586500943
2024-05-20 14:56:09.285000086,tgi_batch_next_tokens,http,10.128.2.18:3000,tgis-bam,fmaas-monitoring,llama3-mig3g-40gb,openshift-user-workload-monitoring/user-workload,0.9,tgis-bam,55.99710586500943
2024-05-20 14:56:14.285000086,tgi_batch_next_tokens,http,10.128.2.18:3000,tgis-bam,fmaas-monitoring,llama3-mig3g-40gb,openshift-user-workload-monitoring/user-workload,0.9,tgis-bam,55.99710586500943
2024-05-20 14:56:19.285000086,tgi_batch_next_tokens,http,10.128.2.18:3000,tgis-bam,fmaas-monitoring,llama3-mig3g-40gb,openshift-user-workload-monitoring/user-workload,0.9,tgis-bam,55.99710586500943
2024-05-20 14:56:24.285000086,tgi_batch_next_tokens,http,10.128.2.18:3000,tgis-bam,fmaas-monitoring,llama3-mig3g-40gb,openshift-user-workload-monitoring/user-workload,0.9,tgis-bam,55.99710586500943
2024-05-20 14:56:29.285000086,tgi_batch_next_tokens,http,10.128.2.18:3000,tgis-bam,fmaas-monitoring,llama3-mig3g-40gb,openshift-user-workload-monitoring/user-workload,0.9,tgis-bam,15.000747062474648
2024-05-20 14:56:34.285000086,tgi_batch_next_tokens,http,10.128.2.18:3000,tgis-bam,fmaas-monitoring,llama3-mig3g-40gb,openshift-user-workload-monitoring/user-workload,0.9,tgis-bam,15.000747062474648
2024-05-20 14:56:39.289999962,tgi_batch_next_tokens,http,10.128.2.18:3000,tgis-bam,fmaas-monitoring,llama3-mig3g-40gb,openshift-user-workload-monitoring/user-workload,0.9,tgis-bam,287.9825862437092
2024-05-20 14:56:44.285000086,tgi_batch_next_tokens,http,10.128.2.18:3000,tgis-bam,fmaas-monitoring,llama3-mig3g-40gb,openshift-user-workload-monitoring/user-workload,0.9,tgis-bam,287.9825862437092
2024-05-20 14:56:49.285000086,tgi_batch_next_tokens,http,10.128.2.18:3000,tgis-bam,fmaas-monitoring,llama3-mig3g-40gb,openshift-user-workload-monitoring/user-workload,0.9,tgis-bam,15.000747062474648
2024-05-20 14:56:54.285000086,tgi_batch_next_tokens,http,10.128.2.18:3000,tgis-bam,fmaas-monitoring,llama3-mig3g-40gb,openshift-user-workload-monitoring/user-workload,0.9,tgis-bam,857.0532204216497
2024-05-20 14:56:59.285000086,tgi_batch_next_tokens,http,10.128.2.18:3000,tgis-bam,fmaas-monitoring,llama3-mig3g-40gb,openshift-user-workload-monitoring/user-workload,0.9,tgis-bam,857.0532204216497
2024-05-20 14:57:04.285000086,tgi_batch_next_tokens,http,10.128.2.18:3000,tgis-bam,fmaas-monitoring,llama3-mig3g-40gb,openshift-user-workload-monitoring/user-workload,0.9,tgis-bam,857.0532204216497
2024-05-20 14:57:09.285000086,tgi_batch_next_tokens,http,10.128.2.18:3000,tgis-bam,fmaas-monitoring,llama3-mig3g-40gb,openshift-user-workload-monitoring/user-workload,0.9,tgis-bam,857.0532204216497
2024-05-20 14:57:14.285000086,tgi_batch_next_tokens,http,10.128.2.18:3000,tgis-bam,fmaas-monitoring,llama3-mig3g-40gb,openshift-user-workload-monitoring/user-workload,0.9,tgis-bam,857.0532204216497
2024-05-20 14:57:19.285000086,tgi_batch_next_tokens,http,10.128.2.18:3000,tgis-bam,fmaas-monitoring,llama3-mig3g-40gb,openshift-user-workload-monitoring/user-workload,0.9,tgis-bam,857.0532204216497
2024-05-20 14:57:24.285000086,tgi_batch_next_tokens,http,10.128.2.18:3000,tgis-bam,fmaas-monitoring,llama3-mig3g-40gb,openshift-user-workload-monitoring/user-workload,0.9,tgis-bam,857.0532204216497
2024-05-20 14:57:29.285000086,tgi_batch_next_tokens,http,10.128.2.18:3000,tgis-bam,fmaas-monitoring,llama3-mig3g-40gb,openshift-user-workload-monitoring/user-workload,0.9,tgis-bam,3587.10239148458
2024-05-20 14:57:34.285000086,tgi_batch_next_tokens,http,10.128.2.18:3000,tgis-bam,fmaas-monitoring,llama3-mig3g-40gb,openshift-user-workload-monitoring/user-workload,0.9,tgis-bam,3587.10239148458
2024-05-20 14:57:39.285000086,tgi_batch_next_tokens,http,10.128.2.18:3000,tgis-bam,fmaas-monitoring,llama3-mig3g-40gb,openshift-user-workload-monitoring/user-workload,0.9,tgis-bam,3587.10239148458
2024-05-20 14:57:44.285000086,tgi_batch_next_tokens,http,10.128.2.18:3000,tgis-bam,fmaas-monitoring,llama3-mig3g-40gb,openshift-user-workload-monitoring/user-workload,0.9,tgis-bam,3587.10239148458
2024-05-20 14:57:49.285000086,tgi_batch_next_tokens,http,10.128.2.18:3000,tgis-bam,fmaas-monitoring,llama3-mig3g-40gb,openshift-user-workload-monitoring/user-workload,0.9,tgis-bam,6661.500405996675
2024-05-20 14:57:54.285000086,tgi_batch_next_tokens,http,10.128.2.18:3000,tgis-bam,fmaas-monitoring,llama3-mig3g-40gb,openshift-user-workload-monitoring/user-workload,0.9,tgis-bam,2401.1426830027244
2024-05-20 14:57:59.285000086,tgi_batch_next_tokens,http,10.128.2.18:3000,tgis-bam,fmaas-monitoring,llama3-mig3g-40gb,openshift-user-workload-monitoring/user-workload,0.9,tgis-bam,2401.1426830027244
2024-05-20 14:58:04.285000086,tgi_batch_next_tokens,http,10.128.2.18:3000,tgis-bam,fmaas-monitoring,llama3-mig3g-40gb,openshift-user-workload-monitoring/user-workload,0.9,tgis-bam,2893.1467268180854
2024-05-20 14:58:09.285000086,tgi_batch_next_tokens,http,10.128.2.18:3000,tgis-bam,fmaas-monitoring,llama3-mig3g-40gb,openshift-user-workload-monitoring/user-workload,0.9,tgis-bam,2893.1467268180854
2024-05-20 14:58:14.285000086,tgi_batch_next_tokens,http,10.128.2.18:3000,tgis-bam,fmaas-monitoring,llama3-mig3g-40gb,openshift-user-workload-monitoring/user-workload,0.9,tgis-bam,2893.1467268180854
2024-05-20 14:58:19.285000086,tgi_batch_next_tokens,http,10.128.2.18:3000,tgis-bam,fmaas-monitoring,llama3-mig3g-40gb,openshift-user-workload-monitoring/user-workload,0.9,tgis-bam,2893.1467268180854
2024-05-20 14:58:24.285000086,tgi_batch_next_tokens,http,10.128.2.18:3000,tgis-bam,fmaas-monitoring,llama3-mig3g-40gb,openshift-user-workload-monitoring/user-workload,0.9,tgis-bam,2893.1467268180854
2024-05-20 14:58:29.285000086,tgi_batch_next_tokens,http,10.128.2.18:3000,tgis-bam,fmaas-monitoring,llama3-mig3g-40gb,openshift-user-workload-monitoring/user-workload,0.9,tgis-bam,2401.1426830027244
2024-05-20 14:58:34.285000086,tgi_batch_next_tokens,http,10.128.2.18:3000,tgis-bam,fmaas-monitoring,llama3-mig3g-40gb,openshift-user-workload-monitoring/user-workload,0.9,tgis-bam,2401.1426830027244
2024-05-20 14:58:39.285000086,tgi_batch_next_tokens,http,10.128.2.18:3000,tgis-bam,fmaas-monitoring,llama3-mig3g-40gb,openshift-user-workload-monitoring/user-workload,0.9,tgis-bam,2401.1426830027244
2024-05-20 14:58:44.285000086,tgi_batch_next_tokens,http,10.128.2.18:3000,tgis-bam,fmaas-monitoring,llama3-mig3g-40gb,openshift-user-workload-monitoring/user-workload,0.9,tgis-bam,2403.0643657261326
2024-05-20 14:58:49.285000086,tgi_batch_next_tokens,http,10.128.2.18:3000,tgis-bam,fmaas-monitoring,llama3-mig3g-40gb,openshift-user-workload-monitoring/user-workload,0.9,tgis-bam,3835.672367820387
2024-05-20 14:58:54.285000086,tgi_batch_next_tokens,http,10.128.2.18:3000,tgis-bam,fmaas-monitoring,llama3-mig3g-40gb,openshift-user-workload-monitoring/user-workload,0.9,tgis-bam,3835.672367820387
2024-05-20 14:58:59.285000086,tgi_batch_next_tokens,http,10.128.2.18:3000,tgis-bam,fmaas-monitoring,llama3-mig3g-40gb,openshift-user-workload-monitoring/user-workload,0.9,tgis-bam,3835.672367820387
2024-05-20 14:59:04.285000086,tgi_batch_next_tokens,http,10.128.2.18:3000,tgis-bam,fmaas-monitoring,llama3-mig3g-40gb,openshift-user-workload-monitoring/user-workload,0.9,tgis-bam,4485.028024768993
2024-05-20 14:59:09.285000086,tgi_batch_next_tokens,http,10.128.2.18:3000,tgis-bam,fmaas-monitoring,llama3-mig3g-40gb,openshift-user-workload-monitoring/user-workload,0.9,tgis-bam,4485.028024768993
2024-05-20 14:59:14.285000086,tgi_batch_next_tokens,http,10.128.2.18:3000,tgis-bam,fmaas-monitoring,llama3-mig3g-40gb,openshift-user-workload-monitoring/user-workload,0.9,tgis-bam,4485.028024768993
2024-05-20 14:59:19.285000086,tgi_batch_next_tokens,http,10.128.2.18:3000,tgis-bam,fmaas-monitoring,llama3-mig3g-40gb,openshift-user-workload-monitoring/user-workload,0.9,tgis-bam,4485.028024768993
2024-05-20 14:59:24.285000086,tgi_batch_next_tokens,http,10.128.2.18:3000,tgis-bam,fmaas-monitoring,llama3-mig3g-40gb,openshift-user-workload-monitoring/user-workload,0.9,tgis-bam,4485.028024768993
2024-05-20 14:59:29.285000086,tgi_batch_next_tokens,http,10.128.2.18:3000,tgis-bam,fmaas-monitoring,llama3-mig3g-40gb,openshift-user-workload-monitoring/user-workload,0.9,tgis-bam,4875.120120867512
2024-05-20 14:59:34.285000086,tgi_batch_next_tokens,http,10.128.2.18:3000,tgis-bam,fmaas-monitoring,llama3-mig3g-40gb,openshift-user-workload-monitoring/user-workload,0.9,tgis-bam,3835.672367820387
2024-05-20 14:59:39.289000034,tgi_batch_next_tokens,http,10.128.2.18:3000,tgis-bam,fmaas-monitoring,llama3-mig3g-40gb,openshift-user-workload-monitoring/user-workload,0.9,tgis-bam,4975.593920012197
2024-05-20 14:59:44.285000086,tgi_batch_next_tokens,http,10.128.2.18:3000,tgis-bam,fmaas-monitoring,llama3-mig3g-40gb,openshift-user-workload-monitoring/user-workload,0.9,tgis-bam,5623.446571033106
2024-05-20 14:59:49.285000086,tgi_batch_next_tokens,http,10.128.2.18:3000,tgis-bam,fmaas-monitoring,llama3-mig3g-40gb,openshift-user-workload-monitoring/user-workload,0.9,tgis-bam,7699.418032800469
2024-05-20 14:59:54.285000086,tgi_batch_next_tokens,http,10.128.2.18:3000,tgis-bam,fmaas-monitoring,llama3-mig3g-40gb,openshift-user-workload-monitoring/user-workload,0.9,tgis-bam,7699.418032800469
2024-05-20 14:59:59.285000086,tgi_batch_next_tokens,http,10.128.2.18:3000,tgis-bam,fmaas-monitoring,llama3-mig3g-40gb,openshift-user-workload-monitoring/user-workload,0.9,tgis-bam,5973.570038063672
2024-05-20 15:00:04.285000086,tgi_batch_next_tokens,http,10.128.2.18:3000,tgis-bam,fmaas-monitoring,llama3-mig3g-40gb,openshift-user-workload-monitoring/user-workload,0.9,tgis-bam,5973.570038063672
2024-05-20 15:00:09.285000086,tgi_batch_next_tokens,http,10.128.2.18:3000,tgis-bam,fmaas-monitoring,llama3-mig3g-40gb,openshift-user-workload-monitoring/user-workload,0.9,tgis-bam,7699.418032800469
2024-05-20 15:00:14.285000086,tgi_batch_next_tokens,http,10.128.2.18:3000,tgis-bam,fmaas-monitoring,llama3-mig3g-40gb,openshift-user-workload-monitoring/user-workload,0.9,tgis-bam,7699.418032800469
2024-05-20 15:00:19.302000046,tgi_batch_next_tokens,http,10.128.2.18:3000,tgis-bam,fmaas-monitoring,llama3-mig3g-40gb,openshift-user-workload-monitoring/user-workload,0.9,tgis-bam,7699.418032800469
2024-05-20 15:00:24.285000086,tgi_batch_next_tokens,http,10.128.2.18:3000,tgis-bam,fmaas-monitoring,llama3-mig3g-40gb,openshift-user-workload-monitoring/user-workload,0.9,tgis-bam,7699.418032800469
2024-05-20 15:00:29.285000086,tgi_batch_next_tokens,http,10.128.2.18:3000,tgis-bam,fmaas-monitoring,llama3-mig3g-40gb,openshift-user-workload-monitoring/user-workload,0.9,tgis-bam,4171.788095593668
2024-05-20 15:00:34.285000086,tgi_batch_next_tokens,http,10.128.2.18:3000,tgis-bam,fmaas-monitoring,llama3-mig3g-40gb,openshift-user-workload-monitoring/user-workload,0.9,tgis-bam,3438.8762385002096
2024-05-20 15:00:39.285000086,tgi_batch_next_tokens,http,10.128.2.18:3000,tgis-bam,fmaas-monitoring,llama3-mig3g-40gb,openshift-user-workload-monitoring/user-workload,0.9,tgis-bam,4171.788095593668
2024-05-20 15:00:44.285000086,tgi_batch_next_tokens,http,10.128.2.18:3000,tgis-bam,fmaas-monitoring,llama3-mig3g-40gb,openshift-user-workload-monitoring/user-workload,0.9,tgis-bam,4171.788095593668
2024-05-20 15:00:49.285000086,tgi_batch_next_tokens,http,10.128.2.18:3000,tgis-bam,fmaas-monitoring,llama3-mig3g-40gb,openshift-user-workload-monitoring/user-workload,0.9,tgis-bam,4612.3834656120725
2024-05-20 15:00:54.285000086,tgi_batch_next_tokens,http,10.128.2.18:3000,tgis-bam,fmaas-monitoring,llama3-mig3g-40gb,openshift-user-workload-monitoring/user-workload,0.9,tgis-bam,4700.856584835903
2024-05-20 15:00:59.285000086,tgi_batch_next_tokens,http,10.128.2.18:3000,tgis-bam,fmaas-monitoring,llama3-mig3g-40gb,openshift-user-workload-monitoring/user-workload,0.9,tgis-bam,5706.151165682745
2024-05-20 15:01:04.285000086,tgi_batch_next_tokens,http,10.128.2.18:3000,tgis-bam,fmaas-monitoring,llama3-mig3g-40gb,openshift-user-workload-monitoring/user-workload,0.9,tgis-bam,4700.856584835903
2024-05-20 15:01:09.285000086,tgi_batch_next_tokens,http,10.128.2.18:3000,tgis-bam,fmaas-monitoring,llama3-mig3g-40gb,openshift-user-workload-monitoring/user-workload,0.9,tgis-bam,4700.856584835903
2024-05-20 15:01:14.285000086,tgi_batch_next_tokens,http,10.128.2.18:3000,tgis-bam,fmaas-monitoring,llama3-mig3g-40gb,openshift-user-workload-monitoring/user-workload,0.9,tgis-bam,4700.856584835903
2024-05-20 15:01:19.285000086,tgi_batch_next_tokens,http,10.128.2.18:3000,tgis-bam,fmaas-monitoring,llama3-mig3g-40gb,openshift-user-workload-monitoring/user-workload,0.9,tgis-bam,4700.856584835903
2024-05-20 15:01:24.288000107,tgi_batch_next_tokens,http,10.128.2.18:3000,tgis-bam,fmaas-monitoring,llama3-mig3g-40gb,openshift-user-workload-monitoring/user-workload,0.9,tgis-bam,4700.856584835903
2024-05-20 15:01:29.285000086,tgi_batch_next_tokens,http,10.128.2.18:3000,tgis-bam,fmaas-monitoring,llama3-mig3g-40gb,openshift-user-workload-monitoring/user-workload,0.9,tgis-bam,4700.856584835903
2024-05-20 15:01:34.285000086,tgi_batch_next_tokens,http,10.128.2.18:3000,tgis-bam,fmaas-monitoring,llama3-mig3g-40gb,openshift-user-workload-monitoring/user-workload,0.9,tgis-bam,4708.383975703587
2024-05-20 15:01:39.296999931,tgi_batch_next_tokens,http,10.128.2.18:3000,tgis-bam,fmaas-monitoring,llama3-mig3g-40gb,openshift-user-workload-monitoring/user-workload,0.9,tgis-bam,4700.856584835903
2024-05-20 15:01:44.285000086,tgi_batch_next_tokens,http,10.128.2.18:3000,tgis-bam,fmaas-monitoring,llama3-mig3g-40gb,openshift-user-workload-monitoring/user-workload,0.9,tgis-bam,3833.371654674995
2024-05-20 15:01:49.285000086,tgi_batch_next_tokens,http,10.128.2.18:3000,tgis-bam,fmaas-monitoring,llama3-mig3g-40gb,openshift-user-workload-monitoring/user-workload,0.9,tgis-bam,3610.133467698048
2024-05-20 15:01:54.301000118,tgi_batch_next_tokens,http,10.128.2.18:3000,tgis-bam,fmaas-monitoring,llama3-mig3g-40gb,openshift-user-workload-monitoring/user-workload,0.9,tgis-bam,3814.252633721552
2024-05-20 15:01:59.332999945,tgi_batch_next_tokens,http,10.128.2.18:3000,tgis-bam,fmaas-monitoring,llama3-mig3g-40gb,openshift-user-workload-monitoring/user-workload,0.9,tgis-bam,3814.252633721552
2024-05-20 15:02:04.285000086,tgi_batch_next_tokens,http,10.128.2.18:3000,tgis-bam,fmaas-monitoring,llama3-mig3g-40gb,openshift-user-workload-monitoring/user-workload,0.9,tgis-bam,3814.252633721552
2024-05-20 15:02:09.285000086,tgi_batch_next_tokens,http,10.128.2.18:3000,tgis-bam,fmaas-monitoring,llama3-mig3g-40gb,openshift-user-workload-monitoring/user-workload,0.9,tgis-bam,3814.252633721552
2024-05-20 15:02:14.285000086,tgi_batch_next_tokens,http,10.128.2.18:3000,tgis-bam,fmaas-monitoring,llama3-mig3g-40gb,openshift-user-workload-monitoring/user-workload,0.9,tgis-bam,3814.252633721552
2024-05-20 15:02:19.285000086,tgi_batch_next_tokens,http,10.128.2.18:3000,tgis-bam,fmaas-monitoring,llama3-mig3g-40gb,openshift-user-workload-monitoring/user-workload,0.9,tgis-bam,3814.252633721552
2024-05-20 15:02:24.285000086,tgi_batch_next_tokens,http,10.128.2.18:3000,tgis-bam,fmaas-monitoring,llama3-mig3g-40gb,openshift-user-workload-monitoring/user-workload,0.9,tgis-bam,3814.252633721552
2024-05-20 15:02:29.285000086,tgi_batch_next_tokens,http,10.128.2.18:3000,tgis-bam,fmaas-monitoring,llama3-mig3g-40gb,openshift-user-workload-monitoring/user-workload,0.9,tgis-bam,3814.252633721552
2024-05-20 15:02:34.285000086,tgi_batch_next_tokens,http,10.128.2.18:3000,tgis-bam,fmaas-monitoring,llama3-mig3g-40gb,openshift-user-workload-monitoring/user-workload,0.9,tgis-bam,4213.715263134591
2024-05-20 15:02:39.285000086,tgi_batch_next_tokens,http,10.128.2.18:3000,tgis-bam,fmaas-monitoring,llama3-mig3g-40gb,openshift-user-workload-monitoring/user-workload,0.9,tgis-bam,4213.715263134591
2024-05-20 15:02:44.285000086,tgi_batch_next_tokens,http,10.128.2.18:3000,tgis-bam,fmaas-monitoring,llama3-mig3g-40gb,openshift-user-workload-monitoring/user-workload,0.9,tgis-bam,5235.931390599658
2024-05-20 15:02:49.285000086,tgi_batch_next_tokens,http,10.128.2.18:3000,tgis-bam,fmaas-monitoring,llama3-mig3g-40gb,openshift-user-workload-monitoring/user-workload,0.9,tgis-bam,5286.438377763088
2024-05-20 15:02:54.285000086,tgi_batch_next_tokens,http,10.128.2.18:3000,tgis-bam,fmaas-monitoring,llama3-mig3g-40gb,openshift-user-workload-monitoring/user-workload,0.9,tgis-bam,5286.438377763088
2024-05-20 15:02:59.285000086,tgi_batch_next_tokens,http,10.128.2.18:3000,tgis-bam,fmaas-monitoring,llama3-mig3g-40gb,openshift-user-workload-monitoring/user-workload,0.9,tgis-bam,5286.438377763088
2024-05-20 15:03:04.285000086,tgi_batch_next_tokens,http,10.128.2.18:3000,tgis-bam,fmaas-monitoring,llama3-mig3g-40gb,openshift-user-workload-monitoring/user-workload,0.9,tgis-bam,5235.931390599658
2024-05-20 15:03:09.285000086,tgi_batch_next_tokens,http,10.128.2.18:3000,tgis-bam,fmaas-monitoring,llama3-mig3g-40gb,openshift-user-workload-monitoring/user-workload,0.9,tgis-bam,5235.931390599658
2024-05-20 15:03:14.285000086,tgi_batch_next_tokens,http,10.128.2.18:3000,tgis-bam,fmaas-monitoring,llama3-mig3g-40gb,openshift-user-workload-monitoring/user-workload,0.9,tgis-bam,5235.931390599658
2024-05-20 15:03:19.285000086,tgi_batch_next_tokens,http,10.128.2.18:3000,tgis-bam,fmaas-monitoring,llama3-mig3g-40gb,openshift-user-workload-monitoring/user-workload,0.9,tgis-bam,5235.931390599658
2024-05-20 15:03:24.285000086,tgi_batch_next_tokens,http,10.128.2.18:3000,tgis-bam,fmaas-monitoring,llama3-mig3g-40gb,openshift-user-workload-monitoring/user-workload,0.9,tgis-bam,5235.931390599658
2024-05-20 14:53:29.285000086,tgi_batch_next_tokens,http,10.128.2.18:3000,tgis-bam,fmaas-monitoring,llama3-mig3g-40gb,openshift-user-workload-monitoring/user-workload,0.95,tgis-bam,2889.09915534818
2024-05-20 14:53:34.285000086,tgi_batch_next_tokens,http,10.128.2.18:3000,tgis-bam,fmaas-monitoring,llama3-mig3g-40gb,openshift-user-workload-monitoring/user-workload,0.95,tgis-bam,2889.09915534818
2024-05-20 14:53:39.285000086,tgi_batch_next_tokens,http,10.128.2.18:3000,tgis-bam,fmaas-monitoring,llama3-mig3g-40gb,openshift-user-workload-monitoring/user-workload,0.95,tgis-bam,2915.801510158173
2024-05-20 14:53:44.285000086,tgi_batch_next_tokens,http,10.128.2.18:3000,tgis-bam,fmaas-monitoring,llama3-mig3g-40gb,openshift-user-workload-monitoring/user-workload,0.95,tgis-bam,4563.750411269138
2024-05-20 14:53:49.285000086,tgi_batch_next_tokens,http,10.128.2.18:3000,tgis-bam,fmaas-monitoring,llama3-mig3g-40gb,openshift-user-workload-monitoring/user-workload,0.95,tgis-bam,4563.750411269138
2024-05-20 14:53:54.286999941,tgi_batch_next_tokens,http,10.128.2.18:3000,tgis-bam,fmaas-monitoring,llama3-mig3g-40gb,openshift-user-workload-monitoring/user-workload,0.95,tgis-bam,4563.750411269138
2024-05-20 14:53:59.285000086,tgi_batch_next_tokens,http,10.128.2.18:3000,tgis-bam,fmaas-monitoring,llama3-mig3g-40gb,openshift-user-workload-monitoring/user-workload,0.95,tgis-bam,4563.750411269138
2024-05-20 14:54:04.285000086,tgi_batch_next_tokens,http,10.128.2.18:3000,tgis-bam,fmaas-monitoring,llama3-mig3g-40gb,openshift-user-workload-monitoring/user-workload,0.95,tgis-bam,4563.750411269138
2024-05-20 14:54:09.285000086,tgi_batch_next_tokens,http,10.128.2.18:3000,tgis-bam,fmaas-monitoring,llama3-mig3g-40gb,openshift-user-workload-monitoring/user-workload,0.95,tgis-bam,4563.750411269138
2024-05-20 14:54:14.285000086,tgi_batch_next_tokens,http,10.128.2.18:3000,tgis-bam,fmaas-monitoring,llama3-mig3g-40gb,openshift-user-workload-monitoring/user-workload,0.95,tgis-bam,4563.750411269138
2024-05-20 14:54:19.285000086,tgi_batch_next_tokens,http,10.128.2.18:3000,tgis-bam,fmaas-monitoring,llama3-mig3g-40gb,openshift-user-workload-monitoring/user-workload,0.95,tgis-bam,4563.750411269138
2024-05-20 14:54:24.285000086,tgi_batch_next_tokens,http,10.128.2.18:3000,tgis-bam,fmaas-monitoring,llama3-mig3g-40gb,openshift-user-workload-monitoring/user-workload,0.95,tgis-bam,4563.750411269138
2024-05-20 14:54:29.285000086,tgi_batch_next_tokens,http,10.128.2.18:3000,tgis-bam,fmaas-monitoring,llama3-mig3g-40gb,openshift-user-workload-monitoring/user-workload,0.95,tgis-bam,289.0211919261833
2024-05-20 14:54:34.285000086,tgi_batch_next_tokens,http,10.128.2.18:3000,tgis-bam,fmaas-monitoring,llama3-mig3g-40gb,openshift-user-workload-monitoring/user-workload,0.95,tgis-bam,289.0211919261833
2024-05-20 14:54:39.285000086,tgi_batch_next_tokens,http,10.128.2.18:3000,tgis-bam,fmaas-monitoring,llama3-mig3g-40gb,openshift-user-workload-monitoring/user-workload,0.95,tgis-bam,289.0211919261833
2024-05-20 14:54:44.285000086,tgi_batch_next_tokens,http,10.128.2.18:3000,tgis-bam,fmaas-monitoring,llama3-mig3g-40gb,openshift-user-workload-monitoring/user-workload,0.95,tgis-bam,289.0211919261833
2024-05-20 14:54:49.285000086,tgi_batch_next_tokens,http,10.128.2.18:3000,tgis-bam,fmaas-monitoring,llama3-mig3g-40gb,openshift-user-workload-monitoring/user-workload,0.95,tgis-bam,81.0041193577915
2024-05-20 14:54:54.285000086,tgi_batch_next_tokens,http,10.128.2.18:3000,tgis-bam,fmaas-monitoring,llama3-mig3g-40gb,openshift-user-workload-monitoring/user-workload,0.95,tgis-bam,81.0041193577915
2024-05-20 14:54:59.285000086,tgi_batch_next_tokens,http,10.128.2.18:3000,tgis-bam,fmaas-monitoring,llama3-mig3g-40gb,openshift-user-workload-monitoring/user-workload,0.95,tgis-bam,81.0041193577915
2024-05-20 14:55:04.285000086,tgi_batch_next_tokens,http,10.128.2.18:3000,tgis-bam,fmaas-monitoring,llama3-mig3g-40gb,openshift-user-workload-monitoring/user-workload,0.95,tgis-bam,81.0041193577915
2024-05-20 14:55:09.285000086,tgi_batch_next_tokens,http,10.128.2.18:3000,tgis-bam,fmaas-monitoring,llama3-mig3g-40gb,openshift-user-workload-monitoring/user-workload,0.95,tgis-bam,66.00298768561115
2024-05-20 14:55:14.285000086,tgi_batch_next_tokens,http,10.128.2.18:3000,tgis-bam,fmaas-monitoring,llama3-mig3g-40gb,openshift-user-workload-monitoring/user-workload,0.95,tgis-bam,66.00298768561115
2024-05-20 14:55:19.285000086,tgi_batch_next_tokens,http,10.128.2.18:3000,tgis-bam,fmaas-monitoring,llama3-mig3g-40gb,openshift-user-workload-monitoring/user-workload,0.95,tgis-bam,66.00298768561115
2024-05-20 14:55:24.285000086,tgi_batch_next_tokens,http,10.128.2.18:3000,tgis-bam,fmaas-monitoring,llama3-mig3g-40gb,openshift-user-workload-monitoring/user-workload,0.95,tgis-bam,66.00298768561115
2024-05-20 14:55:29.285000086,tgi_batch_next_tokens,http,10.128.2.18:3000,tgis-bam,fmaas-monitoring,llama3-mig3g-40gb,openshift-user-workload-monitoring/user-workload,0.95,tgis-bam,81.0041193577915
2024-05-20 14:55:34.285000086,tgi_batch_next_tokens,http,10.128.2.18:3000,tgis-bam,fmaas-monitoring,llama3-mig3g-40gb,openshift-user-workload-monitoring/user-workload,0.95,tgis-bam,81.0041193577915
2024-05-20 14:55:39.285000086,tgi_batch_next_tokens,http,10.128.2.18:3000,tgis-bam,fmaas-monitoring,llama3-mig3g-40gb,openshift-user-workload-monitoring/user-workload,0.95,tgis-bam,81.0041193577915
2024-05-20 14:55:44.285000086,tgi_batch_next_tokens,http,10.128.2.18:3000,tgis-bam,fmaas-monitoring,llama3-mig3g-40gb,openshift-user-workload-monitoring/user-workload,0.95,tgis-bam,55.99710586500943
2024-05-20 14:55:49.285000086,tgi_batch_next_tokens,http,10.128.2.18:3000,tgis-bam,fmaas-monitoring,llama3-mig3g-40gb,openshift-user-workload-monitoring/user-workload,0.95,tgis-bam,55.99710586500943
2024-05-20 14:55:54.285000086,tgi_batch_next_tokens,http,10.128.2.18:3000,tgis-bam,fmaas-monitoring,llama3-mig3g-40gb,openshift-user-workload-monitoring/user-workload,0.95,tgis-bam,55.99710586500943
2024-05-20 14:55:59.285000086,tgi_batch_next_tokens,http,10.128.2.18:3000,tgis-bam,fmaas-monitoring,llama3-mig3g-40gb,openshift-user-workload-monitoring/user-workload,0.95,tgis-bam,55.99710586500943
2024-05-20 14:56:04.285000086,tgi_batch_next_tokens,http,10.128.2.18:3000,tgis-bam,fmaas-monitoring,llama3-mig3g-40gb,openshift-user-workload-monitoring/user-workload,0.95,tgis-bam,55.99710586500943
2024-05-20 14:56:09.285000086,tgi_batch_next_tokens,http,10.128.2.18:3000,tgis-bam,fmaas-monitoring,llama3-mig3g-40gb,openshift-user-workload-monitoring/user-workload,0.95,tgis-bam,55.99710586500943
2024-05-20 14:56:14.285000086,tgi_batch_next_tokens,http,10.128.2.18:3000,tgis-bam,fmaas-monitoring,llama3-mig3g-40gb,openshift-user-workload-monitoring/user-workload,0.95,tgis-bam,55.99710586500943
2024-05-20 14:56:19.285000086,tgi_batch_next_tokens,http,10.128.2.18:3000,tgis-bam,fmaas-monitoring,llama3-mig3g-40gb,openshift-user-workload-monitoring/user-workload,0.95,tgis-bam,55.99710586500943
2024-05-20 14:56:24.285000086,tgi_batch_next_tokens,http,10.128.2.18:3000,tgis-bam,fmaas-monitoring,llama3-mig3g-40gb,openshift-user-workload-monitoring/user-workload,0.95,tgis-bam,55.99710586500943
2024-05-20 14:56:29.285000086,tgi_batch_next_tokens,http,10.128.2.18:3000,tgis-bam,fmaas-monitoring,llama3-mig3g-40gb,openshift-user-workload-monitoring/user-workload,0.95,tgis-bam,15.000747062474648
2024-05-20 14:56:34.285000086,tgi_batch_next_tokens,http,10.128.2.18:3000,tgis-bam,fmaas-monitoring,llama3-mig3g-40gb,openshift-user-workload-monitoring/user-workload,0.95,tgis-bam,15.000747062474648
2024-05-20 14:56:39.289999962,tgi_batch_next_tokens,http,10.128.2.18:3000,tgis-bam,fmaas-monitoring,llama3-mig3g-40gb,openshift-user-workload-monitoring/user-workload,0.95,tgis-bam,287.9825862437092
2024-05-20 14:56:44.285000086,tgi_batch_next_tokens,http,10.128.2.18:3000,tgis-bam,fmaas-monitoring,llama3-mig3g-40gb,openshift-user-workload-monitoring/user-workload,0.95,tgis-bam,287.9825862437092
2024-05-20 14:56:49.285000086,tgi_batch_next_tokens,http,10.128.2.18:3000,tgis-bam,fmaas-monitoring,llama3-mig3g-40gb,openshift-user-workload-monitoring/user-workload,0.95,tgis-bam,15.000747062474648
2024-05-20 14:56:54.285000086,tgi_batch_next_tokens,http,10.128.2.18:3000,tgis-bam,fmaas-monitoring,llama3-mig3g-40gb,openshift-user-workload-monitoring/user-workload,0.95,tgis-bam,857.0532204216497
2024-05-20 14:56:59.285000086,tgi_batch_next_tokens,http,10.128.2.18:3000,tgis-bam,fmaas-monitoring,llama3-mig3g-40gb,openshift-user-workload-monitoring/user-workload,0.95,tgis-bam,857.0532204216497
2024-05-20 14:57:04.285000086,tgi_batch_next_tokens,http,10.128.2.18:3000,tgis-bam,fmaas-monitoring,llama3-mig3g-40gb,openshift-user-workload-monitoring/user-workload,0.95,tgis-bam,857.0532204216497
2024-05-20 14:57:09.285000086,tgi_batch_next_tokens,http,10.128.2.18:3000,tgis-bam,fmaas-monitoring,llama3-mig3g-40gb,openshift-user-workload-monitoring/user-workload,0.95,tgis-bam,857.0532204216497
2024-05-20 14:57:14.285000086,tgi_batch_next_tokens,http,10.128.2.18:3000,tgis-bam,fmaas-monitoring,llama3-mig3g-40gb,openshift-user-workload-monitoring/user-workload,0.95,tgis-bam,857.0532204216497
2024-05-20 14:57:19.285000086,tgi_batch_next_tokens,http,10.128.2.18:3000,tgis-bam,fmaas-monitoring,llama3-mig3g-40gb,openshift-user-workload-monitoring/user-workload,0.95,tgis-bam,857.0532204216497
2024-05-20 14:57:24.285000086,tgi_batch_next_tokens,http,10.128.2.18:3000,tgis-bam,fmaas-monitoring,llama3-mig3g-40gb,openshift-user-workload-monitoring/user-workload,0.95,tgis-bam,857.0532204216497
2024-05-20 14:57:29.285000086,tgi_batch_next_tokens,http,10.128.2.18:3000,tgis-bam,fmaas-monitoring,llama3-mig3g-40gb,openshift-user-workload-monitoring/user-workload,0.95,tgis-bam,3587.10239148458
2024-05-20 14:57:34.285000086,tgi_batch_next_tokens,http,10.128.2.18:3000,tgis-bam,fmaas-monitoring,llama3-mig3g-40gb,openshift-user-workload-monitoring/user-workload,0.95,tgis-bam,3587.10239148458
2024-05-20 14:57:39.285000086,tgi_batch_next_tokens,http,10.128.2.18:3000,tgis-bam,fmaas-monitoring,llama3-mig3g-40gb,openshift-user-workload-monitoring/user-workload,0.95,tgis-bam,3587.10239148458
2024-05-20 14:57:44.285000086,tgi_batch_next_tokens,http,10.128.2.18:3000,tgis-bam,fmaas-monitoring,llama3-mig3g-40gb,openshift-user-workload-monitoring/user-workload,0.95,tgis-bam,3587.10239148458
2024-05-20 14:57:49.285000086,tgi_batch_next_tokens,http,10.128.2.18:3000,tgis-bam,fmaas-monitoring,llama3-mig3g-40gb,openshift-user-workload-monitoring/user-workload,0.95,tgis-bam,6661.500405996675
2024-05-20 14:57:54.285000086,tgi_batch_next_tokens,http,10.128.2.18:3000,tgis-bam,fmaas-monitoring,llama3-mig3g-40gb,openshift-user-workload-monitoring/user-workload,0.95,tgis-bam,2401.1426830027244
2024-05-20 14:57:59.285000086,tgi_batch_next_tokens,http,10.128.2.18:3000,tgis-bam,fmaas-monitoring,llama3-mig3g-40gb,openshift-user-workload-monitoring/user-workload,0.95,tgis-bam,2401.1426830027244
2024-05-20 14:58:04.285000086,tgi_batch_next_tokens,http,10.128.2.18:3000,tgis-bam,fmaas-monitoring,llama3-mig3g-40gb,openshift-user-workload-monitoring/user-workload,0.95,tgis-bam,2893.1467268180854
2024-05-20 14:58:09.285000086,tgi_batch_next_tokens,http,10.128.2.18:3000,tgis-bam,fmaas-monitoring,llama3-mig3g-40gb,openshift-user-workload-monitoring/user-workload,0.95,tgis-bam,2893.1467268180854
2024-05-20 14:58:14.285000086,tgi_batch_next_tokens,http,10.128.2.18:3000,tgis-bam,fmaas-monitoring,llama3-mig3g-40gb,openshift-user-workload-monitoring/user-workload,0.95,tgis-bam,2893.1467268180854
2024-05-20 14:58:19.285000086,tgi_batch_next_tokens,http,10.128.2.18:3000,tgis-bam,fmaas-monitoring,llama3-mig3g-40gb,openshift-user-workload-monitoring/user-workload,0.95,tgis-bam,2893.1467268180854
2024-05-20 14:58:24.285000086,tgi_batch_next_tokens,http,10.128.2.18:3000,tgis-bam,fmaas-monitoring,llama3-mig3g-40gb,openshift-user-workload-monitoring/user-workload,0.95,tgis-bam,2893.1467268180854
2024-05-20 14:58:29.285000086,tgi_batch_next_tokens,http,10.128.2.18:3000,tgis-bam,fmaas-monitoring,llama3-mig3g-40gb,openshift-user-workload-monitoring/user-workload,0.95,tgis-bam,2401.1426830027244
2024-05-20 14:58:34.285000086,tgi_batch_next_tokens,http,10.128.2.18:3000,tgis-bam,fmaas-monitoring,llama3-mig3g-40gb,openshift-user-workload-monitoring/user-workload,0.95,tgis-bam,2401.1426830027244
2024-05-20 14:58:39.285000086,tgi_batch_next_tokens,http,10.128.2.18:3000,tgis-bam,fmaas-monitoring,llama3-mig3g-40gb,openshift-user-workload-monitoring/user-workload,0.95,tgis-bam,2401.1426830027244
2024-05-20 14:58:44.285000086,tgi_batch_next_tokens,http,10.128.2.18:3000,tgis-bam,fmaas-monitoring,llama3-mig3g-40gb,openshift-user-workload-monitoring/user-workload,0.95,tgis-bam,2403.0643657261326
2024-05-20 14:58:49.285000086,tgi_batch_next_tokens,http,10.128.2.18:3000,tgis-bam,fmaas-monitoring,llama3-mig3g-40gb,openshift-user-workload-monitoring/user-workload,0.95,tgis-bam,3835.672367820387
2024-05-20 14:58:54.285000086,tgi_batch_next_tokens,http,10.128.2.18:3000,tgis-bam,fmaas-monitoring,llama3-mig3g-40gb,openshift-user-workload-monitoring/user-workload,0.95,tgis-bam,4485.028024768993
2024-05-20 14:58:59.285000086,tgi_batch_next_tokens,http,10.128.2.18:3000,tgis-bam,fmaas-monitoring,llama3-mig3g-40gb,openshift-user-workload-monitoring/user-workload,0.95,tgis-bam,4485.028024768993
2024-05-20 14:59:04.285000086,tgi_batch_next_tokens,http,10.128.2.18:3000,tgis-bam,fmaas-monitoring,llama3-mig3g-40gb,openshift-user-workload-monitoring/user-workload,0.95,tgis-bam,4875.120120867512
2024-05-20 14:59:09.285000086,tgi_batch_next_tokens,http,10.128.2.18:3000,tgis-bam,fmaas-monitoring,llama3-mig3g-40gb,openshift-user-workload-monitoring/user-workload,0.95,tgis-bam,4875.120120867512
2024-05-20 14:59:14.285000086,tgi_batch_next_tokens,http,10.128.2.18:3000,tgis-bam,fmaas-monitoring,llama3-mig3g-40gb,openshift-user-workload-monitoring/user-workload,0.95,tgis-bam,4875.120120867512
2024-05-20 14:59:19.285000086,tgi_batch_next_tokens,http,10.128.2.18:3000,tgis-bam,fmaas-monitoring,llama3-mig3g-40gb,openshift-user-workload-monitoring/user-workload,0.95,tgis-bam,4875.120120867512
2024-05-20 14:59:24.285000086,tgi_batch_next_tokens,http,10.128.2.18:3000,tgis-bam,fmaas-monitoring,llama3-mig3g-40gb,openshift-user-workload-monitoring/user-workload,0.95,tgis-bam,4875.120120867512
2024-05-20 14:59:29.285000086,tgi_batch_next_tokens,http,10.128.2.18:3000,tgis-bam,fmaas-monitoring,llama3-mig3g-40gb,openshift-user-workload-monitoring/user-workload,0.95,tgis-bam,4975.593920012197
2024-05-20 14:59:34.285000086,tgi_batch_next_tokens,http,10.128.2.18:3000,tgis-bam,fmaas-monitoring,llama3-mig3g-40gb,openshift-user-workload-monitoring/user-workload,0.95,tgis-bam,4875.120120867512
2024-05-20 14:59:39.289000034,tgi_batch_next_tokens,http,10.128.2.18:3000,tgis-bam,fmaas-monitoring,llama3-mig3g-40gb,openshift-user-workload-monitoring/user-workload,0.95,tgis-bam,5623.446571033106
2024-05-20 14:59:44.285000086,tgi_batch_next_tokens,http,10.128.2.18:3000,tgis-bam,fmaas-monitoring,llama3-mig3g-40gb,openshift-user-workload-monitoring/user-workload,0.95,tgis-bam,7764.3655421407975
2024-05-20 14:59:49.285000086,tgi_batch_next_tokens,http,10.128.2.18:3000,tgis-bam,fmaas-monitoring,llama3-mig3g-40gb,openshift-user-workload-monitoring/user-workload,0.95,tgis-bam,7764.3655421407975
2024-05-20 14:59:54.285000086,tgi_batch_next_tokens,http,10.128.2.18:3000,tgis-bam,fmaas-monitoring,llama3-mig3g-40gb,openshift-user-workload-monitoring/user-workload,0.95,tgis-bam,7764.3655421407975
2024-05-20 14:59:59.285000086,tgi_batch_next_tokens,http,10.128.2.18:3000,tgis-bam,fmaas-monitoring,llama3-mig3g-40gb,openshift-user-workload-monitoring/user-workload,0.95,tgis-bam,7699.418032800469
2024-05-20 15:00:04.285000086,tgi_batch_next_tokens,http,10.128.2.18:3000,tgis-bam,fmaas-monitoring,llama3-mig3g-40gb,openshift-user-workload-monitoring/user-workload,0.95,tgis-bam,7699.418032800469
2024-05-20 15:00:09.285000086,tgi_batch_next_tokens,http,10.128.2.18:3000,tgis-bam,fmaas-monitoring,llama3-mig3g-40gb,openshift-user-workload-monitoring/user-workload,0.95,tgis-bam,7764.3655421407975
2024-05-20 15:00:14.285000086,tgi_batch_next_tokens,http,10.128.2.18:3000,tgis-bam,fmaas-monitoring,llama3-mig3g-40gb,openshift-user-workload-monitoring/user-workload,0.95,tgis-bam,7764.3655421407975
2024-05-20 15:00:19.302000046,tgi_batch_next_tokens,http,10.128.2.18:3000,tgis-bam,fmaas-monitoring,llama3-mig3g-40gb,openshift-user-workload-monitoring/user-workload,0.95,tgis-bam,7764.3655421407975
2024-05-20 15:00:24.285000086,tgi_batch_next_tokens,http,10.128.2.18:3000,tgis-bam,fmaas-monitoring,llama3-mig3g-40gb,openshift-user-workload-monitoring/user-workload,0.95,tgis-bam,7764.3655421407975
2024-05-20 15:00:29.285000086,tgi_batch_next_tokens,http,10.128.2.18:3000,tgis-bam,fmaas-monitoring,llama3-mig3g-40gb,openshift-user-workload-monitoring/user-workload,0.95,tgis-bam,4171.788095593668
2024-05-20 15:00:34.285000086,tgi_batch_next_tokens,http,10.128.2.18:3000,tgis-bam,fmaas-monitoring,llama3-mig3g-40gb,openshift-user-workload-monitoring/user-workload,0.95,tgis-bam,4171.788095593668
2024-05-20 15:00:39.285000086,tgi_batch_next_tokens,http,10.128.2.18:3000,tgis-bam,fmaas-monitoring,llama3-mig3g-40gb,openshift-user-workload-monitoring/user-workload,0.95,tgis-bam,5829.578765990354
2024-05-20 15:00:44.285000086,tgi_batch_next_tokens,http,10.128.2.18:3000,tgis-bam,fmaas-monitoring,llama3-mig3g-40gb,openshift-user-workload-monitoring/user-workload,0.95,tgis-bam,5829.578765990354
2024-05-20 15:00:49.285000086,tgi_batch_next_tokens,http,10.128.2.18:3000,tgis-bam,fmaas-monitoring,llama3-mig3g-40gb,openshift-user-workload-monitoring/user-workload,0.95,tgis-bam,5829.578765990354
2024-05-20 15:00:54.285000086,tgi_batch_next_tokens,http,10.128.2.18:3000,tgis-bam,fmaas-monitoring,llama3-mig3g-40gb,openshift-user-workload-monitoring/user-workload,0.95,tgis-bam,5829.578765990354
2024-05-20 15:00:59.285000086,tgi_batch_next_tokens,http,10.128.2.18:3000,tgis-bam,fmaas-monitoring,llama3-mig3g-40gb,openshift-user-workload-monitoring/user-workload,0.95,tgis-bam,5829.578765990354
2024-05-20 15:01:04.285000086,tgi_batch_next_tokens,http,10.128.2.18:3000,tgis-bam,fmaas-monitoring,llama3-mig3g-40gb,openshift-user-workload-monitoring/user-workload,0.95,tgis-bam,5829.578765990354
2024-05-20 15:01:09.285000086,tgi_batch_next_tokens,http,10.128.2.18:3000,tgis-bam,fmaas-monitoring,llama3-mig3g-40gb,openshift-user-workload-monitoring/user-workload,0.95,tgis-bam,5829.578765990354
2024-05-20 15:01:14.285000086,tgi_batch_next_tokens,http,10.128.2.18:3000,tgis-bam,fmaas-monitoring,llama3-mig3g-40gb,openshift-user-workload-monitoring/user-workload,0.95,tgis-bam,5829.578765990354
2024-05-20 15:01:19.285000086,tgi_batch_next_tokens,http,10.128.2.18:3000,tgis-bam,fmaas-monitoring,llama3-mig3g-40gb,openshift-user-workload-monitoring/user-workload,0.95,tgis-bam,5829.578765990354
2024-05-20 15:01:24.288000107,tgi_batch_next_tokens,http,10.128.2.18:3000,tgis-bam,fmaas-monitoring,llama3-mig3g-40gb,openshift-user-workload-monitoring/user-workload,0.95,tgis-bam,5829.578765990354
2024-05-20 15:01:29.285000086,tgi_batch_next_tokens,http,10.128.2.18:3000,tgis-bam,fmaas-monitoring,llama3-mig3g-40gb,openshift-user-workload-monitoring/user-workload,0.95,tgis-bam,5706.151165682745
2024-05-20 15:01:34.285000086,tgi_batch_next_tokens,http,10.128.2.18:3000,tgis-bam,fmaas-monitoring,llama3-mig3g-40gb,openshift-user-workload-monitoring/user-workload,0.95,tgis-bam,5706.151165682745
2024-05-20 15:01:39.296999931,tgi_batch_next_tokens,http,10.128.2.18:3000,tgis-bam,fmaas-monitoring,llama3-mig3g-40gb,openshift-user-workload-monitoring/user-workload,0.95,tgis-bam,4708.383975703587
2024-05-20 15:01:44.285000086,tgi_batch_next_tokens,http,10.128.2.18:3000,tgis-bam,fmaas-monitoring,llama3-mig3g-40gb,openshift-user-workload-monitoring/user-workload,0.95,tgis-bam,4708.383975703587
2024-05-20 15:01:49.285000086,tgi_batch_next_tokens,http,10.128.2.18:3000,tgis-bam,fmaas-monitoring,llama3-mig3g-40gb,openshift-user-workload-monitoring/user-workload,0.95,tgis-bam,3728.2715820421367
2024-05-20 15:01:54.301000118,tgi_batch_next_tokens,http,10.128.2.18:3000,tgis-bam,fmaas-monitoring,llama3-mig3g-40gb,openshift-user-workload-monitoring/user-workload,0.95,tgis-bam,3833.371654674995
2024-05-20 15:01:59.332999945,tgi_batch_next_tokens,http,10.128.2.18:3000,tgis-bam,fmaas-monitoring,llama3-mig3g-40gb,openshift-user-workload-monitoring/user-workload,0.95,tgis-bam,4708.383975703587
2024-05-20 15:02:04.285000086,tgi_batch_next_tokens,http,10.128.2.18:3000,tgis-bam,fmaas-monitoring,llama3-mig3g-40gb,openshift-user-workload-monitoring/user-workload,0.95,tgis-bam,4708.383975703587
2024-05-20 15:02:09.285000086,tgi_batch_next_tokens,http,10.128.2.18:3000,tgis-bam,fmaas-monitoring,llama3-mig3g-40gb,openshift-user-workload-monitoring/user-workload,0.95,tgis-bam,4708.383975703587
2024-05-20 15:02:14.285000086,tgi_batch_next_tokens,http,10.128.2.18:3000,tgis-bam,fmaas-monitoring,llama3-mig3g-40gb,openshift-user-workload-monitoring/user-workload,0.95,tgis-bam,4708.383975703587
2024-05-20 15:02:19.285000086,tgi_batch_next_tokens,http,10.128.2.18:3000,tgis-bam,fmaas-monitoring,llama3-mig3g-40gb,openshift-user-workload-monitoring/user-workload,0.95,tgis-bam,4708.383975703587
2024-05-20 15:02:24.285000086,tgi_batch_next_tokens,http,10.128.2.18:3000,tgis-bam,fmaas-monitoring,llama3-mig3g-40gb,openshift-user-workload-monitoring/user-workload,0.95,tgis-bam,4708.383975703587
2024-05-20 15:02:29.285000086,tgi_batch_next_tokens,http,10.128.2.18:3000,tgis-bam,fmaas-monitoring,llama3-mig3g-40gb,openshift-user-workload-monitoring/user-workload,0.95,tgis-bam,5301.261147463609
2024-05-20 15:02:34.285000086,tgi_batch_next_tokens,http,10.128.2.18:3000,tgis-bam,fmaas-monitoring,llama3-mig3g-40gb,openshift-user-workload-monitoring/user-workload,0.95,tgis-bam,5301.261147463609
2024-05-20 15:02:39.285000086,tgi_batch_next_tokens,http,10.128.2.18:3000,tgis-bam,fmaas-monitoring,llama3-mig3g-40gb,openshift-user-workload-monitoring/user-workload,0.95,tgis-bam,5235.931390599658
2024-05-20 15:02:44.285000086,tgi_batch_next_tokens,http,10.128.2.18:3000,tgis-bam,fmaas-monitoring,llama3-mig3g-40gb,openshift-user-workload-monitoring/user-workload,0.95,tgis-bam,5301.261147463609
2024-05-20 15:02:49.285000086,tgi_batch_next_tokens,http,10.128.2.18:3000,tgis-bam,fmaas-monitoring,llama3-mig3g-40gb,openshift-user-workload-monitoring/user-workload,0.95,tgis-bam,5650.5040005448445
2024-05-20 15:02:54.285000086,tgi_batch_next_tokens,http,10.128.2.18:3000,tgis-bam,fmaas-monitoring,llama3-mig3g-40gb,openshift-user-workload-monitoring/user-workload,0.95,tgis-bam,5650.5040005448445
2024-05-20 15:02:59.285000086,tgi_batch_next_tokens,http,10.128.2.18:3000,tgis-bam,fmaas-monitoring,llama3-mig3g-40gb,openshift-user-workload-monitoring/user-workload,0.95,tgis-bam,5650.5040005448445
2024-05-20 15:03:04.285000086,tgi_batch_next_tokens,http,10.128.2.18:3000,tgis-bam,fmaas-monitoring,llama3-mig3g-40gb,openshift-user-workload-monitoring/user-workload,0.95,tgis-bam,5650.5040005448445
2024-05-20 15:03:09.285000086,tgi_batch_next_tokens,http,10.128.2.18:3000,tgis-bam,fmaas-monitoring,llama3-mig3g-40gb,openshift-user-workload-monitoring/user-workload,0.95,tgis-bam,5650.5040005448445
2024-05-20 15:03:14.285000086,tgi_batch_next_tokens,http,10.128.2.18:3000,tgis-bam,fmaas-monitoring,llama3-mig3g-40gb,openshift-user-workload-monitoring/user-workload,0.95,tgis-bam,5650.5040005448445
2024-05-20 15:03:19.285000086,tgi_batch_next_tokens,http,10.128.2.18:3000,tgis-bam,fmaas-monitoring,llama3-mig3g-40gb,openshift-user-workload-monitoring/user-workload,0.95,tgis-bam,5650.5040005448445
2024-05-20 15:03:24.285000086,tgi_batch_next_tokens,http,10.128.2.18:3000,tgis-bam,fmaas-monitoring,llama3-mig3g-40gb,openshift-user-workload-monitoring/user-workload,0.95,tgis-bam,5650.5040005448445
2024-05-20 14:53:29.285000086,tgi_batch_next_tokens,http,10.128.2.18:3000,tgis-bam,fmaas-monitoring,llama3-mig3g-40gb,openshift-user-workload-monitoring/user-workload,0.99,tgis-bam,2889.09915534818
2024-05-20 14:53:34.285000086,tgi_batch_next_tokens,http,10.128.2.18:3000,tgis-bam,fmaas-monitoring,llama3-mig3g-40gb,openshift-user-workload-monitoring/user-workload,0.99,tgis-bam,2889.09915534818
2024-05-20 14:53:39.285000086,tgi_batch_next_tokens,http,10.128.2.18:3000,tgis-bam,fmaas-monitoring,llama3-mig3g-40gb,openshift-user-workload-monitoring/user-workload,0.99,tgis-bam,2915.801510158173
2024-05-20 14:53:44.285000086,tgi_batch_next_tokens,http,10.128.2.18:3000,tgis-bam,fmaas-monitoring,llama3-mig3g-40gb,openshift-user-workload-monitoring/user-workload,0.99,tgis-bam,4563.750411269138
2024-05-20 14:53:49.285000086,tgi_batch_next_tokens,http,10.128.2.18:3000,tgis-bam,fmaas-monitoring,llama3-mig3g-40gb,openshift-user-workload-monitoring/user-workload,0.99,tgis-bam,4563.750411269138
2024-05-20 14:53:54.286999941,tgi_batch_next_tokens,http,10.128.2.18:3000,tgis-bam,fmaas-monitoring,llama3-mig3g-40gb,openshift-user-workload-monitoring/user-workload,0.99,tgis-bam,4563.750411269138
2024-05-20 14:53:59.285000086,tgi_batch_next_tokens,http,10.128.2.18:3000,tgis-bam,fmaas-monitoring,llama3-mig3g-40gb,openshift-user-workload-monitoring/user-workload,0.99,tgis-bam,4563.750411269138
2024-05-20 14:54:04.285000086,tgi_batch_next_tokens,http,10.128.2.18:3000,tgis-bam,fmaas-monitoring,llama3-mig3g-40gb,openshift-user-workload-monitoring/user-workload,0.99,tgis-bam,4563.750411269138
2024-05-20 14:54:09.285000086,tgi_batch_next_tokens,http,10.128.2.18:3000,tgis-bam,fmaas-monitoring,llama3-mig3g-40gb,openshift-user-workload-monitoring/user-workload,0.99,tgis-bam,4563.750411269138
2024-05-20 14:54:14.285000086,tgi_batch_next_tokens,http,10.128.2.18:3000,tgis-bam,fmaas-monitoring,llama3-mig3g-40gb,openshift-user-workload-monitoring/user-workload,0.99,tgis-bam,4563.750411269138
2024-05-20 14:54:19.285000086,tgi_batch_next_tokens,http,10.128.2.18:3000,tgis-bam,fmaas-monitoring,llama3-mig3g-40gb,openshift-user-workload-monitoring/user-workload,0.99,tgis-bam,4563.750411269138
2024-05-20 14:54:24.285000086,tgi_batch_next_tokens,http,10.128.2.18:3000,tgis-bam,fmaas-monitoring,llama3-mig3g-40gb,openshift-user-workload-monitoring/user-workload,0.99,tgis-bam,4563.750411269138
2024-05-20 14:54:29.285000086,tgi_batch_next_tokens,http,10.128.2.18:3000,tgis-bam,fmaas-monitoring,llama3-mig3g-40gb,openshift-user-workload-monitoring/user-workload,0.99,tgis-bam,289.0211919261833
2024-05-20 14:54:34.285000086,tgi_batch_next_tokens,http,10.128.2.18:3000,tgis-bam,fmaas-monitoring,llama3-mig3g-40gb,openshift-user-workload-monitoring/user-workload,0.99,tgis-bam,289.0211919261833
2024-05-20 14:54:39.285000086,tgi_batch_next_tokens,http,10.128.2.18:3000,tgis-bam,fmaas-monitoring,llama3-mig3g-40gb,openshift-user-workload-monitoring/user-workload,0.99,tgis-bam,289.0211919261833
2024-05-20 14:54:44.285000086,tgi_batch_next_tokens,http,10.128.2.18:3000,tgis-bam,fmaas-monitoring,llama3-mig3g-40gb,openshift-user-workload-monitoring/user-workload,0.99,tgis-bam,289.0211919261833
2024-05-20 14:54:49.285000086,tgi_batch_next_tokens,http,10.128.2.18:3000,tgis-bam,fmaas-monitoring,llama3-mig3g-40gb,openshift-user-workload-monitoring/user-workload,0.99,tgis-bam,81.0041193577915
2024-05-20 14:54:54.285000086,tgi_batch_next_tokens,http,10.128.2.18:3000,tgis-bam,fmaas-monitoring,llama3-mig3g-40gb,openshift-user-workload-monitoring/user-workload,0.99,tgis-bam,81.0041193577915
2024-05-20 14:54:59.285000086,tgi_batch_next_tokens,http,10.128.2.18:3000,tgis-bam,fmaas-monitoring,llama3-mig3g-40gb,openshift-user-workload-monitoring/user-workload,0.99,tgis-bam,81.0041193577915
2024-05-20 14:55:04.285000086,tgi_batch_next_tokens,http,10.128.2.18:3000,tgis-bam,fmaas-monitoring,llama3-mig3g-40gb,openshift-user-workload-monitoring/user-workload,0.99,tgis-bam,81.0041193577915
2024-05-20 14:55:09.285000086,tgi_batch_next_tokens,http,10.128.2.18:3000,tgis-bam,fmaas-monitoring,llama3-mig3g-40gb,openshift-user-workload-monitoring/user-workload,0.99,tgis-bam,66.00298768561115
2024-05-20 14:55:14.285000086,tgi_batch_next_tokens,http,10.128.2.18:3000,tgis-bam,fmaas-monitoring,llama3-mig3g-40gb,openshift-user-workload-monitoring/user-workload,0.99,tgis-bam,66.00298768561115
2024-05-20 14:55:19.285000086,tgi_batch_next_tokens,http,10.128.2.18:3000,tgis-bam,fmaas-monitoring,llama3-mig3g-40gb,openshift-user-workload-monitoring/user-workload,0.99,tgis-bam,66.00298768561115
2024-05-20 14:55:24.285000086,tgi_batch_next_tokens,http,10.128.2.18:3000,tgis-bam,fmaas-monitoring,llama3-mig3g-40gb,openshift-user-workload-monitoring/user-workload,0.99,tgis-bam,66.00298768561115
2024-05-20 14:55:29.285000086,tgi_batch_next_tokens,http,10.128.2.18:3000,tgis-bam,fmaas-monitoring,llama3-mig3g-40gb,openshift-user-workload-monitoring/user-workload,0.99,tgis-bam,81.0041193577915
2024-05-20 14:55:34.285000086,tgi_batch_next_tokens,http,10.128.2.18:3000,tgis-bam,fmaas-monitoring,llama3-mig3g-40gb,openshift-user-workload-monitoring/user-workload,0.99,tgis-bam,81.0041193577915
2024-05-20 14:55:39.285000086,tgi_batch_next_tokens,http,10.128.2.18:3000,tgis-bam,fmaas-monitoring,llama3-mig3g-40gb,openshift-user-workload-monitoring/user-workload,0.99,tgis-bam,81.0041193577915
2024-05-20 14:55:44.285000086,tgi_batch_next_tokens,http,10.128.2.18:3000,tgis-bam,fmaas-monitoring,llama3-mig3g-40gb,openshift-user-workload-monitoring/user-workload,0.99,tgis-bam,55.99710586500943
2024-05-20 14:55:49.285000086,tgi_batch_next_tokens,http,10.128.2.18:3000,tgis-bam,fmaas-monitoring,llama3-mig3g-40gb,openshift-user-workload-monitoring/user-workload,0.99,tgis-bam,55.99710586500943
2024-05-20 14:55:54.285000086,tgi_batch_next_tokens,http,10.128.2.18:3000,tgis-bam,fmaas-monitoring,llama3-mig3g-40gb,openshift-user-workload-monitoring/user-workload,0.99,tgis-bam,55.99710586500943
2024-05-20 14:55:59.285000086,tgi_batch_next_tokens,http,10.128.2.18:3000,tgis-bam,fmaas-monitoring,llama3-mig3g-40gb,openshift-user-workload-monitoring/user-workload,0.99,tgis-bam,55.99710586500943
2024-05-20 14:56:04.285000086,tgi_batch_next_tokens,http,10.128.2.18:3000,tgis-bam,fmaas-monitoring,llama3-mig3g-40gb,openshift-user-workload-monitoring/user-workload,0.99,tgis-bam,55.99710586500943
2024-05-20 14:56:09.285000086,tgi_batch_next_tokens,http,10.128.2.18:3000,tgis-bam,fmaas-monitoring,llama3-mig3g-40gb,openshift-user-workload-monitoring/user-workload,0.99,tgis-bam,55.99710586500943
2024-05-20 14:56:14.285000086,tgi_batch_next_tokens,http,10.128.2.18:3000,tgis-bam,fmaas-monitoring,llama3-mig3g-40gb,openshift-user-workload-monitoring/user-workload,0.99,tgis-bam,55.99710586500943
2024-05-20 14:56:19.285000086,tgi_batch_next_tokens,http,10.128.2.18:3000,tgis-bam,fmaas-monitoring,llama3-mig3g-40gb,openshift-user-workload-monitoring/user-workload,0.99,tgis-bam,55.99710586500943
2024-05-20 14:56:24.285000086,tgi_batch_next_tokens,http,10.128.2.18:3000,tgis-bam,fmaas-monitoring,llama3-mig3g-40gb,openshift-user-workload-monitoring/user-workload,0.99,tgis-bam,55.99710586500943
2024-05-20 14:56:29.285000086,tgi_batch_next_tokens,http,10.128.2.18:3000,tgis-bam,fmaas-monitoring,llama3-mig3g-40gb,openshift-user-workload-monitoring/user-workload,0.99,tgis-bam,15.000747062474648
2024-05-20 14:56:34.285000086,tgi_batch_next_tokens,http,10.128.2.18:3000,tgis-bam,fmaas-monitoring,llama3-mig3g-40gb,openshift-user-workload-monitoring/user-workload,0.99,tgis-bam,15.000747062474648
2024-05-20 14:56:39.289999962,tgi_batch_next_tokens,http,10.128.2.18:3000,tgis-bam,fmaas-monitoring,llama3-mig3g-40gb,openshift-user-workload-monitoring/user-workload,0.99,tgis-bam,287.9825862437092
2024-05-20 14:56:44.285000086,tgi_batch_next_tokens,http,10.128.2.18:3000,tgis-bam,fmaas-monitoring,llama3-mig3g-40gb,openshift-user-workload-monitoring/user-workload,0.99,tgis-bam,287.9825862437092
2024-05-20 14:56:49.285000086,tgi_batch_next_tokens,http,10.128.2.18:3000,tgis-bam,fmaas-monitoring,llama3-mig3g-40gb,openshift-user-workload-monitoring/user-workload,0.99,tgis-bam,15.000747062474648
2024-05-20 14:56:54.285000086,tgi_batch_next_tokens,http,10.128.2.18:3000,tgis-bam,fmaas-monitoring,llama3-mig3g-40gb,openshift-user-workload-monitoring/user-workload,0.99,tgis-bam,857.0532204216497
2024-05-20 14:56:59.285000086,tgi_batch_next_tokens,http,10.128.2.18:3000,tgis-bam,fmaas-monitoring,llama3-mig3g-40gb,openshift-user-workload-monitoring/user-workload,0.99,tgis-bam,857.0532204216497
2024-05-20 14:57:04.285000086,tgi_batch_next_tokens,http,10.128.2.18:3000,tgis-bam,fmaas-monitoring,llama3-mig3g-40gb,openshift-user-workload-monitoring/user-workload,0.99,tgis-bam,857.0532204216497
2024-05-20 14:57:09.285000086,tgi_batch_next_tokens,http,10.128.2.18:3000,tgis-bam,fmaas-monitoring,llama3-mig3g-40gb,openshift-user-workload-monitoring/user-workload,0.99,tgis-bam,857.0532204216497
2024-05-20 14:57:14.285000086,tgi_batch_next_tokens,http,10.128.2.18:3000,tgis-bam,fmaas-monitoring,llama3-mig3g-40gb,openshift-user-workload-monitoring/user-workload,0.99,tgis-bam,857.0532204216497
2024-05-20 14:57:19.285000086,tgi_batch_next_tokens,http,10.128.2.18:3000,tgis-bam,fmaas-monitoring,llama3-mig3g-40gb,openshift-user-workload-monitoring/user-workload,0.99,tgis-bam,857.0532204216497
2024-05-20 14:57:24.285000086,tgi_batch_next_tokens,http,10.128.2.18:3000,tgis-bam,fmaas-monitoring,llama3-mig3g-40gb,openshift-user-workload-monitoring/user-workload,0.99,tgis-bam,857.0532204216497
2024-05-20 14:57:29.285000086,tgi_batch_next_tokens,http,10.128.2.18:3000,tgis-bam,fmaas-monitoring,llama3-mig3g-40gb,openshift-user-workload-monitoring/user-workload,0.99,tgis-bam,3587.10239148458
2024-05-20 14:57:34.285000086,tgi_batch_next_tokens,http,10.128.2.18:3000,tgis-bam,fmaas-monitoring,llama3-mig3g-40gb,openshift-user-workload-monitoring/user-workload,0.99,tgis-bam,3587.10239148458
2024-05-20 14:57:39.285000086,tgi_batch_next_tokens,http,10.128.2.18:3000,tgis-bam,fmaas-monitoring,llama3-mig3g-40gb,openshift-user-workload-monitoring/user-workload,0.99,tgis-bam,3587.10239148458
2024-05-20 14:57:44.285000086,tgi_batch_next_tokens,http,10.128.2.18:3000,tgis-bam,fmaas-monitoring,llama3-mig3g-40gb,openshift-user-workload-monitoring/user-workload,0.99,tgis-bam,3587.10239148458
2024-05-20 14:57:49.285000086,tgi_batch_next_tokens,http,10.128.2.18:3000,tgis-bam,fmaas-monitoring,llama3-mig3g-40gb,openshift-user-workload-monitoring/user-workload,0.99,tgis-bam,6661.500405996675
2024-05-20 14:57:54.285000086,tgi_batch_next_tokens,http,10.128.2.18:3000,tgis-bam,fmaas-monitoring,llama3-mig3g-40gb,openshift-user-workload-monitoring/user-workload,0.99,tgis-bam,2401.1426830027244
2024-05-20 14:57:59.285000086,tgi_batch_next_tokens,http,10.128.2.18:3000,tgis-bam,fmaas-monitoring,llama3-mig3g-40gb,openshift-user-workload-monitoring/user-workload,0.99,tgis-bam,2401.1426830027244
2024-05-20 14:58:04.285000086,tgi_batch_next_tokens,http,10.128.2.18:3000,tgis-bam,fmaas-monitoring,llama3-mig3g-40gb,openshift-user-workload-monitoring/user-workload,0.99,tgis-bam,2893.1467268180854
2024-05-20 14:58:09.285000086,tgi_batch_next_tokens,http,10.128.2.18:3000,tgis-bam,fmaas-monitoring,llama3-mig3g-40gb,openshift-user-workload-monitoring/user-workload,0.99,tgis-bam,2893.1467268180854
2024-05-20 14:58:14.285000086,tgi_batch_next_tokens,http,10.128.2.18:3000,tgis-bam,fmaas-monitoring,llama3-mig3g-40gb,openshift-user-workload-monitoring/user-workload,0.99,tgis-bam,2893.1467268180854
2024-05-20 14:58:19.285000086,tgi_batch_next_tokens,http,10.128.2.18:3000,tgis-bam,fmaas-monitoring,llama3-mig3g-40gb,openshift-user-workload-monitoring/user-workload,0.99,tgis-bam,2893.1467268180854
2024-05-20 14:58:24.285000086,tgi_batch_next_tokens,http,10.128.2.18:3000,tgis-bam,fmaas-monitoring,llama3-mig3g-40gb,openshift-user-workload-monitoring/user-workload,0.99,tgis-bam,2893.1467268180854
2024-05-20 14:58:29.285000086,tgi_batch_next_tokens,http,10.128.2.18:3000,tgis-bam,fmaas-monitoring,llama3-mig3g-40gb,openshift-user-workload-monitoring/user-workload,0.99,tgis-bam,2401.1426830027244
2024-05-20 14:58:34.285000086,tgi_batch_next_tokens,http,10.128.2.18:3000,tgis-bam,fmaas-monitoring,llama3-mig3g-40gb,openshift-user-workload-monitoring/user-workload,0.99,tgis-bam,2401.1426830027244
2024-05-20 14:58:39.285000086,tgi_batch_next_tokens,http,10.128.2.18:3000,tgis-bam,fmaas-monitoring,llama3-mig3g-40gb,openshift-user-workload-monitoring/user-workload,0.99,tgis-bam,2401.1426830027244
2024-05-20 14:58:44.285000086,tgi_batch_next_tokens,http,10.128.2.18:3000,tgis-bam,fmaas-monitoring,llama3-mig3g-40gb,openshift-user-workload-monitoring/user-workload,0.99,tgis-bam,2403.0643657261326
2024-05-20 14:58:49.285000086,tgi_batch_next_tokens,http,10.128.2.18:3000,tgis-bam,fmaas-monitoring,llama3-mig3g-40gb,openshift-user-workload-monitoring/user-workload,0.99,tgis-bam,3835.672367820387
2024-05-20 14:58:54.285000086,tgi_batch_next_tokens,http,10.128.2.18:3000,tgis-bam,fmaas-monitoring,llama3-mig3g-40gb,openshift-user-workload-monitoring/user-workload,0.99,tgis-bam,4485.028024768993
2024-05-20 14:58:59.285000086,tgi_batch_next_tokens,http,10.128.2.18:3000,tgis-bam,fmaas-monitoring,llama3-mig3g-40gb,openshift-user-workload-monitoring/user-workload,0.99,tgis-bam,4875.120120867512
2024-05-20 14:59:04.285000086,tgi_batch_next_tokens,http,10.128.2.18:3000,tgis-bam,fmaas-monitoring,llama3-mig3g-40gb,openshift-user-workload-monitoring/user-workload,0.99,tgis-bam,4975.593920012197
2024-05-20 14:59:09.285000086,tgi_batch_next_tokens,http,10.128.2.18:3000,tgis-bam,fmaas-monitoring,llama3-mig3g-40gb,openshift-user-workload-monitoring/user-workload,0.99,tgis-bam,4975.593920012197
2024-05-20 14:59:14.285000086,tgi_batch_next_tokens,http,10.128.2.18:3000,tgis-bam,fmaas-monitoring,llama3-mig3g-40gb,openshift-user-workload-monitoring/user-workload,0.99,tgis-bam,4975.593920012197
2024-05-20 14:59:19.285000086,tgi_batch_next_tokens,http,10.128.2.18:3000,tgis-bam,fmaas-monitoring,llama3-mig3g-40gb,openshift-user-workload-monitoring/user-workload,0.99,tgis-bam,4975.593920012197
2024-05-20 14:59:24.285000086,tgi_batch_next_tokens,http,10.128.2.18:3000,tgis-bam,fmaas-monitoring,llama3-mig3g-40gb,openshift-user-workload-monitoring/user-workload,0.99,tgis-bam,4975.593920012197
2024-05-20 14:59:29.285000086,tgi_batch_next_tokens,http,10.128.2.18:3000,tgis-bam,fmaas-monitoring,llama3-mig3g-40gb,openshift-user-workload-monitoring/user-workload,0.99,tgis-bam,4975.593920012197
2024-05-20 14:59:34.285000086,tgi_batch_next_tokens,http,10.128.2.18:3000,tgis-bam,fmaas-monitoring,llama3-mig3g-40gb,openshift-user-workload-monitoring/user-workload,0.99,tgis-bam,4975.593920012197
2024-05-20 14:59:39.289000034,tgi_batch_next_tokens,http,10.128.2.18:3000,tgis-bam,fmaas-monitoring,llama3-mig3g-40gb,openshift-user-workload-monitoring/user-workload,0.99,tgis-bam,7764.3655421407975
2024-05-20 14:59:44.285000086,tgi_batch_next_tokens,http,10.128.2.18:3000,tgis-bam,fmaas-monitoring,llama3-mig3g-40gb,openshift-user-workload-monitoring/user-workload,0.99,tgis-bam,7999.225671836646
2024-05-20 14:59:49.285000086,tgi_batch_next_tokens,http,10.128.2.18:3000,tgis-bam,fmaas-monitoring,llama3-mig3g-40gb,openshift-user-workload-monitoring/user-workload,0.99,tgis-bam,7764.3655421407975
2024-05-20 14:59:54.285000086,tgi_batch_next_tokens,http,10.128.2.18:3000,tgis-bam,fmaas-monitoring,llama3-mig3g-40gb,openshift-user-workload-monitoring/user-workload,0.99,tgis-bam,7764.3655421407975
2024-05-20 14:59:59.285000086,tgi_batch_next_tokens,http,10.128.2.18:3000,tgis-bam,fmaas-monitoring,llama3-mig3g-40gb,openshift-user-workload-monitoring/user-workload,0.99,tgis-bam,7764.3655421407975
2024-05-20 15:00:04.285000086,tgi_batch_next_tokens,http,10.128.2.18:3000,tgis-bam,fmaas-monitoring,llama3-mig3g-40gb,openshift-user-workload-monitoring/user-workload,0.99,tgis-bam,7764.3655421407975
2024-05-20 15:00:09.285000086,tgi_batch_next_tokens,http,10.128.2.18:3000,tgis-bam,fmaas-monitoring,llama3-mig3g-40gb,openshift-user-workload-monitoring/user-workload,0.99,tgis-bam,7764.3655421407975
2024-05-20 15:00:14.285000086,tgi_batch_next_tokens,http,10.128.2.18:3000,tgis-bam,fmaas-monitoring,llama3-mig3g-40gb,openshift-user-workload-monitoring/user-workload,0.99,tgis-bam,7764.3655421407975
2024-05-20 15:00:19.302000046,tgi_batch_next_tokens,http,10.128.2.18:3000,tgis-bam,fmaas-monitoring,llama3-mig3g-40gb,openshift-user-workload-monitoring/user-workload,0.99,tgis-bam,7764.3655421407975
2024-05-20 15:00:24.285000086,tgi_batch_next_tokens,http,10.128.2.18:3000,tgis-bam,fmaas-monitoring,llama3-mig3g-40gb,openshift-user-workload-monitoring/user-workload,0.99,tgis-bam,7764.3655421407975
2024-05-20 15:00:29.285000086,tgi_batch_next_tokens,http,10.128.2.18:3000,tgis-bam,fmaas-monitoring,llama3-mig3g-40gb,openshift-user-workload-monitoring/user-workload,0.99,tgis-bam,4171.788095593668
2024-05-20 15:00:34.285000086,tgi_batch_next_tokens,http,10.128.2.18:3000,tgis-bam,fmaas-monitoring,llama3-mig3g-40gb,openshift-user-workload-monitoring/user-workload,0.99,tgis-bam,4171.788095593668
2024-05-20 15:00:39.285000086,tgi_batch_next_tokens,http,10.128.2.18:3000,tgis-bam,fmaas-monitoring,llama3-mig3g-40gb,openshift-user-workload-monitoring/user-workload,0.99,tgis-bam,5829.578765990354
2024-05-20 15:00:44.285000086,tgi_batch_next_tokens,http,10.128.2.18:3000,tgis-bam,fmaas-monitoring,llama3-mig3g-40gb,openshift-user-workload-monitoring/user-workload,0.99,tgis-bam,5973.570038063672
2024-05-20 15:00:49.285000086,tgi_batch_next_tokens,http,10.128.2.18:3000,tgis-bam,fmaas-monitoring,llama3-mig3g-40gb,openshift-user-workload-monitoring/user-workload,0.99,tgis-bam,5829.578765990354
2024-05-20 15:00:54.285000086,tgi_batch_next_tokens,http,10.128.2.18:3000,tgis-bam,fmaas-monitoring,llama3-mig3g-40gb,openshift-user-workload-monitoring/user-workload,0.99,tgis-bam,7668.681873866206
2024-05-20 15:00:59.285000086,tgi_batch_next_tokens,http,10.128.2.18:3000,tgis-bam,fmaas-monitoring,llama3-mig3g-40gb,openshift-user-workload-monitoring/user-workload,0.99,tgis-bam,7668.681873866206
2024-05-20 15:01:04.285000086,tgi_batch_next_tokens,http,10.128.2.18:3000,tgis-bam,fmaas-monitoring,llama3-mig3g-40gb,openshift-user-workload-monitoring/user-workload,0.99,tgis-bam,7668.681873866206
2024-05-20 15:01:09.285000086,tgi_batch_next_tokens,http,10.128.2.18:3000,tgis-bam,fmaas-monitoring,llama3-mig3g-40gb,openshift-user-workload-monitoring/user-workload,0.99,tgis-bam,7668.681873866206
2024-05-20 15:01:14.285000086,tgi_batch_next_tokens,http,10.128.2.18:3000,tgis-bam,fmaas-monitoring,llama3-mig3g-40gb,openshift-user-workload-monitoring/user-workload,0.99,tgis-bam,7668.681873866206
2024-05-20 15:01:19.285000086,tgi_batch_next_tokens,http,10.128.2.18:3000,tgis-bam,fmaas-monitoring,llama3-mig3g-40gb,openshift-user-workload-monitoring/user-workload,0.99,tgis-bam,7668.681873866206
2024-05-20 15:01:24.288000107,tgi_batch_next_tokens,http,10.128.2.18:3000,tgis-bam,fmaas-monitoring,llama3-mig3g-40gb,openshift-user-workload-monitoring/user-workload,0.99,tgis-bam,7668.681873866206
2024-05-20 15:01:29.285000086,tgi_batch_next_tokens,http,10.128.2.18:3000,tgis-bam,fmaas-monitoring,llama3-mig3g-40gb,openshift-user-workload-monitoring/user-workload,0.99,tgis-bam,5706.151165682745
2024-05-20 15:01:34.285000086,tgi_batch_next_tokens,http,10.128.2.18:3000,tgis-bam,fmaas-monitoring,llama3-mig3g-40gb,openshift-user-workload-monitoring/user-workload,0.99,tgis-bam,5706.151165682745
2024-05-20 15:01:39.296999931,tgi_batch_next_tokens,http,10.128.2.18:3000,tgis-bam,fmaas-monitoring,llama3-mig3g-40gb,openshift-user-workload-monitoring/user-workload,0.99,tgis-bam,5706.151165682745
2024-05-20 15:01:44.285000086,tgi_batch_next_tokens,http,10.128.2.18:3000,tgis-bam,fmaas-monitoring,llama3-mig3g-40gb,openshift-user-workload-monitoring/user-workload,0.99,tgis-bam,5706.151165682745
2024-05-20 15:01:49.285000086,tgi_batch_next_tokens,http,10.128.2.18:3000,tgis-bam,fmaas-monitoring,llama3-mig3g-40gb,openshift-user-workload-monitoring/user-workload,0.99,tgis-bam,3833.371654674995
2024-05-20 15:01:54.301000118,tgi_batch_next_tokens,http,10.128.2.18:3000,tgis-bam,fmaas-monitoring,llama3-mig3g-40gb,openshift-user-workload-monitoring/user-workload,0.99,tgis-bam,4708.383975703587
2024-05-20 15:01:59.332999945,tgi_batch_next_tokens,http,10.128.2.18:3000,tgis-bam,fmaas-monitoring,llama3-mig3g-40gb,openshift-user-workload-monitoring/user-workload,0.99,tgis-bam,5301.261147463609
2024-05-20 15:02:04.285000086,tgi_batch_next_tokens,http,10.128.2.18:3000,tgis-bam,fmaas-monitoring,llama3-mig3g-40gb,openshift-user-workload-monitoring/user-workload,0.99,tgis-bam,5301.261147463609
2024-05-20 15:02:09.285000086,tgi_batch_next_tokens,http,10.128.2.18:3000,tgis-bam,fmaas-monitoring,llama3-mig3g-40gb,openshift-user-workload-monitoring/user-workload,0.99,tgis-bam,5301.261147463609
2024-05-20 15:02:14.285000086,tgi_batch_next_tokens,http,10.128.2.18:3000,tgis-bam,fmaas-monitoring,llama3-mig3g-40gb,openshift-user-workload-monitoring/user-workload,0.99,tgis-bam,5301.261147463609
2024-05-20 15:02:19.285000086,tgi_batch_next_tokens,http,10.128.2.18:3000,tgis-bam,fmaas-monitoring,llama3-mig3g-40gb,openshift-user-workload-monitoring/user-workload,0.99,tgis-bam,5301.261147463609
2024-05-20 15:02:24.285000086,tgi_batch_next_tokens,http,10.128.2.18:3000,tgis-bam,fmaas-monitoring,llama3-mig3g-40gb,openshift-user-workload-monitoring/user-workload,0.99,tgis-bam,5301.261147463609
2024-05-20 15:02:29.285000086,tgi_batch_next_tokens,http,10.128.2.18:3000,tgis-bam,fmaas-monitoring,llama3-mig3g-40gb,openshift-user-workload-monitoring/user-workload,0.99,tgis-bam,5301.261147463609
2024-05-20 15:02:34.285000086,tgi_batch_next_tokens,http,10.128.2.18:3000,tgis-bam,fmaas-monitoring,llama3-mig3g-40gb,openshift-user-workload-monitoring/user-workload,0.99,tgis-bam,5301.261147463609
2024-05-20 15:02:39.285000086,tgi_batch_next_tokens,http,10.128.2.18:3000,tgis-bam,fmaas-monitoring,llama3-mig3g-40gb,openshift-user-workload-monitoring/user-workload,0.99,tgis-bam,5301.261147463609
2024-05-20 15:02:44.285000086,tgi_batch_next_tokens,http,10.128.2.18:3000,tgis-bam,fmaas-monitoring,llama3-mig3g-40gb,openshift-user-workload-monitoring/user-workload,0.99,tgis-bam,7145.942732168649
2024-05-20 15:02:49.285000086,tgi_batch_next_tokens,http,10.128.2.18:3000,tgis-bam,fmaas-monitoring,llama3-mig3g-40gb,openshift-user-workload-monitoring/user-workload,0.99,tgis-bam,5650.5040005448445
2024-05-20 15:02:54.285000086,tgi_batch_next_tokens,http,10.128.2.18:3000,tgis-bam,fmaas-monitoring,llama3-mig3g-40gb,openshift-user-workload-monitoring/user-workload,0.99,tgis-bam,6286.124506753658
2024-05-20 15:02:59.285000086,tgi_batch_next_tokens,http,10.128.2.18:3000,tgis-bam,fmaas-monitoring,llama3-mig3g-40gb,openshift-user-workload-monitoring/user-workload,0.99,tgis-bam,6286.124506753658
2024-05-20 15:03:04.285000086,tgi_batch_next_tokens,http,10.128.2.18:3000,tgis-bam,fmaas-monitoring,llama3-mig3g-40gb,openshift-user-workload-monitoring/user-workload,0.99,tgis-bam,6286.124506753658
2024-05-20 15:03:09.285000086,tgi_batch_next_tokens,http,10.128.2.18:3000,tgis-bam,fmaas-monitoring,llama3-mig3g-40gb,openshift-user-workload-monitoring/user-workload,0.99,tgis-bam,6286.124506753658
2024-05-20 15:03:14.285000086,tgi_batch_next_tokens,http,10.128.2.18:3000,tgis-bam,fmaas-monitoring,llama3-mig3g-40gb,openshift-user-workload-monitoring/user-workload,0.99,tgis-bam,6286.124506753658
2024-05-20 15:03:19.285000086,tgi_batch_next_tokens,http,10.128.2.18:3000,tgis-bam,fmaas-monitoring,llama3-mig3g-40gb,openshift-user-workload-monitoring/user-workload,0.99,tgis-bam,6286.124506753658
2024-05-20 15:03:24.285000086,tgi_batch_next_tokens,http,10.128.2.18:3000,tgis-bam,fmaas-monitoring,llama3-mig3g-40gb,openshift-user-workload-monitoring/user-workload,0.99,tgis-bam,6286.124506753658
2024-05-20 14:53:29.285000086,tgi_batch_next_tokens,http,10.128.2.18:3000,tgis-bam,fmaas-monitoring,llama3-mig3g-40gb,openshift-user-workload-monitoring/user-workload,0.999,tgis-bam,2889.09915534818
2024-05-20 14:53:34.285000086,tgi_batch_next_tokens,http,10.128.2.18:3000,tgis-bam,fmaas-monitoring,llama3-mig3g-40gb,openshift-user-workload-monitoring/user-workload,0.999,tgis-bam,2889.09915534818
2024-05-20 14:53:39.285000086,tgi_batch_next_tokens,http,10.128.2.18:3000,tgis-bam,fmaas-monitoring,llama3-mig3g-40gb,openshift-user-workload-monitoring/user-workload,0.999,tgis-bam,2915.801510158173
2024-05-20 14:53:44.285000086,tgi_batch_next_tokens,http,10.128.2.18:3000,tgis-bam,fmaas-monitoring,llama3-mig3g-40gb,openshift-user-workload-monitoring/user-workload,0.999,tgis-bam,4563.750411269138
2024-05-20 14:53:49.285000086,tgi_batch_next_tokens,http,10.128.2.18:3000,tgis-bam,fmaas-monitoring,llama3-mig3g-40gb,openshift-user-workload-monitoring/user-workload,0.999,tgis-bam,4563.750411269138
2024-05-20 14:53:54.286999941,tgi_batch_next_tokens,http,10.128.2.18:3000,tgis-bam,fmaas-monitoring,llama3-mig3g-40gb,openshift-user-workload-monitoring/user-workload,0.999,tgis-bam,4563.750411269138
2024-05-20 14:53:59.285000086,tgi_batch_next_tokens,http,10.128.2.18:3000,tgis-bam,fmaas-monitoring,llama3-mig3g-40gb,openshift-user-workload-monitoring/user-workload,0.999,tgis-bam,4563.750411269138
2024-05-20 14:54:04.285000086,tgi_batch_next_tokens,http,10.128.2.18:3000,tgis-bam,fmaas-monitoring,llama3-mig3g-40gb,openshift-user-workload-monitoring/user-workload,0.999,tgis-bam,4563.750411269138
2024-05-20 14:54:09.285000086,tgi_batch_next_tokens,http,10.128.2.18:3000,tgis-bam,fmaas-monitoring,llama3-mig3g-40gb,openshift-user-workload-monitoring/user-workload,0.999,tgis-bam,4563.750411269138
2024-05-20 14:54:14.285000086,tgi_batch_next_tokens,http,10.128.2.18:3000,tgis-bam,fmaas-monitoring,llama3-mig3g-40gb,openshift-user-workload-monitoring/user-workload,0.999,tgis-bam,4563.750411269138
2024-05-20 14:54:19.285000086,tgi_batch_next_tokens,http,10.128.2.18:3000,tgis-bam,fmaas-monitoring,llama3-mig3g-40gb,openshift-user-workload-monitoring/user-workload,0.999,tgis-bam,4563.750411269138
2024-05-20 14:54:24.285000086,tgi_batch_next_tokens,http,10.128.2.18:3000,tgis-bam,fmaas-monitoring,llama3-mig3g-40gb,openshift-user-workload-monitoring/user-workload,0.999,tgis-bam,4563.750411269138
2024-05-20 14:54:29.285000086,tgi_batch_next_tokens,http,10.128.2.18:3000,tgis-bam,fmaas-monitoring,llama3-mig3g-40gb,openshift-user-workload-monitoring/user-workload,0.999,tgis-bam,289.0211919261833
2024-05-20 14:54:34.285000086,tgi_batch_next_tokens,http,10.128.2.18:3000,tgis-bam,fmaas-monitoring,llama3-mig3g-40gb,openshift-user-workload-monitoring/user-workload,0.999,tgis-bam,289.0211919261833
2024-05-20 14:54:39.285000086,tgi_batch_next_tokens,http,10.128.2.18:3000,tgis-bam,fmaas-monitoring,llama3-mig3g-40gb,openshift-user-workload-monitoring/user-workload,0.999,tgis-bam,289.0211919261833
2024-05-20 14:54:44.285000086,tgi_batch_next_tokens,http,10.128.2.18:3000,tgis-bam,fmaas-monitoring,llama3-mig3g-40gb,openshift-user-workload-monitoring/user-workload,0.999,tgis-bam,289.0211919261833
2024-05-20 14:54:49.285000086,tgi_batch_next_tokens,http,10.128.2.18:3000,tgis-bam,fmaas-monitoring,llama3-mig3g-40gb,openshift-user-workload-monitoring/user-workload,0.999,tgis-bam,81.0041193577915
2024-05-20 14:54:54.285000086,tgi_batch_next_tokens,http,10.128.2.18:3000,tgis-bam,fmaas-monitoring,llama3-mig3g-40gb,openshift-user-workload-monitoring/user-workload,0.999,tgis-bam,81.0041193577915
2024-05-20 14:54:59.285000086,tgi_batch_next_tokens,http,10.128.2.18:3000,tgis-bam,fmaas-monitoring,llama3-mig3g-40gb,openshift-user-workload-monitoring/user-workload,0.999,tgis-bam,81.0041193577915
2024-05-20 14:55:04.285000086,tgi_batch_next_tokens,http,10.128.2.18:3000,tgis-bam,fmaas-monitoring,llama3-mig3g-40gb,openshift-user-workload-monitoring/user-workload,0.999,tgis-bam,81.0041193577915
2024-05-20 14:55:09.285000086,tgi_batch_next_tokens,http,10.128.2.18:3000,tgis-bam,fmaas-monitoring,llama3-mig3g-40gb,openshift-user-workload-monitoring/user-workload,0.999,tgis-bam,66.00298768561115
2024-05-20 14:55:14.285000086,tgi_batch_next_tokens,http,10.128.2.18:3000,tgis-bam,fmaas-monitoring,llama3-mig3g-40gb,openshift-user-workload-monitoring/user-workload,0.999,tgis-bam,66.00298768561115
2024-05-20 14:55:19.285000086,tgi_batch_next_tokens,http,10.128.2.18:3000,tgis-bam,fmaas-monitoring,llama3-mig3g-40gb,openshift-user-workload-monitoring/user-workload,0.999,tgis-bam,66.00298768561115
2024-05-20 14:55:24.285000086,tgi_batch_next_tokens,http,10.128.2.18:3000,tgis-bam,fmaas-monitoring,llama3-mig3g-40gb,openshift-user-workload-monitoring/user-workload,0.999,tgis-bam,66.00298768561115
2024-05-20 14:55:29.285000086,tgi_batch_next_tokens,http,10.128.2.18:3000,tgis-bam,fmaas-monitoring,llama3-mig3g-40gb,openshift-user-workload-monitoring/user-workload,0.999,tgis-bam,81.0041193577915
2024-05-20 14:55:34.285000086,tgi_batch_next_tokens,http,10.128.2.18:3000,tgis-bam,fmaas-monitoring,llama3-mig3g-40gb,openshift-user-workload-monitoring/user-workload,0.999,tgis-bam,81.0041193577915
2024-05-20 14:55:39.285000086,tgi_batch_next_tokens,http,10.128.2.18:3000,tgis-bam,fmaas-monitoring,llama3-mig3g-40gb,openshift-user-workload-monitoring/user-workload,0.999,tgis-bam,81.0041193577915
2024-05-20 14:55:44.285000086,tgi_batch_next_tokens,http,10.128.2.18:3000,tgis-bam,fmaas-monitoring,llama3-mig3g-40gb,openshift-user-workload-monitoring/user-workload,0.999,tgis-bam,55.99710586500943
2024-05-20 14:55:49.285000086,tgi_batch_next_tokens,http,10.128.2.18:3000,tgis-bam,fmaas-monitoring,llama3-mig3g-40gb,openshift-user-workload-monitoring/user-workload,0.999,tgis-bam,55.99710586500943
2024-05-20 14:55:54.285000086,tgi_batch_next_tokens,http,10.128.2.18:3000,tgis-bam,fmaas-monitoring,llama3-mig3g-40gb,openshift-user-workload-monitoring/user-workload,0.999,tgis-bam,55.99710586500943
2024-05-20 14:55:59.285000086,tgi_batch_next_tokens,http,10.128.2.18:3000,tgis-bam,fmaas-monitoring,llama3-mig3g-40gb,openshift-user-workload-monitoring/user-workload,0.999,tgis-bam,55.99710586500943
2024-05-20 14:56:04.285000086,tgi_batch_next_tokens,http,10.128.2.18:3000,tgis-bam,fmaas-monitoring,llama3-mig3g-40gb,openshift-user-workload-monitoring/user-workload,0.999,tgis-bam,55.99710586500943
2024-05-20 14:56:09.285000086,tgi_batch_next_tokens,http,10.128.2.18:3000,tgis-bam,fmaas-monitoring,llama3-mig3g-40gb,openshift-user-workload-monitoring/user-workload,0.999,tgis-bam,55.99710586500943
2024-05-20 14:56:14.285000086,tgi_batch_next_tokens,http,10.128.2.18:3000,tgis-bam,fmaas-monitoring,llama3-mig3g-40gb,openshift-user-workload-monitoring/user-workload,0.999,tgis-bam,55.99710586500943
2024-05-20 14:56:19.285000086,tgi_batch_next_tokens,http,10.128.2.18:3000,tgis-bam,fmaas-monitoring,llama3-mig3g-40gb,openshift-user-workload-monitoring/user-workload,0.999,tgis-bam,55.99710586500943
2024-05-20 14:56:24.285000086,tgi_batch_next_tokens,http,10.128.2.18:3000,tgis-bam,fmaas-monitoring,llama3-mig3g-40gb,openshift-user-workload-monitoring/user-workload,0.999,tgis-bam,55.99710586500943
2024-05-20 14:56:29.285000086,tgi_batch_next_tokens,http,10.128.2.18:3000,tgis-bam,fmaas-monitoring,llama3-mig3g-40gb,openshift-user-workload-monitoring/user-workload,0.999,tgis-bam,15.000747062474648
2024-05-20 14:56:34.285000086,tgi_batch_next_tokens,http,10.128.2.18:3000,tgis-bam,fmaas-monitoring,llama3-mig3g-40gb,openshift-user-workload-monitoring/user-workload,0.999,tgis-bam,15.000747062474648
2024-05-20 14:56:39.289999962,tgi_batch_next_tokens,http,10.128.2.18:3000,tgis-bam,fmaas-monitoring,llama3-mig3g-40gb,openshift-user-workload-monitoring/user-workload,0.999,tgis-bam,287.9825862437092
2024-05-20 14:56:44.285000086,tgi_batch_next_tokens,http,10.128.2.18:3000,tgis-bam,fmaas-monitoring,llama3-mig3g-40gb,openshift-user-workload-monitoring/user-workload,0.999,tgis-bam,287.9825862437092
2024-05-20 14:56:49.285000086,tgi_batch_next_tokens,http,10.128.2.18:3000,tgis-bam,fmaas-monitoring,llama3-mig3g-40gb,openshift-user-workload-monitoring/user-workload,0.999,tgis-bam,15.000747062474648
2024-05-20 14:56:54.285000086,tgi_batch_next_tokens,http,10.128.2.18:3000,tgis-bam,fmaas-monitoring,llama3-mig3g-40gb,openshift-user-workload-monitoring/user-workload,0.999,tgis-bam,857.0532204216497
2024-05-20 14:56:59.285000086,tgi_batch_next_tokens,http,10.128.2.18:3000,tgis-bam,fmaas-monitoring,llama3-mig3g-40gb,openshift-user-workload-monitoring/user-workload,0.999,tgis-bam,857.0532204216497
2024-05-20 14:57:04.285000086,tgi_batch_next_tokens,http,10.128.2.18:3000,tgis-bam,fmaas-monitoring,llama3-mig3g-40gb,openshift-user-workload-monitoring/user-workload,0.999,tgis-bam,857.0532204216497
2024-05-20 14:57:09.285000086,tgi_batch_next_tokens,http,10.128.2.18:3000,tgis-bam,fmaas-monitoring,llama3-mig3g-40gb,openshift-user-workload-monitoring/user-workload,0.999,tgis-bam,857.0532204216497
2024-05-20 14:57:14.285000086,tgi_batch_next_tokens,http,10.128.2.18:3000,tgis-bam,fmaas-monitoring,llama3-mig3g-40gb,openshift-user-workload-monitoring/user-workload,0.999,tgis-bam,857.0532204216497
2024-05-20 14:57:19.285000086,tgi_batch_next_tokens,http,10.128.2.18:3000,tgis-bam,fmaas-monitoring,llama3-mig3g-40gb,openshift-user-workload-monitoring/user-workload,0.999,tgis-bam,857.0532204216497
2024-05-20 14:57:24.285000086,tgi_batch_next_tokens,http,10.128.2.18:3000,tgis-bam,fmaas-monitoring,llama3-mig3g-40gb,openshift-user-workload-monitoring/user-workload,0.999,tgis-bam,857.0532204216497
2024-05-20 14:57:29.285000086,tgi_batch_next_tokens,http,10.128.2.18:3000,tgis-bam,fmaas-monitoring,llama3-mig3g-40gb,openshift-user-workload-monitoring/user-workload,0.999,tgis-bam,3587.10239148458
2024-05-20 14:57:34.285000086,tgi_batch_next_tokens,http,10.128.2.18:3000,tgis-bam,fmaas-monitoring,llama3-mig3g-40gb,openshift-user-workload-monitoring/user-workload,0.999,tgis-bam,3587.10239148458
2024-05-20 14:57:39.285000086,tgi_batch_next_tokens,http,10.128.2.18:3000,tgis-bam,fmaas-monitoring,llama3-mig3g-40gb,openshift-user-workload-monitoring/user-workload,0.999,tgis-bam,3587.10239148458
2024-05-20 14:57:44.285000086,tgi_batch_next_tokens,http,10.128.2.18:3000,tgis-bam,fmaas-monitoring,llama3-mig3g-40gb,openshift-user-workload-monitoring/user-workload,0.999,tgis-bam,3587.10239148458
2024-05-20 14:57:49.285000086,tgi_batch_next_tokens,http,10.128.2.18:3000,tgis-bam,fmaas-monitoring,llama3-mig3g-40gb,openshift-user-workload-monitoring/user-workload,0.999,tgis-bam,6661.500405996675
2024-05-20 14:57:54.285000086,tgi_batch_next_tokens,http,10.128.2.18:3000,tgis-bam,fmaas-monitoring,llama3-mig3g-40gb,openshift-user-workload-monitoring/user-workload,0.999,tgis-bam,2401.1426830027244
2024-05-20 14:57:59.285000086,tgi_batch_next_tokens,http,10.128.2.18:3000,tgis-bam,fmaas-monitoring,llama3-mig3g-40gb,openshift-user-workload-monitoring/user-workload,0.999,tgis-bam,2401.1426830027244
2024-05-20 14:58:04.285000086,tgi_batch_next_tokens,http,10.128.2.18:3000,tgis-bam,fmaas-monitoring,llama3-mig3g-40gb,openshift-user-workload-monitoring/user-workload,0.999,tgis-bam,2893.1467268180854
2024-05-20 14:58:09.285000086,tgi_batch_next_tokens,http,10.128.2.18:3000,tgis-bam,fmaas-monitoring,llama3-mig3g-40gb,openshift-user-workload-monitoring/user-workload,0.999,tgis-bam,2893.1467268180854
2024-05-20 14:58:14.285000086,tgi_batch_next_tokens,http,10.128.2.18:3000,tgis-bam,fmaas-monitoring,llama3-mig3g-40gb,openshift-user-workload-monitoring/user-workload,0.999,tgis-bam,2893.1467268180854
2024-05-20 14:58:19.285000086,tgi_batch_next_tokens,http,10.128.2.18:3000,tgis-bam,fmaas-monitoring,llama3-mig3g-40gb,openshift-user-workload-monitoring/user-workload,0.999,tgis-bam,2893.1467268180854
2024-05-20 14:58:24.285000086,tgi_batch_next_tokens,http,10.128.2.18:3000,tgis-bam,fmaas-monitoring,llama3-mig3g-40gb,openshift-user-workload-monitoring/user-workload,0.999,tgis-bam,2893.1467268180854
2024-05-20 14:58:29.285000086,tgi_batch_next_tokens,http,10.128.2.18:3000,tgis-bam,fmaas-monitoring,llama3-mig3g-40gb,openshift-user-workload-monitoring/user-workload,0.999,tgis-bam,2401.1426830027244
2024-05-20 14:58:34.285000086,tgi_batch_next_tokens,http,10.128.2.18:3000,tgis-bam,fmaas-monitoring,llama3-mig3g-40gb,openshift-user-workload-monitoring/user-workload,0.999,tgis-bam,2401.1426830027244
2024-05-20 14:58:39.285000086,tgi_batch_next_tokens,http,10.128.2.18:3000,tgis-bam,fmaas-monitoring,llama3-mig3g-40gb,openshift-user-workload-monitoring/user-workload,0.999,tgis-bam,2401.1426830027244
2024-05-20 14:58:44.285000086,tgi_batch_next_tokens,http,10.128.2.18:3000,tgis-bam,fmaas-monitoring,llama3-mig3g-40gb,openshift-user-workload-monitoring/user-workload,0.999,tgis-bam,2403.0643657261326
2024-05-20 14:58:49.285000086,tgi_batch_next_tokens,http,10.128.2.18:3000,tgis-bam,fmaas-monitoring,llama3-mig3g-40gb,openshift-user-workload-monitoring/user-workload,0.999,tgis-bam,3835.672367820387
2024-05-20 14:58:54.285000086,tgi_batch_next_tokens,http,10.128.2.18:3000,tgis-bam,fmaas-monitoring,llama3-mig3g-40gb,openshift-user-workload-monitoring/user-workload,0.999,tgis-bam,4485.028024768993
2024-05-20 14:58:59.285000086,tgi_batch_next_tokens,http,10.128.2.18:3000,tgis-bam,fmaas-monitoring,llama3-mig3g-40gb,openshift-user-workload-monitoring/user-workload,0.999,tgis-bam,4875.120120867512
2024-05-20 14:59:04.285000086,tgi_batch_next_tokens,http,10.128.2.18:3000,tgis-bam,fmaas-monitoring,llama3-mig3g-40gb,openshift-user-workload-monitoring/user-workload,0.999,tgis-bam,4975.593920012197
2024-05-20 14:59:09.285000086,tgi_batch_next_tokens,http,10.128.2.18:3000,tgis-bam,fmaas-monitoring,llama3-mig3g-40gb,openshift-user-workload-monitoring/user-workload,0.999,tgis-bam,4975.593920012197
2024-05-20 14:59:14.285000086,tgi_batch_next_tokens,http,10.128.2.18:3000,tgis-bam,fmaas-monitoring,llama3-mig3g-40gb,openshift-user-workload-monitoring/user-workload,0.999,tgis-bam,4975.593920012197
2024-05-20 14:59:19.285000086,tgi_batch_next_tokens,http,10.128.2.18:3000,tgis-bam,fmaas-monitoring,llama3-mig3g-40gb,openshift-user-workload-monitoring/user-workload,0.999,tgis-bam,4975.593920012197
2024-05-20 14:59:24.285000086,tgi_batch_next_tokens,http,10.128.2.18:3000,tgis-bam,fmaas-monitoring,llama3-mig3g-40gb,openshift-user-workload-monitoring/user-workload,0.999,tgis-bam,4975.593920012197
2024-05-20 14:59:29.285000086,tgi_batch_next_tokens,http,10.128.2.18:3000,tgis-bam,fmaas-monitoring,llama3-mig3g-40gb,openshift-user-workload-monitoring/user-workload,0.999,tgis-bam,4975.593920012197
2024-05-20 14:59:34.285000086,tgi_batch_next_tokens,http,10.128.2.18:3000,tgis-bam,fmaas-monitoring,llama3-mig3g-40gb,openshift-user-workload-monitoring/user-workload,0.999,tgis-bam,4975.593920012197
2024-05-20 14:59:39.289000034,tgi_batch_next_tokens,http,10.128.2.18:3000,tgis-bam,fmaas-monitoring,llama3-mig3g-40gb,openshift-user-workload-monitoring/user-workload,0.999,tgis-bam,7764.3655421407975
2024-05-20 14:59:44.285000086,tgi_batch_next_tokens,http,10.128.2.18:3000,tgis-bam,fmaas-monitoring,llama3-mig3g-40gb,openshift-user-workload-monitoring/user-workload,0.999,tgis-bam,7999.225671836646
2024-05-20 14:59:49.285000086,tgi_batch_next_tokens,http,10.128.2.18:3000,tgis-bam,fmaas-monitoring,llama3-mig3g-40gb,openshift-user-workload-monitoring/user-workload,0.999,tgis-bam,7764.3655421407975
2024-05-20 14:59:54.285000086,tgi_batch_next_tokens,http,10.128.2.18:3000,tgis-bam,fmaas-monitoring,llama3-mig3g-40gb,openshift-user-workload-monitoring/user-workload,0.999,tgis-bam,7764.3655421407975
2024-05-20 14:59:59.285000086,tgi_batch_next_tokens,http,10.128.2.18:3000,tgis-bam,fmaas-monitoring,llama3-mig3g-40gb,openshift-user-workload-monitoring/user-workload,0.999,tgis-bam,7764.3655421407975
2024-05-20 15:00:04.285000086,tgi_batch_next_tokens,http,10.128.2.18:3000,tgis-bam,fmaas-monitoring,llama3-mig3g-40gb,openshift-user-workload-monitoring/user-workload,0.999,tgis-bam,7764.3655421407975
2024-05-20 15:00:09.285000086,tgi_batch_next_tokens,http,10.128.2.18:3000,tgis-bam,fmaas-monitoring,llama3-mig3g-40gb,openshift-user-workload-monitoring/user-workload,0.999,tgis-bam,7764.3655421407975
2024-05-20 15:00:14.285000086,tgi_batch_next_tokens,http,10.128.2.18:3000,tgis-bam,fmaas-monitoring,llama3-mig3g-40gb,openshift-user-workload-monitoring/user-workload,0.999,tgis-bam,7764.3655421407975
2024-05-20 15:00:19.302000046,tgi_batch_next_tokens,http,10.128.2.18:3000,tgis-bam,fmaas-monitoring,llama3-mig3g-40gb,openshift-user-workload-monitoring/user-workload,0.999,tgis-bam,7764.3655421407975
2024-05-20 15:00:24.285000086,tgi_batch_next_tokens,http,10.128.2.18:3000,tgis-bam,fmaas-monitoring,llama3-mig3g-40gb,openshift-user-workload-monitoring/user-workload,0.999,tgis-bam,7764.3655421407975
2024-05-20 15:00:29.285000086,tgi_batch_next_tokens,http,10.128.2.18:3000,tgis-bam,fmaas-monitoring,llama3-mig3g-40gb,openshift-user-workload-monitoring/user-workload,0.999,tgis-bam,4171.788095593668
2024-05-20 15:00:34.285000086,tgi_batch_next_tokens,http,10.128.2.18:3000,tgis-bam,fmaas-monitoring,llama3-mig3g-40gb,openshift-user-workload-monitoring/user-workload,0.999,tgis-bam,4171.788095593668
2024-05-20 15:00:39.285000086,tgi_batch_next_tokens,http,10.128.2.18:3000,tgis-bam,fmaas-monitoring,llama3-mig3g-40gb,openshift-user-workload-monitoring/user-workload,0.999,tgis-bam,5829.578765990354
2024-05-20 15:00:44.285000086,tgi_batch_next_tokens,http,10.128.2.18:3000,tgis-bam,fmaas-monitoring,llama3-mig3g-40gb,openshift-user-workload-monitoring/user-workload,0.999,tgis-bam,5973.570038063672
2024-05-20 15:00:49.285000086,tgi_batch_next_tokens,http,10.128.2.18:3000,tgis-bam,fmaas-monitoring,llama3-mig3g-40gb,openshift-user-workload-monitoring/user-workload,0.999,tgis-bam,5829.578765990354
2024-05-20 15:00:54.285000086,tgi_batch_next_tokens,http,10.128.2.18:3000,tgis-bam,fmaas-monitoring,llama3-mig3g-40gb,openshift-user-workload-monitoring/user-workload,0.999,tgis-bam,7668.681873866206
2024-05-20 15:00:59.285000086,tgi_batch_next_tokens,http,10.128.2.18:3000,tgis-bam,fmaas-monitoring,llama3-mig3g-40gb,openshift-user-workload-monitoring/user-workload,0.999,tgis-bam,7668.681873866206
2024-05-20 15:01:04.285000086,tgi_batch_next_tokens,http,10.128.2.18:3000,tgis-bam,fmaas-monitoring,llama3-mig3g-40gb,openshift-user-workload-monitoring/user-workload,0.999,tgis-bam,7668.681873866206
2024-05-20 15:01:09.285000086,tgi_batch_next_tokens,http,10.128.2.18:3000,tgis-bam,fmaas-monitoring,llama3-mig3g-40gb,openshift-user-workload-monitoring/user-workload,0.999,tgis-bam,7668.681873866206
2024-05-20 15:01:14.285000086,tgi_batch_next_tokens,http,10.128.2.18:3000,tgis-bam,fmaas-monitoring,llama3-mig3g-40gb,openshift-user-workload-monitoring/user-workload,0.999,tgis-bam,7668.681873866206
2024-05-20 15:01:19.285000086,tgi_batch_next_tokens,http,10.128.2.18:3000,tgis-bam,fmaas-monitoring,llama3-mig3g-40gb,openshift-user-workload-monitoring/user-workload,0.999,tgis-bam,7668.681873866206
2024-05-20 15:01:24.288000107,tgi_batch_next_tokens,http,10.128.2.18:3000,tgis-bam,fmaas-monitoring,llama3-mig3g-40gb,openshift-user-workload-monitoring/user-workload,0.999,tgis-bam,7668.681873866206
2024-05-20 15:01:29.285000086,tgi_batch_next_tokens,http,10.128.2.18:3000,tgis-bam,fmaas-monitoring,llama3-mig3g-40gb,openshift-user-workload-monitoring/user-workload,0.999,tgis-bam,5706.151165682745
2024-05-20 15:01:34.285000086,tgi_batch_next_tokens,http,10.128.2.18:3000,tgis-bam,fmaas-monitoring,llama3-mig3g-40gb,openshift-user-workload-monitoring/user-workload,0.999,tgis-bam,5706.151165682745
2024-05-20 15:01:39.296999931,tgi_batch_next_tokens,http,10.128.2.18:3000,tgis-bam,fmaas-monitoring,llama3-mig3g-40gb,openshift-user-workload-monitoring/user-workload,0.999,tgis-bam,5706.151165682745
2024-05-20 15:01:44.285000086,tgi_batch_next_tokens,http,10.128.2.18:3000,tgis-bam,fmaas-monitoring,llama3-mig3g-40gb,openshift-user-workload-monitoring/user-workload,0.999,tgis-bam,5706.151165682745
2024-05-20 15:01:49.285000086,tgi_batch_next_tokens,http,10.128.2.18:3000,tgis-bam,fmaas-monitoring,llama3-mig3g-40gb,openshift-user-workload-monitoring/user-workload,0.999,tgis-bam,3833.371654674995
2024-05-20 15:01:54.301000118,tgi_batch_next_tokens,http,10.128.2.18:3000,tgis-bam,fmaas-monitoring,llama3-mig3g-40gb,openshift-user-workload-monitoring/user-workload,0.999,tgis-bam,4708.383975703587
2024-05-20 15:01:59.332999945,tgi_batch_next_tokens,http,10.128.2.18:3000,tgis-bam,fmaas-monitoring,llama3-mig3g-40gb,openshift-user-workload-monitoring/user-workload,0.999,tgis-bam,5301.261147463609
2024-05-20 15:02:04.285000086,tgi_batch_next_tokens,http,10.128.2.18:3000,tgis-bam,fmaas-monitoring,llama3-mig3g-40gb,openshift-user-workload-monitoring/user-workload,0.999,tgis-bam,5301.261147463609
2024-05-20 15:02:09.285000086,tgi_batch_next_tokens,http,10.128.2.18:3000,tgis-bam,fmaas-monitoring,llama3-mig3g-40gb,openshift-user-workload-monitoring/user-workload,0.999,tgis-bam,5301.261147463609
2024-05-20 15:02:14.285000086,tgi_batch_next_tokens,http,10.128.2.18:3000,tgis-bam,fmaas-monitoring,llama3-mig3g-40gb,openshift-user-workload-monitoring/user-workload,0.999,tgis-bam,5301.261147463609
2024-05-20 15:02:19.285000086,tgi_batch_next_tokens,http,10.128.2.18:3000,tgis-bam,fmaas-monitoring,llama3-mig3g-40gb,openshift-user-workload-monitoring/user-workload,0.999,tgis-bam,5301.261147463609
2024-05-20 15:02:24.285000086,tgi_batch_next_tokens,http,10.128.2.18:3000,tgis-bam,fmaas-monitoring,llama3-mig3g-40gb,openshift-user-workload-monitoring/user-workload,0.999,tgis-bam,5301.261147463609
2024-05-20 15:02:29.285000086,tgi_batch_next_tokens,http,10.128.2.18:3000,tgis-bam,fmaas-monitoring,llama3-mig3g-40gb,openshift-user-workload-monitoring/user-workload,0.999,tgis-bam,5301.261147463609
2024-05-20 15:02:34.285000086,tgi_batch_next_tokens,http,10.128.2.18:3000,tgis-bam,fmaas-monitoring,llama3-mig3g-40gb,openshift-user-workload-monitoring/user-workload,0.999,tgis-bam,5301.261147463609
2024-05-20 15:02:39.285000086,tgi_batch_next_tokens,http,10.128.2.18:3000,tgis-bam,fmaas-monitoring,llama3-mig3g-40gb,openshift-user-workload-monitoring/user-workload,0.999,tgis-bam,5301.261147463609
2024-05-20 15:02:44.285000086,tgi_batch_next_tokens,http,10.128.2.18:3000,tgis-bam,fmaas-monitoring,llama3-mig3g-40gb,openshift-user-workload-monitoring/user-workload,0.999,tgis-bam,7145.942732168649
2024-05-20 15:02:49.285000086,tgi_batch_next_tokens,http,10.128.2.18:3000,tgis-bam,fmaas-monitoring,llama3-mig3g-40gb,openshift-user-workload-monitoring/user-workload,0.999,tgis-bam,5650.5040005448445
2024-05-20 15:02:54.285000086,tgi_batch_next_tokens,http,10.128.2.18:3000,tgis-bam,fmaas-monitoring,llama3-mig3g-40gb,openshift-user-workload-monitoring/user-workload,0.999,tgis-bam,6286.124506753658
2024-05-20 15:02:59.285000086,tgi_batch_next_tokens,http,10.128.2.18:3000,tgis-bam,fmaas-monitoring,llama3-mig3g-40gb,openshift-user-workload-monitoring/user-workload,0.999,tgis-bam,6286.124506753658
2024-05-20 15:03:04.285000086,tgi_batch_next_tokens,http,10.128.2.18:3000,tgis-bam,fmaas-monitoring,llama3-mig3g-40gb,openshift-user-workload-monitoring/user-workload,0.999,tgis-bam,6286.124506753658
2024-05-20 15:03:09.285000086,tgi_batch_next_tokens,http,10.128.2.18:3000,tgis-bam,fmaas-monitoring,llama3-mig3g-40gb,openshift-user-workload-monitoring/user-workload,0.999,tgis-bam,6286.124506753658
2024-05-20 15:03:14.285000086,tgi_batch_next_tokens,http,10.128.2.18:3000,tgis-bam,fmaas-monitoring,llama3-mig3g-40gb,openshift-user-workload-monitoring/user-workload,0.999,tgis-bam,6286.124506753658
2024-05-20 15:03:19.285000086,tgi_batch_next_tokens,http,10.128.2.18:3000,tgis-bam,fmaas-monitoring,llama3-mig3g-40gb,openshift-user-workload-monitoring/user-workload,0.999,tgis-bam,6286.124506753658
2024-05-20 15:03:24.285000086,tgi_batch_next_tokens,http,10.128.2.18:3000,tgis-bam,fmaas-monitoring,llama3-mig3g-40gb,openshift-user-workload-monitoring/user-workload,0.999,tgis-bam,6286.124506753658
2024-05-20 14:53:29.285000086,tgi_batch_next_tokens,http,10.128.2.18:3000,tgis-bam,fmaas-monitoring,llama3-mig3g-40gb,openshift-user-workload-monitoring/user-workload,1,tgis-bam,2916.0
2024-05-20 14:53:34.285000086,tgi_batch_next_tokens,http,10.128.2.18:3000,tgis-bam,fmaas-monitoring,llama3-mig3g-40gb,openshift-user-workload-monitoring/user-workload,1,tgis-bam,2916.0
2024-05-20 14:53:39.285000086,tgi_batch_next_tokens,http,10.128.2.18:3000,tgis-bam,fmaas-monitoring,llama3-mig3g-40gb,openshift-user-workload-monitoring/user-workload,1,tgis-bam,10872.0
2024-05-20 14:53:44.285000086,tgi_batch_next_tokens,http,10.128.2.18:3000,tgis-bam,fmaas-monitoring,llama3-mig3g-40gb,openshift-user-workload-monitoring/user-workload,1,tgis-bam,10872.0
2024-05-20 14:53:49.285000086,tgi_batch_next_tokens,http,10.128.2.18:3000,tgis-bam,fmaas-monitoring,llama3-mig3g-40gb,openshift-user-workload-monitoring/user-workload,1,tgis-bam,10872.0
2024-05-20 14:53:54.286999941,tgi_batch_next_tokens,http,10.128.2.18:3000,tgis-bam,fmaas-monitoring,llama3-mig3g-40gb,openshift-user-workload-monitoring/user-workload,1,tgis-bam,10872.0
2024-05-20 14:53:59.285000086,tgi_batch_next_tokens,http,10.128.2.18:3000,tgis-bam,fmaas-monitoring,llama3-mig3g-40gb,openshift-user-workload-monitoring/user-workload,1,tgis-bam,10872.0
2024-05-20 14:54:04.285000086,tgi_batch_next_tokens,http,10.128.2.18:3000,tgis-bam,fmaas-monitoring,llama3-mig3g-40gb,openshift-user-workload-monitoring/user-workload,1,tgis-bam,10872.0
2024-05-20 14:54:09.285000086,tgi_batch_next_tokens,http,10.128.2.18:3000,tgis-bam,fmaas-monitoring,llama3-mig3g-40gb,openshift-user-workload-monitoring/user-workload,1,tgis-bam,10872.0
2024-05-20 14:54:14.285000086,tgi_batch_next_tokens,http,10.128.2.18:3000,tgis-bam,fmaas-monitoring,llama3-mig3g-40gb,openshift-user-workload-monitoring/user-workload,1,tgis-bam,10872.0
2024-05-20 14:54:19.285000086,tgi_batch_next_tokens,http,10.128.2.18:3000,tgis-bam,fmaas-monitoring,llama3-mig3g-40gb,openshift-user-workload-monitoring/user-workload,1,tgis-bam,10872.0
2024-05-20 14:54:24.285000086,tgi_batch_next_tokens,http,10.128.2.18:3000,tgis-bam,fmaas-monitoring,llama3-mig3g-40gb,openshift-user-workload-monitoring/user-workload,1,tgis-bam,10872.0
2024-05-20 14:54:29.285000086,tgi_batch_next_tokens,http,10.128.2.18:3000,tgis-bam,fmaas-monitoring,llama3-mig3g-40gb,openshift-user-workload-monitoring/user-workload,1,tgis-bam,497.0
2024-05-20 14:54:34.285000086,tgi_batch_next_tokens,http,10.128.2.18:3000,tgis-bam,fmaas-monitoring,llama3-mig3g-40gb,openshift-user-workload-monitoring/user-workload,1,tgis-bam,497.0
2024-05-20 14:54:39.285000086,tgi_batch_next_tokens,http,10.128.2.18:3000,tgis-bam,fmaas-monitoring,llama3-mig3g-40gb,openshift-user-workload-monitoring/user-workload,1,tgis-bam,497.0
2024-05-20 14:54:44.285000086,tgi_batch_next_tokens,http,10.128.2.18:3000,tgis-bam,fmaas-monitoring,llama3-mig3g-40gb,openshift-user-workload-monitoring/user-workload,1,tgis-bam,497.0
2024-05-20 14:54:49.285000086,tgi_batch_next_tokens,http,10.128.2.18:3000,tgis-bam,fmaas-monitoring,llama3-mig3g-40gb,openshift-user-workload-monitoring/user-workload,1,tgis-bam,497.0
2024-05-20 14:54:54.285000086,tgi_batch_next_tokens,http,10.128.2.18:3000,tgis-bam,fmaas-monitoring,llama3-mig3g-40gb,openshift-user-workload-monitoring/user-workload,1,tgis-bam,497.0
2024-05-20 14:54:59.285000086,tgi_batch_next_tokens,http,10.128.2.18:3000,tgis-bam,fmaas-monitoring,llama3-mig3g-40gb,openshift-user-workload-monitoring/user-workload,1,tgis-bam,497.0
2024-05-20 14:55:04.285000086,tgi_batch_next_tokens,http,10.128.2.18:3000,tgis-bam,fmaas-monitoring,llama3-mig3g-40gb,openshift-user-workload-monitoring/user-workload,1,tgis-bam,497.0
2024-05-20 14:55:09.285000086,tgi_batch_next_tokens,http,10.128.2.18:3000,tgis-bam,fmaas-monitoring,llama3-mig3g-40gb,openshift-user-workload-monitoring/user-workload,1,tgis-bam,81.0
2024-05-20 14:55:14.285000086,tgi_batch_next_tokens,http,10.128.2.18:3000,tgis-bam,fmaas-monitoring,llama3-mig3g-40gb,openshift-user-workload-monitoring/user-workload,1,tgis-bam,81.0
2024-05-20 14:55:19.285000086,tgi_batch_next_tokens,http,10.128.2.18:3000,tgis-bam,fmaas-monitoring,llama3-mig3g-40gb,openshift-user-workload-monitoring/user-workload,1,tgis-bam,81.0
2024-05-20 14:55:24.285000086,tgi_batch_next_tokens,http,10.128.2.18:3000,tgis-bam,fmaas-monitoring,llama3-mig3g-40gb,openshift-user-workload-monitoring/user-workload,1,tgis-bam,81.0
2024-05-20 14:55:29.285000086,tgi_batch_next_tokens,http,10.128.2.18:3000,tgis-bam,fmaas-monitoring,llama3-mig3g-40gb,openshift-user-workload-monitoring/user-workload,1,tgis-bam,81.0
2024-05-20 14:55:34.285000086,tgi_batch_next_tokens,http,10.128.2.18:3000,tgis-bam,fmaas-monitoring,llama3-mig3g-40gb,openshift-user-workload-monitoring/user-workload,1,tgis-bam,81.0
2024-05-20 14:55:39.285000086,tgi_batch_next_tokens,http,10.128.2.18:3000,tgis-bam,fmaas-monitoring,llama3-mig3g-40gb,openshift-user-workload-monitoring/user-workload,1,tgis-bam,81.0
2024-05-20 14:55:44.285000086,tgi_batch_next_tokens,http,10.128.2.18:3000,tgis-bam,fmaas-monitoring,llama3-mig3g-40gb,openshift-user-workload-monitoring/user-workload,1,tgis-bam,81.0
2024-05-20 14:55:49.285000086,tgi_batch_next_tokens,http,10.128.2.18:3000,tgis-bam,fmaas-monitoring,llama3-mig3g-40gb,openshift-user-workload-monitoring/user-workload,1,tgis-bam,56.0
2024-05-20 14:55:54.285000086,tgi_batch_next_tokens,http,10.128.2.18:3000,tgis-bam,fmaas-monitoring,llama3-mig3g-40gb,openshift-user-workload-monitoring/user-workload,1,tgis-bam,56.0
2024-05-20 14:55:59.285000086,tgi_batch_next_tokens,http,10.128.2.18:3000,tgis-bam,fmaas-monitoring,llama3-mig3g-40gb,openshift-user-workload-monitoring/user-workload,1,tgis-bam,56.0
2024-05-20 14:56:04.285000086,tgi_batch_next_tokens,http,10.128.2.18:3000,tgis-bam,fmaas-monitoring,llama3-mig3g-40gb,openshift-user-workload-monitoring/user-workload,1,tgis-bam,56.0
2024-05-20 14:56:09.285000086,tgi_batch_next_tokens,http,10.128.2.18:3000,tgis-bam,fmaas-monitoring,llama3-mig3g-40gb,openshift-user-workload-monitoring/user-workload,1,tgis-bam,288.0
2024-05-20 14:56:14.285000086,tgi_batch_next_tokens,http,10.128.2.18:3000,tgis-bam,fmaas-monitoring,llama3-mig3g-40gb,openshift-user-workload-monitoring/user-workload,1,tgis-bam,288.0
2024-05-20 14:56:19.285000086,tgi_batch_next_tokens,http,10.128.2.18:3000,tgis-bam,fmaas-monitoring,llama3-mig3g-40gb,openshift-user-workload-monitoring/user-workload,1,tgis-bam,288.0
2024-05-20 14:56:24.285000086,tgi_batch_next_tokens,http,10.128.2.18:3000,tgis-bam,fmaas-monitoring,llama3-mig3g-40gb,openshift-user-workload-monitoring/user-workload,1,tgis-bam,288.0
2024-05-20 14:56:29.285000086,tgi_batch_next_tokens,http,10.128.2.18:3000,tgis-bam,fmaas-monitoring,llama3-mig3g-40gb,openshift-user-workload-monitoring/user-workload,1,tgis-bam,288.0
2024-05-20 14:56:34.285000086,tgi_batch_next_tokens,http,10.128.2.18:3000,tgis-bam,fmaas-monitoring,llama3-mig3g-40gb,openshift-user-workload-monitoring/user-workload,1,tgis-bam,288.0
2024-05-20 14:56:39.289999962,tgi_batch_next_tokens,http,10.128.2.18:3000,tgis-bam,fmaas-monitoring,llama3-mig3g-40gb,openshift-user-workload-monitoring/user-workload,1,tgis-bam,857.0
2024-05-20 14:56:44.285000086,tgi_batch_next_tokens,http,10.128.2.18:3000,tgis-bam,fmaas-monitoring,llama3-mig3g-40gb,openshift-user-workload-monitoring/user-workload,1,tgis-bam,857.0
2024-05-20 14:56:49.285000086,tgi_batch_next_tokens,http,10.128.2.18:3000,tgis-bam,fmaas-monitoring,llama3-mig3g-40gb,openshift-user-workload-monitoring/user-workload,1,tgis-bam,857.0
2024-05-20 14:56:54.285000086,tgi_batch_next_tokens,http,10.128.2.18:3000,tgis-bam,fmaas-monitoring,llama3-mig3g-40gb,openshift-user-workload-monitoring/user-workload,1,tgis-bam,3587.0
2024-05-20 14:56:59.285000086,tgi_batch_next_tokens,http,10.128.2.18:3000,tgis-bam,fmaas-monitoring,llama3-mig3g-40gb,openshift-user-workload-monitoring/user-workload,1,tgis-bam,3587.0
2024-05-20 14:57:04.285000086,tgi_batch_next_tokens,http,10.128.2.18:3000,tgis-bam,fmaas-monitoring,llama3-mig3g-40gb,openshift-user-workload-monitoring/user-workload,1,tgis-bam,3587.0
2024-05-20 14:57:09.285000086,tgi_batch_next_tokens,http,10.128.2.18:3000,tgis-bam,fmaas-monitoring,llama3-mig3g-40gb,openshift-user-workload-monitoring/user-workload,1,tgis-bam,3587.0
2024-05-20 14:57:14.285000086,tgi_batch_next_tokens,http,10.128.2.18:3000,tgis-bam,fmaas-monitoring,llama3-mig3g-40gb,openshift-user-workload-monitoring/user-workload,1,tgis-bam,3587.0
2024-05-20 14:57:19.285000086,tgi_batch_next_tokens,http,10.128.2.18:3000,tgis-bam,fmaas-monitoring,llama3-mig3g-40gb,openshift-user-workload-monitoring/user-workload,1,tgis-bam,3587.0
2024-05-20 14:57:24.285000086,tgi_batch_next_tokens,http,10.128.2.18:3000,tgis-bam,fmaas-monitoring,llama3-mig3g-40gb,openshift-user-workload-monitoring/user-workload,1,tgis-bam,3587.0
2024-05-20 14:57:29.285000086,tgi_batch_next_tokens,http,10.128.2.18:3000,tgis-bam,fmaas-monitoring,llama3-mig3g-40gb,openshift-user-workload-monitoring/user-workload,1,tgis-bam,3587.0
2024-05-20 14:57:34.285000086,tgi_batch_next_tokens,http,10.128.2.18:3000,tgis-bam,fmaas-monitoring,llama3-mig3g-40gb,openshift-user-workload-monitoring/user-workload,1,tgis-bam,3587.0
2024-05-20 14:57:39.285000086,tgi_batch_next_tokens,http,10.128.2.18:3000,tgis-bam,fmaas-monitoring,llama3-mig3g-40gb,openshift-user-workload-monitoring/user-workload,1,tgis-bam,3587.0
2024-05-20 14:57:44.285000086,tgi_batch_next_tokens,http,10.128.2.18:3000,tgis-bam,fmaas-monitoring,llama3-mig3g-40gb,openshift-user-workload-monitoring/user-workload,1,tgis-bam,6662.0
2024-05-20 14:57:49.285000086,tgi_batch_next_tokens,http,10.128.2.18:3000,tgis-bam,fmaas-monitoring,llama3-mig3g-40gb,openshift-user-workload-monitoring/user-workload,1,tgis-bam,6662.0
2024-05-20 14:57:54.285000086,tgi_batch_next_tokens,http,10.128.2.18:3000,tgis-bam,fmaas-monitoring,llama3-mig3g-40gb,openshift-user-workload-monitoring/user-workload,1,tgis-bam,6662.0
2024-05-20 14:57:59.285000086,tgi_batch_next_tokens,http,10.128.2.18:3000,tgis-bam,fmaas-monitoring,llama3-mig3g-40gb,openshift-user-workload-monitoring/user-workload,1,tgis-bam,6662.0
2024-05-20 14:58:04.285000086,tgi_batch_next_tokens,http,10.128.2.18:3000,tgis-bam,fmaas-monitoring,llama3-mig3g-40gb,openshift-user-workload-monitoring/user-workload,1,tgis-bam,6662.0
2024-05-20 14:58:09.285000086,tgi_batch_next_tokens,http,10.128.2.18:3000,tgis-bam,fmaas-monitoring,llama3-mig3g-40gb,openshift-user-workload-monitoring/user-workload,1,tgis-bam,6662.0
2024-05-20 14:58:14.285000086,tgi_batch_next_tokens,http,10.128.2.18:3000,tgis-bam,fmaas-monitoring,llama3-mig3g-40gb,openshift-user-workload-monitoring/user-workload,1,tgis-bam,6662.0
2024-05-20 14:58:19.285000086,tgi_batch_next_tokens,http,10.128.2.18:3000,tgis-bam,fmaas-monitoring,llama3-mig3g-40gb,openshift-user-workload-monitoring/user-workload,1,tgis-bam,6662.0
2024-05-20 14:58:24.285000086,tgi_batch_next_tokens,http,10.128.2.18:3000,tgis-bam,fmaas-monitoring,llama3-mig3g-40gb,openshift-user-workload-monitoring/user-workload,1,tgis-bam,6662.0
2024-05-20 14:58:29.285000086,tgi_batch_next_tokens,http,10.128.2.18:3000,tgis-bam,fmaas-monitoring,llama3-mig3g-40gb,openshift-user-workload-monitoring/user-workload,1,tgis-bam,2893.0
2024-05-20 14:58:34.285000086,tgi_batch_next_tokens,http,10.128.2.18:3000,tgis-bam,fmaas-monitoring,llama3-mig3g-40gb,openshift-user-workload-monitoring/user-workload,1,tgis-bam,2893.0
2024-05-20 14:58:39.285000086,tgi_batch_next_tokens,http,10.128.2.18:3000,tgis-bam,fmaas-monitoring,llama3-mig3g-40gb,openshift-user-workload-monitoring/user-workload,1,tgis-bam,2893.0
2024-05-20 14:58:44.285000086,tgi_batch_next_tokens,http,10.128.2.18:3000,tgis-bam,fmaas-monitoring,llama3-mig3g-40gb,openshift-user-workload-monitoring/user-workload,1,tgis-bam,2893.0
2024-05-20 14:58:49.285000086,tgi_batch_next_tokens,http,10.128.2.18:3000,tgis-bam,fmaas-monitoring,llama3-mig3g-40gb,openshift-user-workload-monitoring/user-workload,1,tgis-bam,4485.0
2024-05-20 14:58:54.285000086,tgi_batch_next_tokens,http,10.128.2.18:3000,tgis-bam,fmaas-monitoring,llama3-mig3g-40gb,openshift-user-workload-monitoring/user-workload,1,tgis-bam,4875.0
2024-05-20 14:58:59.285000086,tgi_batch_next_tokens,http,10.128.2.18:3000,tgis-bam,fmaas-monitoring,llama3-mig3g-40gb,openshift-user-workload-monitoring/user-workload,1,tgis-bam,5624.0
2024-05-20 14:59:04.285000086,tgi_batch_next_tokens,http,10.128.2.18:3000,tgis-bam,fmaas-monitoring,llama3-mig3g-40gb,openshift-user-workload-monitoring/user-workload,1,tgis-bam,5624.0
2024-05-20 14:59:09.285000086,tgi_batch_next_tokens,http,10.128.2.18:3000,tgis-bam,fmaas-monitoring,llama3-mig3g-40gb,openshift-user-workload-monitoring/user-workload,1,tgis-bam,5624.0
2024-05-20 14:59:14.285000086,tgi_batch_next_tokens,http,10.128.2.18:3000,tgis-bam,fmaas-monitoring,llama3-mig3g-40gb,openshift-user-workload-monitoring/user-workload,1,tgis-bam,5624.0
2024-05-20 14:59:19.285000086,tgi_batch_next_tokens,http,10.128.2.18:3000,tgis-bam,fmaas-monitoring,llama3-mig3g-40gb,openshift-user-workload-monitoring/user-workload,1,tgis-bam,5624.0
2024-05-20 14:59:24.285000086,tgi_batch_next_tokens,http,10.128.2.18:3000,tgis-bam,fmaas-monitoring,llama3-mig3g-40gb,openshift-user-workload-monitoring/user-workload,1,tgis-bam,5624.0
2024-05-20 14:59:29.285000086,tgi_batch_next_tokens,http,10.128.2.18:3000,tgis-bam,fmaas-monitoring,llama3-mig3g-40gb,openshift-user-workload-monitoring/user-workload,1,tgis-bam,5624.0
2024-05-20 14:59:34.285000086,tgi_batch_next_tokens,http,10.128.2.18:3000,tgis-bam,fmaas-monitoring,llama3-mig3g-40gb,openshift-user-workload-monitoring/user-workload,1,tgis-bam,5624.0
2024-05-20 14:59:39.289000034,tgi_batch_next_tokens,http,10.128.2.18:3000,tgis-bam,fmaas-monitoring,llama3-mig3g-40gb,openshift-user-workload-monitoring/user-workload,1,tgis-bam,7764.0
2024-05-20 14:59:44.285000086,tgi_batch_next_tokens,http,10.128.2.18:3000,tgis-bam,fmaas-monitoring,llama3-mig3g-40gb,openshift-user-workload-monitoring/user-workload,1,tgis-bam,8000.0
2024-05-20 14:59:49.285000086,tgi_batch_next_tokens,http,10.128.2.18:3000,tgis-bam,fmaas-monitoring,llama3-mig3g-40gb,openshift-user-workload-monitoring/user-workload,1,tgis-bam,8000.0
2024-05-20 14:59:54.285000086,tgi_batch_next_tokens,http,10.128.2.18:3000,tgis-bam,fmaas-monitoring,llama3-mig3g-40gb,openshift-user-workload-monitoring/user-workload,1,tgis-bam,8000.0
2024-05-20 14:59:59.285000086,tgi_batch_next_tokens,http,10.128.2.18:3000,tgis-bam,fmaas-monitoring,llama3-mig3g-40gb,openshift-user-workload-monitoring/user-workload,1,tgis-bam,8000.0
2024-05-20 15:00:04.285000086,tgi_batch_next_tokens,http,10.128.2.18:3000,tgis-bam,fmaas-monitoring,llama3-mig3g-40gb,openshift-user-workload-monitoring/user-workload,1,tgis-bam,8000.0
2024-05-20 15:00:09.285000086,tgi_batch_next_tokens,http,10.128.2.18:3000,tgis-bam,fmaas-monitoring,llama3-mig3g-40gb,openshift-user-workload-monitoring/user-workload,1,tgis-bam,8000.0
2024-05-20 15:00:14.285000086,tgi_batch_next_tokens,http,10.128.2.18:3000,tgis-bam,fmaas-monitoring,llama3-mig3g-40gb,openshift-user-workload-monitoring/user-workload,1,tgis-bam,8000.0
2024-05-20 15:00:19.302000046,tgi_batch_next_tokens,http,10.128.2.18:3000,tgis-bam,fmaas-monitoring,llama3-mig3g-40gb,openshift-user-workload-monitoring/user-workload,1,tgis-bam,8000.0
2024-05-20 15:00:24.285000086,tgi_batch_next_tokens,http,10.128.2.18:3000,tgis-bam,fmaas-monitoring,llama3-mig3g-40gb,openshift-user-workload-monitoring/user-workload,1,tgis-bam,8000.0
2024-05-20 15:00:29.285000086,tgi_batch_next_tokens,http,10.128.2.18:3000,tgis-bam,fmaas-monitoring,llama3-mig3g-40gb,openshift-user-workload-monitoring/user-workload,1,tgis-bam,5973.0
2024-05-20 15:00:34.285000086,tgi_batch_next_tokens,http,10.128.2.18:3000,tgis-bam,fmaas-monitoring,llama3-mig3g-40gb,openshift-user-workload-monitoring/user-workload,1,tgis-bam,5973.0
2024-05-20 15:00:39.285000086,tgi_batch_next_tokens,http,10.128.2.18:3000,tgis-bam,fmaas-monitoring,llama3-mig3g-40gb,openshift-user-workload-monitoring/user-workload,1,tgis-bam,5973.0
2024-05-20 15:00:44.285000086,tgi_batch_next_tokens,http,10.128.2.18:3000,tgis-bam,fmaas-monitoring,llama3-mig3g-40gb,openshift-user-workload-monitoring/user-workload,1,tgis-bam,7668.0
2024-05-20 15:00:49.285000086,tgi_batch_next_tokens,http,10.128.2.18:3000,tgis-bam,fmaas-monitoring,llama3-mig3g-40gb,openshift-user-workload-monitoring/user-workload,1,tgis-bam,7668.0
2024-05-20 15:00:54.285000086,tgi_batch_next_tokens,http,10.128.2.18:3000,tgis-bam,fmaas-monitoring,llama3-mig3g-40gb,openshift-user-workload-monitoring/user-workload,1,tgis-bam,7732.0
2024-05-20 15:00:59.285000086,tgi_batch_next_tokens,http,10.128.2.18:3000,tgis-bam,fmaas-monitoring,llama3-mig3g-40gb,openshift-user-workload-monitoring/user-workload,1,tgis-bam,7732.0
2024-05-20 15:01:04.285000086,tgi_batch_next_tokens,http,10.128.2.18:3000,tgis-bam,fmaas-monitoring,llama3-mig3g-40gb,openshift-user-workload-monitoring/user-workload,1,tgis-bam,7732.0
2024-05-20 15:01:09.285000086,tgi_batch_next_tokens,http,10.128.2.18:3000,tgis-bam,fmaas-monitoring,llama3-mig3g-40gb,openshift-user-workload-monitoring/user-workload,1,tgis-bam,7732.0
2024-05-20 15:01:14.285000086,tgi_batch_next_tokens,http,10.128.2.18:3000,tgis-bam,fmaas-monitoring,llama3-mig3g-40gb,openshift-user-workload-monitoring/user-workload,1,tgis-bam,7732.0
2024-05-20 15:01:19.285000086,tgi_batch_next_tokens,http,10.128.2.18:3000,tgis-bam,fmaas-monitoring,llama3-mig3g-40gb,openshift-user-workload-monitoring/user-workload,1,tgis-bam,7732.0
2024-05-20 15:01:24.288000107,tgi_batch_next_tokens,http,10.128.2.18:3000,tgis-bam,fmaas-monitoring,llama3-mig3g-40gb,openshift-user-workload-monitoring/user-workload,1,tgis-bam,7732.0
2024-05-20 15:01:29.285000086,tgi_batch_next_tokens,http,10.128.2.18:3000,tgis-bam,fmaas-monitoring,llama3-mig3g-40gb,openshift-user-workload-monitoring/user-workload,1,tgis-bam,7732.0
2024-05-20 15:01:34.285000086,tgi_batch_next_tokens,http,10.128.2.18:3000,tgis-bam,fmaas-monitoring,llama3-mig3g-40gb,openshift-user-workload-monitoring/user-workload,1,tgis-bam,7732.0
2024-05-20 15:01:39.296999931,tgi_batch_next_tokens,http,10.128.2.18:3000,tgis-bam,fmaas-monitoring,llama3-mig3g-40gb,openshift-user-workload-monitoring/user-workload,1,tgis-bam,7732.0
2024-05-20 15:01:44.285000086,tgi_batch_next_tokens,http,10.128.2.18:3000,tgis-bam,fmaas-monitoring,llama3-mig3g-40gb,openshift-user-workload-monitoring/user-workload,1,tgis-bam,7732.0
2024-05-20 15:01:49.285000086,tgi_batch_next_tokens,http,10.128.2.18:3000,tgis-bam,fmaas-monitoring,llama3-mig3g-40gb,openshift-user-workload-monitoring/user-workload,1,tgis-bam,4708.0
2024-05-20 15:01:54.301000118,tgi_batch_next_tokens,http,10.128.2.18:3000,tgis-bam,fmaas-monitoring,llama3-mig3g-40gb,openshift-user-workload-monitoring/user-workload,1,tgis-bam,7146.0
2024-05-20 15:01:59.332999945,tgi_batch_next_tokens,http,10.128.2.18:3000,tgis-bam,fmaas-monitoring,llama3-mig3g-40gb,openshift-user-workload-monitoring/user-workload,1,tgis-bam,7146.0
2024-05-20 15:02:04.285000086,tgi_batch_next_tokens,http,10.128.2.18:3000,tgis-bam,fmaas-monitoring,llama3-mig3g-40gb,openshift-user-workload-monitoring/user-workload,1,tgis-bam,7146.0
2024-05-20 15:02:09.285000086,tgi_batch_next_tokens,http,10.128.2.18:3000,tgis-bam,fmaas-monitoring,llama3-mig3g-40gb,openshift-user-workload-monitoring/user-workload,1,tgis-bam,7146.0
2024-05-20 15:02:14.285000086,tgi_batch_next_tokens,http,10.128.2.18:3000,tgis-bam,fmaas-monitoring,llama3-mig3g-40gb,openshift-user-workload-monitoring/user-workload,1,tgis-bam,7146.0
2024-05-20 15:02:19.285000086,tgi_batch_next_tokens,http,10.128.2.18:3000,tgis-bam,fmaas-monitoring,llama3-mig3g-40gb,openshift-user-workload-monitoring/user-workload,1,tgis-bam,7146.0
2024-05-20 15:02:24.285000086,tgi_batch_next_tokens,http,10.128.2.18:3000,tgis-bam,fmaas-monitoring,llama3-mig3g-40gb,openshift-user-workload-monitoring/user-workload,1,tgis-bam,7146.0
2024-05-20 15:02:29.285000086,tgi_batch_next_tokens,http,10.128.2.18:3000,tgis-bam,fmaas-monitoring,llama3-mig3g-40gb,openshift-user-workload-monitoring/user-workload,1,tgis-bam,7146.0
2024-05-20 15:02:34.285000086,tgi_batch_next_tokens,http,10.128.2.18:3000,tgis-bam,fmaas-monitoring,llama3-mig3g-40gb,openshift-user-workload-monitoring/user-workload,1,tgis-bam,7146.0
2024-05-20 15:02:39.285000086,tgi_batch_next_tokens,http,10.128.2.18:3000,tgis-bam,fmaas-monitoring,llama3-mig3g-40gb,openshift-user-workload-monitoring/user-workload,1,tgis-bam,7146.0
2024-05-20 15:02:44.285000086,tgi_batch_next_tokens,http,10.128.2.18:3000,tgis-bam,fmaas-monitoring,llama3-mig3g-40gb,openshift-user-workload-monitoring/user-workload,1,tgis-bam,7580.0
2024-05-20 15:02:49.285000086,tgi_batch_next_tokens,http,10.128.2.18:3000,tgis-bam,fmaas-monitoring,llama3-mig3g-40gb,openshift-user-workload-monitoring/user-workload,1,tgis-bam,7580.0
2024-05-20 15:02:54.285000086,tgi_batch_next_tokens,http,10.128.2.18:3000,tgis-bam,fmaas-monitoring,llama3-mig3g-40gb,openshift-user-workload-monitoring/user-workload,1,tgis-bam,7580.0
2024-05-20 15:02:59.285000086,tgi_batch_next_tokens,http,10.128.2.18:3000,tgis-bam,fmaas-monitoring,llama3-mig3g-40gb,openshift-user-workload-monitoring/user-workload,1,tgis-bam,7580.0
2024-05-20 15:03:04.285000086,tgi_batch_next_tokens,http,10.128.2.18:3000,tgis-bam,fmaas-monitoring,llama3-mig3g-40gb,openshift-user-workload-monitoring/user-workload,1,tgis-bam,7580.0
2024-05-20 15:03:09.285000086,tgi_batch_next_tokens,http,10.128.2.18:3000,tgis-bam,fmaas-monitoring,llama3-mig3g-40gb,openshift-user-workload-monitoring/user-workload,1,tgis-bam,7580.0
2024-05-20 15:03:14.285000086,tgi_batch_next_tokens,http,10.128.2.18:3000,tgis-bam,fmaas-monitoring,llama3-mig3g-40gb,openshift-user-workload-monitoring/user-workload,1,tgis-bam,7580.0
2024-05-20 15:03:19.285000086,tgi_batch_next_tokens,http,10.128.2.18:3000,tgis-bam,fmaas-monitoring,llama3-mig3g-40gb,openshift-user-workload-monitoring/user-workload,1,tgis-bam,7580.0
2024-05-20 15:03:24.285000086,tgi_batch_next_tokens,http,10.128.2.18:3000,tgis-bam,fmaas-monitoring,llama3-mig3g-40gb,openshift-user-workload-monitoring/user-workload,1,tgis-bam,7580.0
2024-05-20 15:03:29.285000086,tgi_batch_next_tokens,http,10.128.2.18:3000,tgis-bam,fmaas-monitoring,llama3-mig3g-40gb,openshift-user-workload-monitoring/user-workload,0,tgis-bam,11.0
2024-05-20 15:03:34.285000086,tgi_batch_next_tokens,http,10.128.2.18:3000,tgis-bam,fmaas-monitoring,llama3-mig3g-40gb,openshift-user-workload-monitoring/user-workload,0,tgis-bam,11.0
2024-05-20 15:03:39.285000086,tgi_batch_next_tokens,http,10.128.2.18:3000,tgis-bam,fmaas-monitoring,llama3-mig3g-40gb,openshift-user-workload-monitoring/user-workload,0,tgis-bam,11.0
2024-05-20 15:03:44.285000086,tgi_batch_next_tokens,http,10.128.2.18:3000,tgis-bam,fmaas-monitoring,llama3-mig3g-40gb,openshift-user-workload-monitoring/user-workload,0,tgis-bam,11.0
2024-05-20 15:03:49.285000086,tgi_batch_next_tokens,http,10.128.2.18:3000,tgis-bam,fmaas-monitoring,llama3-mig3g-40gb,openshift-user-workload-monitoring/user-workload,0,tgis-bam,16.0
2024-05-20 15:03:54.285000086,tgi_batch_next_tokens,http,10.128.2.18:3000,tgis-bam,fmaas-monitoring,llama3-mig3g-40gb,openshift-user-workload-monitoring/user-workload,0,tgis-bam,16.0
2024-05-20 15:03:59.296000004,tgi_batch_next_tokens,http,10.128.2.18:3000,tgis-bam,fmaas-monitoring,llama3-mig3g-40gb,openshift-user-workload-monitoring/user-workload,0,tgis-bam,16.0
2024-05-20 15:04:04.285000086,tgi_batch_next_tokens,http,10.128.2.18:3000,tgis-bam,fmaas-monitoring,llama3-mig3g-40gb,openshift-user-workload-monitoring/user-workload,0,tgis-bam,16.0
2024-05-20 15:04:09.285000086,tgi_batch_next_tokens,http,10.128.2.18:3000,tgis-bam,fmaas-monitoring,llama3-mig3g-40gb,openshift-user-workload-monitoring/user-workload,0,tgis-bam,16.0
2024-05-20 15:04:14.285000086,tgi_batch_next_tokens,http,10.128.2.18:3000,tgis-bam,fmaas-monitoring,llama3-mig3g-40gb,openshift-user-workload-monitoring/user-workload,0,tgis-bam,16.0
2024-05-20 15:04:19.285000086,tgi_batch_next_tokens,http,10.128.2.18:3000,tgis-bam,fmaas-monitoring,llama3-mig3g-40gb,openshift-user-workload-monitoring/user-workload,0,tgis-bam,16.0
2024-05-20 15:04:24.285000086,tgi_batch_next_tokens,http,10.128.2.18:3000,tgis-bam,fmaas-monitoring,llama3-mig3g-40gb,openshift-user-workload-monitoring/user-workload,0,tgis-bam,16.0
2024-05-20 15:04:29.285000086,tgi_batch_next_tokens,http,10.128.2.18:3000,tgis-bam,fmaas-monitoring,llama3-mig3g-40gb,openshift-user-workload-monitoring/user-workload,0,tgis-bam,98.0
2024-05-20 15:04:34.285000086,tgi_batch_next_tokens,http,10.128.2.18:3000,tgis-bam,fmaas-monitoring,llama3-mig3g-40gb,openshift-user-workload-monitoring/user-workload,0,tgis-bam,98.0
2024-05-20 15:04:39.285000086,tgi_batch_next_tokens,http,10.128.2.18:3000,tgis-bam,fmaas-monitoring,llama3-mig3g-40gb,openshift-user-workload-monitoring/user-workload,0,tgis-bam,20.0
2024-05-20 15:04:44.285000086,tgi_batch_next_tokens,http,10.128.2.18:3000,tgis-bam,fmaas-monitoring,llama3-mig3g-40gb,openshift-user-workload-monitoring/user-workload,0,tgis-bam,20.0
2024-05-20 15:04:49.285000086,tgi_batch_next_tokens,http,10.128.2.18:3000,tgis-bam,fmaas-monitoring,llama3-mig3g-40gb,openshift-user-workload-monitoring/user-workload,0,tgis-bam,16.0
2024-05-20 15:04:54.285000086,tgi_batch_next_tokens,http,10.128.2.18:3000,tgis-bam,fmaas-monitoring,llama3-mig3g-40gb,openshift-user-workload-monitoring/user-workload,0,tgis-bam,16.0
2024-05-20 15:04:59.285000086,tgi_batch_next_tokens,http,10.128.2.18:3000,tgis-bam,fmaas-monitoring,llama3-mig3g-40gb,openshift-user-workload-monitoring/user-workload,0,tgis-bam,16.0
2024-05-20 15:05:04.285000086,tgi_batch_next_tokens,http,10.128.2.18:3000,tgis-bam,fmaas-monitoring,llama3-mig3g-40gb,openshift-user-workload-monitoring/user-workload,0,tgis-bam,16.0
2024-05-20 15:05:09.285000086,tgi_batch_next_tokens,http,10.128.2.18:3000,tgis-bam,fmaas-monitoring,llama3-mig3g-40gb,openshift-user-workload-monitoring/user-workload,0,tgis-bam,16.0
2024-05-20 15:05:14.285000086,tgi_batch_next_tokens,http,10.128.2.18:3000,tgis-bam,fmaas-monitoring,llama3-mig3g-40gb,openshift-user-workload-monitoring/user-workload,0,tgis-bam,16.0
2024-05-20 15:05:19.285000086,tgi_batch_next_tokens,http,10.128.2.18:3000,tgis-bam,fmaas-monitoring,llama3-mig3g-40gb,openshift-user-workload-monitoring/user-workload,0,tgis-bam,16.0
2024-05-20 15:05:24.285000086,tgi_batch_next_tokens,http,10.128.2.18:3000,tgis-bam,fmaas-monitoring,llama3-mig3g-40gb,openshift-user-workload-monitoring/user-workload,0,tgis-bam,16.0
2024-05-20 15:05:29.285000086,tgi_batch_next_tokens,http,10.128.2.18:3000,tgis-bam,fmaas-monitoring,llama3-mig3g-40gb,openshift-user-workload-monitoring/user-workload,0,tgis-bam,76.0
2024-05-20 15:05:34.285000086,tgi_batch_next_tokens,http,10.128.2.18:3000,tgis-bam,fmaas-monitoring,llama3-mig3g-40gb,openshift-user-workload-monitoring/user-workload,0,tgis-bam,76.0
2024-05-20 15:05:39.289000034,tgi_batch_next_tokens,http,10.128.2.18:3000,tgis-bam,fmaas-monitoring,llama3-mig3g-40gb,openshift-user-workload-monitoring/user-workload,0,tgis-bam,76.0
2024-05-20 15:05:44.285000086,tgi_batch_next_tokens,http,10.128.2.18:3000,tgis-bam,fmaas-monitoring,llama3-mig3g-40gb,openshift-user-workload-monitoring/user-workload,0,tgis-bam,18.0
2024-05-20 15:05:49.285000086,tgi_batch_next_tokens,http,10.128.2.18:3000,tgis-bam,fmaas-monitoring,llama3-mig3g-40gb,openshift-user-workload-monitoring/user-workload,0,tgis-bam,18.0
2024-05-20 15:05:54.285000086,tgi_batch_next_tokens,http,10.128.2.18:3000,tgis-bam,fmaas-monitoring,llama3-mig3g-40gb,openshift-user-workload-monitoring/user-workload,0,tgis-bam,18.0
2024-05-20 15:05:59.306999922,tgi_batch_next_tokens,http,10.128.2.18:3000,tgis-bam,fmaas-monitoring,llama3-mig3g-40gb,openshift-user-workload-monitoring/user-workload,0,tgis-bam,18.0
2024-05-20 15:06:04.285000086,tgi_batch_next_tokens,http,10.128.2.18:3000,tgis-bam,fmaas-monitoring,llama3-mig3g-40gb,openshift-user-workload-monitoring/user-workload,0,tgis-bam,18.0
2024-05-20 15:06:09.285000086,tgi_batch_next_tokens,http,10.128.2.18:3000,tgis-bam,fmaas-monitoring,llama3-mig3g-40gb,openshift-user-workload-monitoring/user-workload,0,tgis-bam,18.0
2024-05-20 15:06:14.285000086,tgi_batch_next_tokens,http,10.128.2.18:3000,tgis-bam,fmaas-monitoring,llama3-mig3g-40gb,openshift-user-workload-monitoring/user-workload,0,tgis-bam,18.0
2024-05-20 15:06:19.285000086,tgi_batch_next_tokens,http,10.128.2.18:3000,tgis-bam,fmaas-monitoring,llama3-mig3g-40gb,openshift-user-workload-monitoring/user-workload,0,tgis-bam,18.0
2024-05-20 15:06:24.285000086,tgi_batch_next_tokens,http,10.128.2.18:3000,tgis-bam,fmaas-monitoring,llama3-mig3g-40gb,openshift-user-workload-monitoring/user-workload,0,tgis-bam,18.0
2024-05-20 15:06:29.285000086,tgi_batch_next_tokens,http,10.128.2.18:3000,tgis-bam,fmaas-monitoring,llama3-mig3g-40gb,openshift-user-workload-monitoring/user-workload,0,tgis-bam,40.0
2024-05-20 15:06:34.285000086,tgi_batch_next_tokens,http,10.128.2.18:3000,tgis-bam,fmaas-monitoring,llama3-mig3g-40gb,openshift-user-workload-monitoring/user-workload,0,tgis-bam,40.0
2024-05-20 15:06:39.285000086,tgi_batch_next_tokens,http,10.128.2.18:3000,tgis-bam,fmaas-monitoring,llama3-mig3g-40gb,openshift-user-workload-monitoring/user-workload,0,tgis-bam,40.0
2024-05-20 15:06:44.285000086,tgi_batch_next_tokens,http,10.128.2.18:3000,tgis-bam,fmaas-monitoring,llama3-mig3g-40gb,openshift-user-workload-monitoring/user-workload,0,tgis-bam,40.0
2024-05-20 15:06:49.285000086,tgi_batch_next_tokens,http,10.128.2.18:3000,tgis-bam,fmaas-monitoring,llama3-mig3g-40gb,openshift-user-workload-monitoring/user-workload,0,tgis-bam,55.0
2024-05-20 15:06:54.285000086,tgi_batch_next_tokens,http,10.128.2.18:3000,tgis-bam,fmaas-monitoring,llama3-mig3g-40gb,openshift-user-workload-monitoring/user-workload,0,tgis-bam,55.0
2024-05-20 15:06:59.285000086,tgi_batch_next_tokens,http,10.128.2.18:3000,tgis-bam,fmaas-monitoring,llama3-mig3g-40gb,openshift-user-workload-monitoring/user-workload,0,tgis-bam,55.0
2024-05-20 15:07:04.285000086,tgi_batch_next_tokens,http,10.128.2.18:3000,tgis-bam,fmaas-monitoring,llama3-mig3g-40gb,openshift-user-workload-monitoring/user-workload,0,tgis-bam,55.0
2024-05-20 15:07:09.285000086,tgi_batch_next_tokens,http,10.128.2.18:3000,tgis-bam,fmaas-monitoring,llama3-mig3g-40gb,openshift-user-workload-monitoring/user-workload,0,tgis-bam,55.0
2024-05-20 15:07:14.285000086,tgi_batch_next_tokens,http,10.128.2.18:3000,tgis-bam,fmaas-monitoring,llama3-mig3g-40gb,openshift-user-workload-monitoring/user-workload,0,tgis-bam,55.0
2024-05-20 15:07:19.285000086,tgi_batch_next_tokens,http,10.128.2.18:3000,tgis-bam,fmaas-monitoring,llama3-mig3g-40gb,openshift-user-workload-monitoring/user-workload,0,tgis-bam,55.0
2024-05-20 15:07:24.285000086,tgi_batch_next_tokens,http,10.128.2.18:3000,tgis-bam,fmaas-monitoring,llama3-mig3g-40gb,openshift-user-workload-monitoring/user-workload,0,tgis-bam,55.0
2024-05-20 15:07:29.285000086,tgi_batch_next_tokens,http,10.128.2.18:3000,tgis-bam,fmaas-monitoring,llama3-mig3g-40gb,openshift-user-workload-monitoring/user-workload,0,tgis-bam,86.0
2024-05-20 15:07:34.285000086,tgi_batch_next_tokens,http,10.128.2.18:3000,tgis-bam,fmaas-monitoring,llama3-mig3g-40gb,openshift-user-workload-monitoring/user-workload,0,tgis-bam,86.0
2024-05-20 15:07:39.285000086,tgi_batch_next_tokens,http,10.128.2.18:3000,tgis-bam,fmaas-monitoring,llama3-mig3g-40gb,openshift-user-workload-monitoring/user-workload,0,tgis-bam,28.0
2024-05-20 15:07:44.285000086,tgi_batch_next_tokens,http,10.128.2.18:3000,tgis-bam,fmaas-monitoring,llama3-mig3g-40gb,openshift-user-workload-monitoring/user-workload,0,tgis-bam,28.0
2024-05-20 15:07:49.285000086,tgi_batch_next_tokens,http,10.128.2.18:3000,tgis-bam,fmaas-monitoring,llama3-mig3g-40gb,openshift-user-workload-monitoring/user-workload,0,tgis-bam,28.0
2024-05-20 15:07:54.285000086,tgi_batch_next_tokens,http,10.128.2.18:3000,tgis-bam,fmaas-monitoring,llama3-mig3g-40gb,openshift-user-workload-monitoring/user-workload,0,tgis-bam,28.0
2024-05-20 15:07:59.285000086,tgi_batch_next_tokens,http,10.128.2.18:3000,tgis-bam,fmaas-monitoring,llama3-mig3g-40gb,openshift-user-workload-monitoring/user-workload,0,tgis-bam,28.0
2024-05-20 15:08:04.285000086,tgi_batch_next_tokens,http,10.128.2.18:3000,tgis-bam,fmaas-monitoring,llama3-mig3g-40gb,openshift-user-workload-monitoring/user-workload,0,tgis-bam,28.0
2024-05-20 15:08:09.285000086,tgi_batch_next_tokens,http,10.128.2.18:3000,tgis-bam,fmaas-monitoring,llama3-mig3g-40gb,openshift-user-workload-monitoring/user-workload,0,tgis-bam,28.0
2024-05-20 15:08:14.285000086,tgi_batch_next_tokens,http,10.128.2.18:3000,tgis-bam,fmaas-monitoring,llama3-mig3g-40gb,openshift-user-workload-monitoring/user-workload,0,tgis-bam,28.0
2024-05-20 15:08:19.375000000,tgi_batch_next_tokens,http,10.128.2.18:3000,tgis-bam,fmaas-monitoring,llama3-mig3g-40gb,openshift-user-workload-monitoring/user-workload,0,tgis-bam,28.0
2024-05-20 15:08:24.285000086,tgi_batch_next_tokens,http,10.128.2.18:3000,tgis-bam,fmaas-monitoring,llama3-mig3g-40gb,openshift-user-workload-monitoring/user-workload,0,tgis-bam,28.0
2024-05-20 15:08:29.285000086,tgi_batch_next_tokens,http,10.128.2.18:3000,tgis-bam,fmaas-monitoring,llama3-mig3g-40gb,openshift-user-workload-monitoring/user-workload,0,tgis-bam,40.0
2024-05-20 15:08:34.285000086,tgi_batch_next_tokens,http,10.128.2.18:3000,tgis-bam,fmaas-monitoring,llama3-mig3g-40gb,openshift-user-workload-monitoring/user-workload,0,tgis-bam,40.0
2024-05-20 15:08:39.285000086,tgi_batch_next_tokens,http,10.128.2.18:3000,tgis-bam,fmaas-monitoring,llama3-mig3g-40gb,openshift-user-workload-monitoring/user-workload,0,tgis-bam,40.0
2024-05-20 15:08:44.285000086,tgi_batch_next_tokens,http,10.128.2.18:3000,tgis-bam,fmaas-monitoring,llama3-mig3g-40gb,openshift-user-workload-monitoring/user-workload,0,tgis-bam,40.0
2024-05-20 15:08:49.285000086,tgi_batch_next_tokens,http,10.128.2.18:3000,tgis-bam,fmaas-monitoring,llama3-mig3g-40gb,openshift-user-workload-monitoring/user-workload,0,tgis-bam,50.0
2024-05-20 15:08:54.303999901,tgi_batch_next_tokens,http,10.128.2.18:3000,tgis-bam,fmaas-monitoring,llama3-mig3g-40gb,openshift-user-workload-monitoring/user-workload,0,tgis-bam,17.0
2024-05-20 15:08:59.285000086,tgi_batch_next_tokens,http,10.128.2.18:3000,tgis-bam,fmaas-monitoring,llama3-mig3g-40gb,openshift-user-workload-monitoring/user-workload,0,tgis-bam,17.0
2024-05-20 15:09:04.285000086,tgi_batch_next_tokens,http,10.128.2.18:3000,tgis-bam,fmaas-monitoring,llama3-mig3g-40gb,openshift-user-workload-monitoring/user-workload,0,tgis-bam,17.0
2024-05-20 15:09:09.285000086,tgi_batch_next_tokens,http,10.128.2.18:3000,tgis-bam,fmaas-monitoring,llama3-mig3g-40gb,openshift-user-workload-monitoring/user-workload,0,tgis-bam,17.0
2024-05-20 15:09:14.285000086,tgi_batch_next_tokens,http,10.128.2.18:3000,tgis-bam,fmaas-monitoring,llama3-mig3g-40gb,openshift-user-workload-monitoring/user-workload,0,tgis-bam,17.0
2024-05-20 15:09:19.285000086,tgi_batch_next_tokens,http,10.128.2.18:3000,tgis-bam,fmaas-monitoring,llama3-mig3g-40gb,openshift-user-workload-monitoring/user-workload,0,tgis-bam,17.0
2024-05-20 15:09:24.285000086,tgi_batch_next_tokens,http,10.128.2.18:3000,tgis-bam,fmaas-monitoring,llama3-mig3g-40gb,openshift-user-workload-monitoring/user-workload,0,tgis-bam,17.0
2024-05-20 15:09:29.285000086,tgi_batch_next_tokens,http,10.128.2.18:3000,tgis-bam,fmaas-monitoring,llama3-mig3g-40gb,openshift-user-workload-monitoring/user-workload,0,tgis-bam,17.0
2024-05-20 15:09:34.285000086,tgi_batch_next_tokens,http,10.128.2.18:3000,tgis-bam,fmaas-monitoring,llama3-mig3g-40gb,openshift-user-workload-monitoring/user-workload,0,tgis-bam,17.0
2024-05-20 15:09:39.285000086,tgi_batch_next_tokens,http,10.128.2.18:3000,tgis-bam,fmaas-monitoring,llama3-mig3g-40gb,openshift-user-workload-monitoring/user-workload,0,tgis-bam,17.0
2024-05-20 15:09:44.285000086,tgi_batch_next_tokens,http,10.128.2.18:3000,tgis-bam,fmaas-monitoring,llama3-mig3g-40gb,openshift-user-workload-monitoring/user-workload,0,tgis-bam,15.0
2024-05-20 15:09:49.285000086,tgi_batch_next_tokens,http,10.128.2.18:3000,tgis-bam,fmaas-monitoring,llama3-mig3g-40gb,openshift-user-workload-monitoring/user-workload,0,tgis-bam,15.0
2024-05-20 15:09:54.285000086,tgi_batch_next_tokens,http,10.128.2.18:3000,tgis-bam,fmaas-monitoring,llama3-mig3g-40gb,openshift-user-workload-monitoring/user-workload,0,tgis-bam,15.0
2024-05-20 15:09:59.285000086,tgi_batch_next_tokens,http,10.128.2.18:3000,tgis-bam,fmaas-monitoring,llama3-mig3g-40gb,openshift-user-workload-monitoring/user-workload,0,tgis-bam,15.0
2024-05-20 15:10:04.285000086,tgi_batch_next_tokens,http,10.128.2.18:3000,tgis-bam,fmaas-monitoring,llama3-mig3g-40gb,openshift-user-workload-monitoring/user-workload,0,tgis-bam,15.0
2024-05-20 15:10:09.285000086,tgi_batch_next_tokens,http,10.128.2.18:3000,tgis-bam,fmaas-monitoring,llama3-mig3g-40gb,openshift-user-workload-monitoring/user-workload,0,tgis-bam,14.0
2024-05-20 15:10:14.289999962,tgi_batch_next_tokens,http,10.128.2.18:3000,tgis-bam,fmaas-monitoring,llama3-mig3g-40gb,openshift-user-workload-monitoring/user-workload,0,tgis-bam,14.0
2024-05-20 15:10:19.285000086,tgi_batch_next_tokens,http,10.128.2.18:3000,tgis-bam,fmaas-monitoring,llama3-mig3g-40gb,openshift-user-workload-monitoring/user-workload,0,tgis-bam,14.0
2024-05-20 15:10:24.285000086,tgi_batch_next_tokens,http,10.128.2.18:3000,tgis-bam,fmaas-monitoring,llama3-mig3g-40gb,openshift-user-workload-monitoring/user-workload,0,tgis-bam,14.0
2024-05-20 15:10:29.285000086,tgi_batch_next_tokens,http,10.128.2.18:3000,tgis-bam,fmaas-monitoring,llama3-mig3g-40gb,openshift-user-workload-monitoring/user-workload,0,tgis-bam,14.0
2024-05-20 15:10:34.285000086,tgi_batch_next_tokens,http,10.128.2.18:3000,tgis-bam,fmaas-monitoring,llama3-mig3g-40gb,openshift-user-workload-monitoring/user-workload,0,tgis-bam,14.0
2024-05-20 15:10:39.285000086,tgi_batch_next_tokens,http,10.128.2.18:3000,tgis-bam,fmaas-monitoring,llama3-mig3g-40gb,openshift-user-workload-monitoring/user-workload,0,tgis-bam,14.0
2024-05-20 15:10:44.285000086,tgi_batch_next_tokens,http,10.128.2.18:3000,tgis-bam,fmaas-monitoring,llama3-mig3g-40gb,openshift-user-workload-monitoring/user-workload,0,tgis-bam,14.0
2024-05-20 15:10:49.285000086,tgi_batch_next_tokens,http,10.128.2.18:3000,tgis-bam,fmaas-monitoring,llama3-mig3g-40gb,openshift-user-workload-monitoring/user-workload,0,tgis-bam,144.0
2024-05-20 15:10:54.285000086,tgi_batch_next_tokens,http,10.128.2.18:3000,tgis-bam,fmaas-monitoring,llama3-mig3g-40gb,openshift-user-workload-monitoring/user-workload,0,tgis-bam,24.0
2024-05-20 15:10:59.285000086,tgi_batch_next_tokens,http,10.128.2.18:3000,tgis-bam,fmaas-monitoring,llama3-mig3g-40gb,openshift-user-workload-monitoring/user-workload,0,tgis-bam,24.0
2024-05-20 15:11:04.285000086,tgi_batch_next_tokens,http,10.128.2.18:3000,tgis-bam,fmaas-monitoring,llama3-mig3g-40gb,openshift-user-workload-monitoring/user-workload,0,tgis-bam,18.0
2024-05-20 15:11:09.285000086,tgi_batch_next_tokens,http,10.128.2.18:3000,tgis-bam,fmaas-monitoring,llama3-mig3g-40gb,openshift-user-workload-monitoring/user-workload,0,tgis-bam,18.0
2024-05-20 15:11:14.285000086,tgi_batch_next_tokens,http,10.128.2.18:3000,tgis-bam,fmaas-monitoring,llama3-mig3g-40gb,openshift-user-workload-monitoring/user-workload,0,tgis-bam,18.0
2024-05-20 15:11:19.285000086,tgi_batch_next_tokens,http,10.128.2.18:3000,tgis-bam,fmaas-monitoring,llama3-mig3g-40gb,openshift-user-workload-monitoring/user-workload,0,tgis-bam,18.0
2024-05-20 15:11:24.285000086,tgi_batch_next_tokens,http,10.128.2.18:3000,tgis-bam,fmaas-monitoring,llama3-mig3g-40gb,openshift-user-workload-monitoring/user-workload,0,tgis-bam,18.0
2024-05-20 15:11:29.285000086,tgi_batch_next_tokens,http,10.128.2.18:3000,tgis-bam,fmaas-monitoring,llama3-mig3g-40gb,openshift-user-workload-monitoring/user-workload,0,tgis-bam,18.0
2024-05-20 15:11:34.285000086,tgi_batch_next_tokens,http,10.128.2.18:3000,tgis-bam,fmaas-monitoring,llama3-mig3g-40gb,openshift-user-workload-monitoring/user-workload,0,tgis-bam,18.0
2024-05-20 15:11:39.285000086,tgi_batch_next_tokens,http,10.128.2.18:3000,tgis-bam,fmaas-monitoring,llama3-mig3g-40gb,openshift-user-workload-monitoring/user-workload,0,tgis-bam,18.0
2024-05-20 15:11:44.285000086,tgi_batch_next_tokens,http,10.128.2.18:3000,tgis-bam,fmaas-monitoring,llama3-mig3g-40gb,openshift-user-workload-monitoring/user-workload,0,tgis-bam,18.0
2024-05-20 15:11:49.285000086,tgi_batch_next_tokens,http,10.128.2.18:3000,tgis-bam,fmaas-monitoring,llama3-mig3g-40gb,openshift-user-workload-monitoring/user-workload,0,tgis-bam,18.0
2024-05-20 15:11:54.285000086,tgi_batch_next_tokens,http,10.128.2.18:3000,tgis-bam,fmaas-monitoring,llama3-mig3g-40gb,openshift-user-workload-monitoring/user-workload,0,tgis-bam,18.0
2024-05-20 15:11:59.285000086,tgi_batch_next_tokens,http,10.128.2.18:3000,tgis-bam,fmaas-monitoring,llama3-mig3g-40gb,openshift-user-workload-monitoring/user-workload,0,tgis-bam,18.0
2024-05-20 15:12:04.285000086,tgi_batch_next_tokens,http,10.128.2.18:3000,tgis-bam,fmaas-monitoring,llama3-mig3g-40gb,openshift-user-workload-monitoring/user-workload,0,tgis-bam,18.0
2024-05-20 15:12:09.285000086,tgi_batch_next_tokens,http,10.128.2.18:3000,tgis-bam,fmaas-monitoring,llama3-mig3g-40gb,openshift-user-workload-monitoring/user-workload,0,tgis-bam,18.0
2024-05-20 15:12:14.285000086,tgi_batch_next_tokens,http,10.128.2.18:3000,tgis-bam,fmaas-monitoring,llama3-mig3g-40gb,openshift-user-workload-monitoring/user-workload,0,tgis-bam,18.0
2024-05-20 15:12:19.285000086,tgi_batch_next_tokens,http,10.128.2.18:3000,tgis-bam,fmaas-monitoring,llama3-mig3g-40gb,openshift-user-workload-monitoring/user-workload,0,tgis-bam,18.0
2024-05-20 15:12:24.285000086,tgi_batch_next_tokens,http,10.128.2.18:3000,tgis-bam,fmaas-monitoring,llama3-mig3g-40gb,openshift-user-workload-monitoring/user-workload,0,tgis-bam,18.0
2024-05-20 15:12:29.285000086,tgi_batch_next_tokens,http,10.128.2.18:3000,tgis-bam,fmaas-monitoring,llama3-mig3g-40gb,openshift-user-workload-monitoring/user-workload,0,tgis-bam,28.0
2024-05-20 15:12:34.285000086,tgi_batch_next_tokens,http,10.128.2.18:3000,tgis-bam,fmaas-monitoring,llama3-mig3g-40gb,openshift-user-workload-monitoring/user-workload,0,tgis-bam,15.0
2024-05-20 15:12:39.285000086,tgi_batch_next_tokens,http,10.128.2.18:3000,tgis-bam,fmaas-monitoring,llama3-mig3g-40gb,openshift-user-workload-monitoring/user-workload,0,tgis-bam,15.0
2024-05-20 15:12:44.285000086,tgi_batch_next_tokens,http,10.128.2.18:3000,tgis-bam,fmaas-monitoring,llama3-mig3g-40gb,openshift-user-workload-monitoring/user-workload,0,tgis-bam,15.0
2024-05-20 15:12:49.285000086,tgi_batch_next_tokens,http,10.128.2.18:3000,tgis-bam,fmaas-monitoring,llama3-mig3g-40gb,openshift-user-workload-monitoring/user-workload,0,tgis-bam,15.0
2024-05-20 15:12:54.285000086,tgi_batch_next_tokens,http,10.128.2.18:3000,tgis-bam,fmaas-monitoring,llama3-mig3g-40gb,openshift-user-workload-monitoring/user-workload,0,tgis-bam,15.0
2024-05-20 15:12:59.285000086,tgi_batch_next_tokens,http,10.128.2.18:3000,tgis-bam,fmaas-monitoring,llama3-mig3g-40gb,openshift-user-workload-monitoring/user-workload,0,tgis-bam,15.0
2024-05-20 15:13:04.285000086,tgi_batch_next_tokens,http,10.128.2.18:3000,tgis-bam,fmaas-monitoring,llama3-mig3g-40gb,openshift-user-workload-monitoring/user-workload,0,tgis-bam,15.0
2024-05-20 15:13:09.285000086,tgi_batch_next_tokens,http,10.128.2.18:3000,tgis-bam,fmaas-monitoring,llama3-mig3g-40gb,openshift-user-workload-monitoring/user-workload,0,tgis-bam,15.0
2024-05-20 15:13:14.285000086,tgi_batch_next_tokens,http,10.128.2.18:3000,tgis-bam,fmaas-monitoring,llama3-mig3g-40gb,openshift-user-workload-monitoring/user-workload,0,tgis-bam,15.0
2024-05-20 15:13:19.285000086,tgi_batch_next_tokens,http,10.128.2.18:3000,tgis-bam,fmaas-monitoring,llama3-mig3g-40gb,openshift-user-workload-monitoring/user-workload,0,tgis-bam,15.0
2024-05-20 15:13:24.285000086,tgi_batch_next_tokens,http,10.128.2.18:3000,tgis-bam,fmaas-monitoring,llama3-mig3g-40gb,openshift-user-workload-monitoring/user-workload,0,tgis-bam,15.0
2024-05-20 15:03:29.285000086,tgi_batch_next_tokens,http,10.128.2.18:3000,tgis-bam,fmaas-monitoring,llama3-mig3g-40gb,openshift-user-workload-monitoring/user-workload,0.5,tgis-bam,1007.9763822530779
2024-05-20 15:03:34.285000086,tgi_batch_next_tokens,http,10.128.2.18:3000,tgis-bam,fmaas-monitoring,llama3-mig3g-40gb,openshift-user-workload-monitoring/user-workload,0.5,tgis-bam,1146.0769234832433
2024-05-20 15:03:39.285000086,tgi_batch_next_tokens,http,10.128.2.18:3000,tgis-bam,fmaas-monitoring,llama3-mig3g-40gb,openshift-user-workload-monitoring/user-workload,0.5,tgis-bam,1146.0769234832433
2024-05-20 15:03:44.285000086,tgi_batch_next_tokens,http,10.128.2.18:3000,tgis-bam,fmaas-monitoring,llama3-mig3g-40gb,openshift-user-workload-monitoring/user-workload,0.5,tgis-bam,1146.0769234832433
2024-05-20 15:03:49.285000086,tgi_batch_next_tokens,http,10.128.2.18:3000,tgis-bam,fmaas-monitoring,llama3-mig3g-40gb,openshift-user-workload-monitoring/user-workload,0.5,tgis-bam,1428.0997868629165
2024-05-20 15:03:54.285000086,tgi_batch_next_tokens,http,10.128.2.18:3000,tgis-bam,fmaas-monitoring,llama3-mig3g-40gb,openshift-user-workload-monitoring/user-workload,0.5,tgis-bam,1405.9943011997757
2024-05-20 15:03:59.296000004,tgi_batch_next_tokens,http,10.128.2.18:3000,tgis-bam,fmaas-monitoring,llama3-mig3g-40gb,openshift-user-workload-monitoring/user-workload,0.5,tgis-bam,1366.079201521105
2024-05-20 15:04:04.285000086,tgi_batch_next_tokens,http,10.128.2.18:3000,tgis-bam,fmaas-monitoring,llama3-mig3g-40gb,openshift-user-workload-monitoring/user-workload,0.5,tgis-bam,1278.0618361280315
2024-05-20 15:04:09.285000086,tgi_batch_next_tokens,http,10.128.2.18:3000,tgis-bam,fmaas-monitoring,llama3-mig3g-40gb,openshift-user-workload-monitoring/user-workload,0.5,tgis-bam,1366.079201521105
2024-05-20 15:04:14.285000086,tgi_batch_next_tokens,http,10.128.2.18:3000,tgis-bam,fmaas-monitoring,llama3-mig3g-40gb,openshift-user-workload-monitoring/user-workload,0.5,tgis-bam,1366.079201521105
2024-05-20 15:04:19.285000086,tgi_batch_next_tokens,http,10.128.2.18:3000,tgis-bam,fmaas-monitoring,llama3-mig3g-40gb,openshift-user-workload-monitoring/user-workload,0.5,tgis-bam,1366.079201521105
2024-05-20 15:04:24.285000086,tgi_batch_next_tokens,http,10.128.2.18:3000,tgis-bam,fmaas-monitoring,llama3-mig3g-40gb,openshift-user-workload-monitoring/user-workload,0.5,tgis-bam,1366.079201521105
2024-05-20 15:04:29.285000086,tgi_batch_next_tokens,http,10.128.2.18:3000,tgis-bam,fmaas-monitoring,llama3-mig3g-40gb,openshift-user-workload-monitoring/user-workload,0.5,tgis-bam,1278.0618361280315
2024-05-20 15:04:34.285000086,tgi_batch_next_tokens,http,10.128.2.18:3000,tgis-bam,fmaas-monitoring,llama3-mig3g-40gb,openshift-user-workload-monitoring/user-workload,0.5,tgis-bam,1278.0618361280315
2024-05-20 15:04:39.285000086,tgi_batch_next_tokens,http,10.128.2.18:3000,tgis-bam,fmaas-monitoring,llama3-mig3g-40gb,openshift-user-workload-monitoring/user-workload,0.5,tgis-bam,687.9388937596157
2024-05-20 15:04:44.285000086,tgi_batch_next_tokens,http,10.128.2.18:3000,tgis-bam,fmaas-monitoring,llama3-mig3g-40gb,openshift-user-workload-monitoring/user-workload,0.5,tgis-bam,1278.0618361280315
2024-05-20 15:04:49.285000086,tgi_batch_next_tokens,http,10.128.2.18:3000,tgis-bam,fmaas-monitoring,llama3-mig3g-40gb,openshift-user-workload-monitoring/user-workload,0.5,tgis-bam,662.9502944128055
2024-05-20 15:04:54.285000086,tgi_batch_next_tokens,http,10.128.2.18:3000,tgis-bam,fmaas-monitoring,llama3-mig3g-40gb,openshift-user-workload-monitoring/user-workload,0.5,tgis-bam,1432.1040696592643
2024-05-20 15:04:59.285000086,tgi_batch_next_tokens,http,10.128.2.18:3000,tgis-bam,fmaas-monitoring,llama3-mig3g-40gb,openshift-user-workload-monitoring/user-workload,0.5,tgis-bam,1354.1104442779733
2024-05-20 15:05:04.285000086,tgi_batch_next_tokens,http,10.128.2.18:3000,tgis-bam,fmaas-monitoring,llama3-mig3g-40gb,openshift-user-workload-monitoring/user-workload,0.5,tgis-bam,1314.879123295228
2024-05-20 15:05:09.285000086,tgi_batch_next_tokens,http,10.128.2.18:3000,tgis-bam,fmaas-monitoring,llama3-mig3g-40gb,openshift-user-workload-monitoring/user-workload,0.5,tgis-bam,1314.879123295228
2024-05-20 15:05:14.285000086,tgi_batch_next_tokens,http,10.128.2.18:3000,tgis-bam,fmaas-monitoring,llama3-mig3g-40gb,openshift-user-workload-monitoring/user-workload,0.5,tgis-bam,1314.879123295228
2024-05-20 15:05:19.285000086,tgi_batch_next_tokens,http,10.128.2.18:3000,tgis-bam,fmaas-monitoring,llama3-mig3g-40gb,openshift-user-workload-monitoring/user-workload,0.5,tgis-bam,1314.879123295228
2024-05-20 15:05:24.285000086,tgi_batch_next_tokens,http,10.128.2.18:3000,tgis-bam,fmaas-monitoring,llama3-mig3g-40gb,openshift-user-workload-monitoring/user-workload,0.5,tgis-bam,1314.879123295228
2024-05-20 15:05:29.285000086,tgi_batch_next_tokens,http,10.128.2.18:3000,tgis-bam,fmaas-monitoring,llama3-mig3g-40gb,openshift-user-workload-monitoring/user-workload,0.5,tgis-bam,1314.879123295228
2024-05-20 15:05:34.285000086,tgi_batch_next_tokens,http,10.128.2.18:3000,tgis-bam,fmaas-monitoring,llama3-mig3g-40gb,openshift-user-workload-monitoring/user-workload,0.5,tgis-bam,1193.0878038750761
2024-05-20 15:05:39.289000034,tgi_batch_next_tokens,http,10.128.2.18:3000,tgis-bam,fmaas-monitoring,llama3-mig3g-40gb,openshift-user-workload-monitoring/user-workload,0.5,tgis-bam,1314.879123295228
2024-05-20 15:05:44.285000086,tgi_batch_next_tokens,http,10.128.2.18:3000,tgis-bam,fmaas-monitoring,llama3-mig3g-40gb,openshift-user-workload-monitoring/user-workload,0.5,tgis-bam,1314.879123295228
2024-05-20 15:05:49.285000086,tgi_batch_next_tokens,http,10.128.2.18:3000,tgis-bam,fmaas-monitoring,llama3-mig3g-40gb,openshift-user-workload-monitoring/user-workload,0.5,tgis-bam,2431.1022176058423
2024-05-20 15:05:54.285000086,tgi_batch_next_tokens,http,10.128.2.18:3000,tgis-bam,fmaas-monitoring,llama3-mig3g-40gb,openshift-user-workload-monitoring/user-workload,0.5,tgis-bam,1057.962342001764
2024-05-20 15:05:59.306999922,tgi_batch_next_tokens,http,10.128.2.18:3000,tgis-bam,fmaas-monitoring,llama3-mig3g-40gb,openshift-user-workload-monitoring/user-workload,0.5,tgis-bam,2308.8388638850993
2024-05-20 15:06:04.285000086,tgi_batch_next_tokens,http,10.128.2.18:3000,tgis-bam,fmaas-monitoring,llama3-mig3g-40gb,openshift-user-workload-monitoring/user-workload,0.5,tgis-bam,2308.8388638850993
2024-05-20 15:06:09.285000086,tgi_batch_next_tokens,http,10.128.2.18:3000,tgis-bam,fmaas-monitoring,llama3-mig3g-40gb,openshift-user-workload-monitoring/user-workload,0.5,tgis-bam,2308.8388638850993
2024-05-20 15:06:14.285000086,tgi_batch_next_tokens,http,10.128.2.18:3000,tgis-bam,fmaas-monitoring,llama3-mig3g-40gb,openshift-user-workload-monitoring/user-workload,0.5,tgis-bam,2308.8388638850993
2024-05-20 15:06:19.285000086,tgi_batch_next_tokens,http,10.128.2.18:3000,tgis-bam,fmaas-monitoring,llama3-mig3g-40gb,openshift-user-workload-monitoring/user-workload,0.5,tgis-bam,2308.8388638850993
2024-05-20 15:06:24.285000086,tgi_batch_next_tokens,http,10.128.2.18:3000,tgis-bam,fmaas-monitoring,llama3-mig3g-40gb,openshift-user-workload-monitoring/user-workload,0.5,tgis-bam,2308.8388638850993
2024-05-20 15:06:29.285000086,tgi_batch_next_tokens,http,10.128.2.18:3000,tgis-bam,fmaas-monitoring,llama3-mig3g-40gb,openshift-user-workload-monitoring/user-workload,0.5,tgis-bam,1557.9093162469303
2024-05-20 15:06:34.285000086,tgi_batch_next_tokens,http,10.128.2.18:3000,tgis-bam,fmaas-monitoring,llama3-mig3g-40gb,openshift-user-workload-monitoring/user-workload,0.5,tgis-bam,1557.9093162469303
2024-05-20 15:06:39.285000086,tgi_batch_next_tokens,http,10.128.2.18:3000,tgis-bam,fmaas-monitoring,llama3-mig3g-40gb,openshift-user-workload-monitoring/user-workload,0.5,tgis-bam,1557.9093162469303
2024-05-20 15:06:44.285000086,tgi_batch_next_tokens,http,10.128.2.18:3000,tgis-bam,fmaas-monitoring,llama3-mig3g-40gb,openshift-user-workload-monitoring/user-workload,0.5,tgis-bam,1144.0158405452398
2024-05-20 15:06:49.285000086,tgi_batch_next_tokens,http,10.128.2.18:3000,tgis-bam,fmaas-monitoring,llama3-mig3g-40gb,openshift-user-workload-monitoring/user-workload,0.5,tgis-bam,919.9322423834973
2024-05-20 15:06:54.285000086,tgi_batch_next_tokens,http,10.128.2.18:3000,tgis-bam,fmaas-monitoring,llama3-mig3g-40gb,openshift-user-workload-monitoring/user-workload,0.5,tgis-bam,1144.0158405452398
2024-05-20 15:06:59.285000086,tgi_batch_next_tokens,http,10.128.2.18:3000,tgis-bam,fmaas-monitoring,llama3-mig3g-40gb,openshift-user-workload-monitoring/user-workload,0.5,tgis-bam,1144.0158405452398
2024-05-20 15:07:04.285000086,tgi_batch_next_tokens,http,10.128.2.18:3000,tgis-bam,fmaas-monitoring,llama3-mig3g-40gb,openshift-user-workload-monitoring/user-workload,0.5,tgis-bam,1144.0158405452398
2024-05-20 15:07:09.285000086,tgi_batch_next_tokens,http,10.128.2.18:3000,tgis-bam,fmaas-monitoring,llama3-mig3g-40gb,openshift-user-workload-monitoring/user-workload,0.5,tgis-bam,1294.008467736162
2024-05-20 15:07:14.285000086,tgi_batch_next_tokens,http,10.128.2.18:3000,tgis-bam,fmaas-monitoring,llama3-mig3g-40gb,openshift-user-workload-monitoring/user-workload,0.5,tgis-bam,1294.008467736162
2024-05-20 15:07:19.285000086,tgi_batch_next_tokens,http,10.128.2.18:3000,tgis-bam,fmaas-monitoring,llama3-mig3g-40gb,openshift-user-workload-monitoring/user-workload,0.5,tgis-bam,1294.008467736162
2024-05-20 15:07:24.285000086,tgi_batch_next_tokens,http,10.128.2.18:3000,tgis-bam,fmaas-monitoring,llama3-mig3g-40gb,openshift-user-workload-monitoring/user-workload,0.5,tgis-bam,1294.008467736162
2024-05-20 15:07:29.285000086,tgi_batch_next_tokens,http,10.128.2.18:3000,tgis-bam,fmaas-monitoring,llama3-mig3g-40gb,openshift-user-workload-monitoring/user-workload,0.5,tgis-bam,1443.8956022817133
2024-05-20 15:07:34.285000086,tgi_batch_next_tokens,http,10.128.2.18:3000,tgis-bam,fmaas-monitoring,llama3-mig3g-40gb,openshift-user-workload-monitoring/user-workload,0.5,tgis-bam,2537.9197315778674
2024-05-20 15:07:39.285000086,tgi_batch_next_tokens,http,10.128.2.18:3000,tgis-bam,fmaas-monitoring,llama3-mig3g-40gb,openshift-user-workload-monitoring/user-workload,0.5,tgis-bam,1089.9640775598439
2024-05-20 15:07:44.285000086,tgi_batch_next_tokens,http,10.128.2.18:3000,tgis-bam,fmaas-monitoring,llama3-mig3g-40gb,openshift-user-workload-monitoring/user-workload,0.5,tgis-bam,1443.8956022817133
2024-05-20 15:07:49.285000086,tgi_batch_next_tokens,http,10.128.2.18:3000,tgis-bam,fmaas-monitoring,llama3-mig3g-40gb,openshift-user-workload-monitoring/user-workload,0.5,tgis-bam,753.0261967838524
2024-05-20 15:07:54.285000086,tgi_batch_next_tokens,http,10.128.2.18:3000,tgis-bam,fmaas-monitoring,llama3-mig3g-40gb,openshift-user-workload-monitoring/user-workload,0.5,tgis-bam,753.0261967838524
2024-05-20 15:07:59.285000086,tgi_batch_next_tokens,http,10.128.2.18:3000,tgis-bam,fmaas-monitoring,llama3-mig3g-40gb,openshift-user-workload-monitoring/user-workload,0.5,tgis-bam,806.0131175958425
2024-05-20 15:08:04.285000086,tgi_batch_next_tokens,http,10.128.2.18:3000,tgis-bam,fmaas-monitoring,llama3-mig3g-40gb,openshift-user-workload-monitoring/user-workload,0.5,tgis-bam,1870.0118002303525
2024-05-20 15:08:09.285000086,tgi_batch_next_tokens,http,10.128.2.18:3000,tgis-bam,fmaas-monitoring,llama3-mig3g-40gb,openshift-user-workload-monitoring/user-workload,0.5,tgis-bam,806.0131175958425
2024-05-20 15:08:14.285000086,tgi_batch_next_tokens,http,10.128.2.18:3000,tgis-bam,fmaas-monitoring,llama3-mig3g-40gb,openshift-user-workload-monitoring/user-workload,0.5,tgis-bam,806.0131175958425
2024-05-20 15:08:19.375000000,tgi_batch_next_tokens,http,10.128.2.18:3000,tgis-bam,fmaas-monitoring,llama3-mig3g-40gb,openshift-user-workload-monitoring/user-workload,0.5,tgis-bam,806.0131175958425
2024-05-20 15:08:24.285000086,tgi_batch_next_tokens,http,10.128.2.18:3000,tgis-bam,fmaas-monitoring,llama3-mig3g-40gb,openshift-user-workload-monitoring/user-workload,0.5,tgis-bam,806.0131175958425
2024-05-20 15:08:29.285000086,tgi_batch_next_tokens,http,10.128.2.18:3000,tgis-bam,fmaas-monitoring,llama3-mig3g-40gb,openshift-user-workload-monitoring/user-workload,0.5,tgis-bam,3567.070758945907
2024-05-20 15:08:34.285000086,tgi_batch_next_tokens,http,10.128.2.18:3000,tgis-bam,fmaas-monitoring,llama3-mig3g-40gb,openshift-user-workload-monitoring/user-workload,0.5,tgis-bam,3567.070758945907
2024-05-20 15:08:39.285000086,tgi_batch_next_tokens,http,10.128.2.18:3000,tgis-bam,fmaas-monitoring,llama3-mig3g-40gb,openshift-user-workload-monitoring/user-workload,0.5,tgis-bam,1279.0846946892161
2024-05-20 15:08:44.285000086,tgi_batch_next_tokens,http,10.128.2.18:3000,tgis-bam,fmaas-monitoring,llama3-mig3g-40gb,openshift-user-workload-monitoring/user-workload,0.5,tgis-bam,1162.0024182575391
2024-05-20 15:08:49.285000086,tgi_batch_next_tokens,http,10.128.2.18:3000,tgis-bam,fmaas-monitoring,llama3-mig3g-40gb,openshift-user-workload-monitoring/user-workload,0.5,tgis-bam,858.0823016148123
2024-05-20 15:08:54.303999901,tgi_batch_next_tokens,http,10.128.2.18:3000,tgis-bam,fmaas-monitoring,llama3-mig3g-40gb,openshift-user-workload-monitoring/user-workload,0.5,tgis-bam,1162.0024182575391
2024-05-20 15:08:59.285000086,tgi_batch_next_tokens,http,10.128.2.18:3000,tgis-bam,fmaas-monitoring,llama3-mig3g-40gb,openshift-user-workload-monitoring/user-workload,0.5,tgis-bam,1162.0024182575391
2024-05-20 15:09:04.285000086,tgi_batch_next_tokens,http,10.128.2.18:3000,tgis-bam,fmaas-monitoring,llama3-mig3g-40gb,openshift-user-workload-monitoring/user-workload,0.5,tgis-bam,1162.0024182575391
2024-05-20 15:09:09.285000086,tgi_batch_next_tokens,http,10.128.2.18:3000,tgis-bam,fmaas-monitoring,llama3-mig3g-40gb,openshift-user-workload-monitoring/user-workload,0.5,tgis-bam,1162.0024182575391
2024-05-20 15:09:14.285000086,tgi_batch_next_tokens,http,10.128.2.18:3000,tgis-bam,fmaas-monitoring,llama3-mig3g-40gb,openshift-user-workload-monitoring/user-workload,0.5,tgis-bam,1162.0024182575391
2024-05-20 15:09:19.285000086,tgi_batch_next_tokens,http,10.128.2.18:3000,tgis-bam,fmaas-monitoring,llama3-mig3g-40gb,openshift-user-workload-monitoring/user-workload,0.5,tgis-bam,1162.0024182575391
2024-05-20 15:09:24.285000086,tgi_batch_next_tokens,http,10.128.2.18:3000,tgis-bam,fmaas-monitoring,llama3-mig3g-40gb,openshift-user-workload-monitoring/user-workload,0.5,tgis-bam,1162.0024182575391
2024-05-20 15:09:29.285000086,tgi_batch_next_tokens,http,10.128.2.18:3000,tgis-bam,fmaas-monitoring,llama3-mig3g-40gb,openshift-user-workload-monitoring/user-workload,0.5,tgis-bam,1201.949401124729
2024-05-20 15:09:34.285000086,tgi_batch_next_tokens,http,10.128.2.18:3000,tgis-bam,fmaas-monitoring,llama3-mig3g-40gb,openshift-user-workload-monitoring/user-workload,0.5,tgis-bam,1383.9541667359738
2024-05-20 15:09:39.285000086,tgi_batch_next_tokens,http,10.128.2.18:3000,tgis-bam,fmaas-monitoring,llama3-mig3g-40gb,openshift-user-workload-monitoring/user-workload,0.5,tgis-bam,1916.9679425633622
2024-05-20 15:09:44.285000086,tgi_batch_next_tokens,http,10.128.2.18:3000,tgis-bam,fmaas-monitoring,llama3-mig3g-40gb,openshift-user-workload-monitoring/user-workload,0.5,tgis-bam,1201.949401124729
2024-05-20 15:09:49.285000086,tgi_batch_next_tokens,http,10.128.2.18:3000,tgis-bam,fmaas-monitoring,llama3-mig3g-40gb,openshift-user-workload-monitoring/user-workload,0.5,tgis-bam,737.9676707085846
2024-05-20 15:09:54.285000086,tgi_batch_next_tokens,http,10.128.2.18:3000,tgis-bam,fmaas-monitoring,llama3-mig3g-40gb,openshift-user-workload-monitoring/user-workload,0.5,tgis-bam,934.0220235775566
2024-05-20 15:09:59.285000086,tgi_batch_next_tokens,http,10.128.2.18:3000,tgis-bam,fmaas-monitoring,llama3-mig3g-40gb,openshift-user-workload-monitoring/user-workload,0.5,tgis-bam,934.0220235775566
2024-05-20 15:10:04.285000086,tgi_batch_next_tokens,http,10.128.2.18:3000,tgis-bam,fmaas-monitoring,llama3-mig3g-40gb,openshift-user-workload-monitoring/user-workload,0.5,tgis-bam,934.0220235775566
2024-05-20 15:10:09.285000086,tgi_batch_next_tokens,http,10.128.2.18:3000,tgis-bam,fmaas-monitoring,llama3-mig3g-40gb,openshift-user-workload-monitoring/user-workload,0.5,tgis-bam,780.0047560754432
2024-05-20 15:10:14.289999962,tgi_batch_next_tokens,http,10.128.2.18:3000,tgis-bam,fmaas-monitoring,llama3-mig3g-40gb,openshift-user-workload-monitoring/user-workload,0.5,tgis-bam,934.0220235775566
2024-05-20 15:10:19.285000086,tgi_batch_next_tokens,http,10.128.2.18:3000,tgis-bam,fmaas-monitoring,llama3-mig3g-40gb,openshift-user-workload-monitoring/user-workload,0.5,tgis-bam,934.0220235775566
2024-05-20 15:10:24.285000086,tgi_batch_next_tokens,http,10.128.2.18:3000,tgis-bam,fmaas-monitoring,llama3-mig3g-40gb,openshift-user-workload-monitoring/user-workload,0.5,tgis-bam,780.0047560754432
2024-05-20 15:10:29.285000086,tgi_batch_next_tokens,http,10.128.2.18:3000,tgis-bam,fmaas-monitoring,llama3-mig3g-40gb,openshift-user-workload-monitoring/user-workload,0.5,tgis-bam,1278.0618361280315
2024-05-20 15:10:34.285000086,tgi_batch_next_tokens,http,10.128.2.18:3000,tgis-bam,fmaas-monitoring,llama3-mig3g-40gb,openshift-user-workload-monitoring/user-workload,0.5,tgis-bam,934.0220235775566
2024-05-20 15:10:39.285000086,tgi_batch_next_tokens,http,10.128.2.18:3000,tgis-bam,fmaas-monitoring,llama3-mig3g-40gb,openshift-user-workload-monitoring/user-workload,0.5,tgis-bam,864.9744920541515
2024-05-20 15:10:44.285000086,tgi_batch_next_tokens,http,10.128.2.18:3000,tgis-bam,fmaas-monitoring,llama3-mig3g-40gb,openshift-user-workload-monitoring/user-workload,0.5,tgis-bam,887.9363101622131
2024-05-20 15:10:49.285000086,tgi_batch_next_tokens,http,10.128.2.18:3000,tgis-bam,fmaas-monitoring,llama3-mig3g-40gb,openshift-user-workload-monitoring/user-workload,0.5,tgis-bam,997.9468496394829
2024-05-20 15:10:54.285000086,tgi_batch_next_tokens,http,10.128.2.18:3000,tgis-bam,fmaas-monitoring,llama3-mig3g-40gb,openshift-user-workload-monitoring/user-workload,0.5,tgis-bam,887.9363101622131
2024-05-20 15:10:59.285000086,tgi_batch_next_tokens,http,10.128.2.18:3000,tgis-bam,fmaas-monitoring,llama3-mig3g-40gb,openshift-user-workload-monitoring/user-workload,0.5,tgis-bam,887.9363101622131
2024-05-20 15:11:04.285000086,tgi_batch_next_tokens,http,10.128.2.18:3000,tgis-bam,fmaas-monitoring,llama3-mig3g-40gb,openshift-user-workload-monitoring/user-workload,0.5,tgis-bam,852.9492224248113
2024-05-20 15:11:09.285000086,tgi_batch_next_tokens,http,10.128.2.18:3000,tgis-bam,fmaas-monitoring,llama3-mig3g-40gb,openshift-user-workload-monitoring/user-workload,0.5,tgis-bam,852.9492224248113
2024-05-20 15:11:14.285000086,tgi_batch_next_tokens,http,10.128.2.18:3000,tgis-bam,fmaas-monitoring,llama3-mig3g-40gb,openshift-user-workload-monitoring/user-workload,0.5,tgis-bam,852.9492224248113
2024-05-20 15:11:19.285000086,tgi_batch_next_tokens,http,10.128.2.18:3000,tgis-bam,fmaas-monitoring,llama3-mig3g-40gb,openshift-user-workload-monitoring/user-workload,0.5,tgis-bam,852.9492224248113
2024-05-20 15:11:24.285000086,tgi_batch_next_tokens,http,10.128.2.18:3000,tgis-bam,fmaas-monitoring,llama3-mig3g-40gb,openshift-user-workload-monitoring/user-workload,0.5,tgis-bam,852.9492224248113
2024-05-20 15:11:29.285000086,tgi_batch_next_tokens,http,10.128.2.18:3000,tgis-bam,fmaas-monitoring,llama3-mig3g-40gb,openshift-user-workload-monitoring/user-workload,0.5,tgis-bam,793.0609012636398
2024-05-20 15:11:34.285000086,tgi_batch_next_tokens,http,10.128.2.18:3000,tgis-bam,fmaas-monitoring,llama3-mig3g-40gb,openshift-user-workload-monitoring/user-workload,0.5,tgis-bam,741.0736529327925
2024-05-20 15:11:39.285000086,tgi_batch_next_tokens,http,10.128.2.18:3000,tgis-bam,fmaas-monitoring,llama3-mig3g-40gb,openshift-user-workload-monitoring/user-workload,0.5,tgis-bam,793.0609012636398
2024-05-20 15:11:44.285000086,tgi_batch_next_tokens,http,10.128.2.18:3000,tgis-bam,fmaas-monitoring,llama3-mig3g-40gb,openshift-user-workload-monitoring/user-workload,0.5,tgis-bam,852.9492224248113
2024-05-20 15:11:49.285000086,tgi_batch_next_tokens,http,10.128.2.18:3000,tgis-bam,fmaas-monitoring,llama3-mig3g-40gb,openshift-user-workload-monitoring/user-workload,0.5,tgis-bam,1070.0921211167483
2024-05-20 15:11:54.285000086,tgi_batch_next_tokens,http,10.128.2.18:3000,tgis-bam,fmaas-monitoring,llama3-mig3g-40gb,openshift-user-workload-monitoring/user-workload,0.5,tgis-bam,1070.0921211167483
2024-05-20 15:11:59.285000086,tgi_batch_next_tokens,http,10.128.2.18:3000,tgis-bam,fmaas-monitoring,llama3-mig3g-40gb,openshift-user-workload-monitoring/user-workload,0.5,tgis-bam,1070.0921211167483
2024-05-20 15:12:04.285000086,tgi_batch_next_tokens,http,10.128.2.18:3000,tgis-bam,fmaas-monitoring,llama3-mig3g-40gb,openshift-user-workload-monitoring/user-workload,0.5,tgis-bam,1070.0921211167483
2024-05-20 15:12:09.285000086,tgi_batch_next_tokens,http,10.128.2.18:3000,tgis-bam,fmaas-monitoring,llama3-mig3g-40gb,openshift-user-workload-monitoring/user-workload,0.5,tgis-bam,1070.0921211167483
2024-05-20 15:12:14.285000086,tgi_batch_next_tokens,http,10.128.2.18:3000,tgis-bam,fmaas-monitoring,llama3-mig3g-40gb,openshift-user-workload-monitoring/user-workload,0.5,tgis-bam,1070.0921211167483
2024-05-20 15:12:19.285000086,tgi_batch_next_tokens,http,10.128.2.18:3000,tgis-bam,fmaas-monitoring,llama3-mig3g-40gb,openshift-user-workload-monitoring/user-workload,0.5,tgis-bam,1070.0921211167483
2024-05-20 15:12:24.285000086,tgi_batch_next_tokens,http,10.128.2.18:3000,tgis-bam,fmaas-monitoring,llama3-mig3g-40gb,openshift-user-workload-monitoring/user-workload,0.5,tgis-bam,1070.0921211167483
2024-05-20 15:12:29.285000086,tgi_batch_next_tokens,http,10.128.2.18:3000,tgis-bam,fmaas-monitoring,llama3-mig3g-40gb,openshift-user-workload-monitoring/user-workload,0.5,tgis-bam,1003.9525297807322
2024-05-20 15:12:34.285000086,tgi_batch_next_tokens,http,10.128.2.18:3000,tgis-bam,fmaas-monitoring,llama3-mig3g-40gb,openshift-user-workload-monitoring/user-workload,0.5,tgis-bam,902.9796504639161
2024-05-20 15:12:39.285000086,tgi_batch_next_tokens,http,10.128.2.18:3000,tgis-bam,fmaas-monitoring,llama3-mig3g-40gb,openshift-user-workload-monitoring/user-workload,0.5,tgis-bam,954.0346751155157
2024-05-20 15:12:44.285000086,tgi_batch_next_tokens,http,10.128.2.18:3000,tgis-bam,fmaas-monitoring,llama3-mig3g-40gb,openshift-user-workload-monitoring/user-workload,0.5,tgis-bam,1003.9525297807322
2024-05-20 15:12:49.285000086,tgi_batch_next_tokens,http,10.128.2.18:3000,tgis-bam,fmaas-monitoring,llama3-mig3g-40gb,openshift-user-workload-monitoring/user-workload,0.5,tgis-bam,1556.0409463073738
2024-05-20 15:12:54.285000086,tgi_batch_next_tokens,http,10.128.2.18:3000,tgis-bam,fmaas-monitoring,llama3-mig3g-40gb,openshift-user-workload-monitoring/user-workload,0.5,tgis-bam,2217.864379591835
2024-05-20 15:12:59.285000086,tgi_batch_next_tokens,http,10.128.2.18:3000,tgis-bam,fmaas-monitoring,llama3-mig3g-40gb,openshift-user-workload-monitoring/user-workload,0.5,tgis-bam,2217.864379591835
2024-05-20 15:13:04.285000086,tgi_batch_next_tokens,http,10.128.2.18:3000,tgis-bam,fmaas-monitoring,llama3-mig3g-40gb,openshift-user-workload-monitoring/user-workload,0.5,tgis-bam,2217.864379591835
2024-05-20 15:13:09.285000086,tgi_batch_next_tokens,http,10.128.2.18:3000,tgis-bam,fmaas-monitoring,llama3-mig3g-40gb,openshift-user-workload-monitoring/user-workload,0.5,tgis-bam,2217.864379591835
2024-05-20 15:13:14.285000086,tgi_batch_next_tokens,http,10.128.2.18:3000,tgis-bam,fmaas-monitoring,llama3-mig3g-40gb,openshift-user-workload-monitoring/user-workload,0.5,tgis-bam,2217.864379591835
2024-05-20 15:13:19.285000086,tgi_batch_next_tokens,http,10.128.2.18:3000,tgis-bam,fmaas-monitoring,llama3-mig3g-40gb,openshift-user-workload-monitoring/user-workload,0.5,tgis-bam,1556.0409463073738
2024-05-20 15:13:24.285000086,tgi_batch_next_tokens,http,10.128.2.18:3000,tgis-bam,fmaas-monitoring,llama3-mig3g-40gb,openshift-user-workload-monitoring/user-workload,0.5,tgis-bam,1556.0409463073738
2024-05-20 15:03:29.285000086,tgi_batch_next_tokens,http,10.128.2.18:3000,tgis-bam,fmaas-monitoring,llama3-mig3g-40gb,openshift-user-workload-monitoring/user-workload,0.9,tgis-bam,3146.0407039289544
2024-05-20 15:03:34.285000086,tgi_batch_next_tokens,http,10.128.2.18:3000,tgis-bam,fmaas-monitoring,llama3-mig3g-40gb,openshift-user-workload-monitoring/user-workload,0.9,tgis-bam,3146.0407039289544
2024-05-20 15:03:39.285000086,tgi_batch_next_tokens,http,10.128.2.18:3000,tgis-bam,fmaas-monitoring,llama3-mig3g-40gb,openshift-user-workload-monitoring/user-workload,0.9,tgis-bam,4619.769186182502
2024-05-20 15:03:44.285000086,tgi_batch_next_tokens,http,10.128.2.18:3000,tgis-bam,fmaas-monitoring,llama3-mig3g-40gb,openshift-user-workload-monitoring/user-workload,0.9,tgis-bam,4619.769186182502
2024-05-20 15:03:49.285000086,tgi_batch_next_tokens,http,10.128.2.18:3000,tgis-bam,fmaas-monitoring,llama3-mig3g-40gb,openshift-user-workload-monitoring/user-workload,0.9,tgis-bam,3533.697394253476
2024-05-20 15:03:54.285000086,tgi_batch_next_tokens,http,10.128.2.18:3000,tgis-bam,fmaas-monitoring,llama3-mig3g-40gb,openshift-user-workload-monitoring/user-workload,0.9,tgis-bam,3533.697394253476
2024-05-20 15:03:59.296000004,tgi_batch_next_tokens,http,10.128.2.18:3000,tgis-bam,fmaas-monitoring,llama3-mig3g-40gb,openshift-user-workload-monitoring/user-workload,0.9,tgis-bam,5076.107584963827
2024-05-20 15:04:04.285000086,tgi_batch_next_tokens,http,10.128.2.18:3000,tgis-bam,fmaas-monitoring,llama3-mig3g-40gb,openshift-user-workload-monitoring/user-workload,0.9,tgis-bam,4619.769186182502
2024-05-20 15:04:09.285000086,tgi_batch_next_tokens,http,10.128.2.18:3000,tgis-bam,fmaas-monitoring,llama3-mig3g-40gb,openshift-user-workload-monitoring/user-workload,0.9,tgis-bam,5076.107584963827
2024-05-20 15:04:14.285000086,tgi_batch_next_tokens,http,10.128.2.18:3000,tgis-bam,fmaas-monitoring,llama3-mig3g-40gb,openshift-user-workload-monitoring/user-workload,0.9,tgis-bam,5076.107584963827
2024-05-20 15:04:19.285000086,tgi_batch_next_tokens,http,10.128.2.18:3000,tgis-bam,fmaas-monitoring,llama3-mig3g-40gb,openshift-user-workload-monitoring/user-workload,0.9,tgis-bam,5076.107584963827
2024-05-20 15:04:24.285000086,tgi_batch_next_tokens,http,10.128.2.18:3000,tgis-bam,fmaas-monitoring,llama3-mig3g-40gb,openshift-user-workload-monitoring/user-workload,0.9,tgis-bam,5076.107584963827
2024-05-20 15:04:29.285000086,tgi_batch_next_tokens,http,10.128.2.18:3000,tgis-bam,fmaas-monitoring,llama3-mig3g-40gb,openshift-user-workload-monitoring/user-workload,0.9,tgis-bam,5691.334442689228
2024-05-20 15:04:34.285000086,tgi_batch_next_tokens,http,10.128.2.18:3000,tgis-bam,fmaas-monitoring,llama3-mig3g-40gb,openshift-user-workload-monitoring/user-workload,0.9,tgis-bam,5138.415402572774
2024-05-20 15:04:39.285000086,tgi_batch_next_tokens,http,10.128.2.18:3000,tgis-bam,fmaas-monitoring,llama3-mig3g-40gb,openshift-user-workload-monitoring/user-workload,0.9,tgis-bam,5138.415402572774
2024-05-20 15:04:44.285000086,tgi_batch_next_tokens,http,10.128.2.18:3000,tgis-bam,fmaas-monitoring,llama3-mig3g-40gb,openshift-user-workload-monitoring/user-workload,0.9,tgis-bam,4413.838610153353
2024-05-20 15:04:49.285000086,tgi_batch_next_tokens,http,10.128.2.18:3000,tgis-bam,fmaas-monitoring,llama3-mig3g-40gb,openshift-user-workload-monitoring/user-workload,0.9,tgis-bam,3799.785977719794
2024-05-20 15:04:54.285000086,tgi_batch_next_tokens,http,10.128.2.18:3000,tgis-bam,fmaas-monitoring,llama3-mig3g-40gb,openshift-user-workload-monitoring/user-workload,0.9,tgis-bam,2969.9488863168763
2024-05-20 15:04:59.285000086,tgi_batch_next_tokens,http,10.128.2.18:3000,tgis-bam,fmaas-monitoring,llama3-mig3g-40gb,openshift-user-workload-monitoring/user-workload,0.9,tgis-bam,4371.668499751196
2024-05-20 15:05:04.285000086,tgi_batch_next_tokens,http,10.128.2.18:3000,tgis-bam,fmaas-monitoring,llama3-mig3g-40gb,openshift-user-workload-monitoring/user-workload,0.9,tgis-bam,3799.785977719794
2024-05-20 15:05:09.285000086,tgi_batch_next_tokens,http,10.128.2.18:3000,tgis-bam,fmaas-monitoring,llama3-mig3g-40gb,openshift-user-workload-monitoring/user-workload,0.9,tgis-bam,3799.785977719794
2024-05-20 15:05:14.285000086,tgi_batch_next_tokens,http,10.128.2.18:3000,tgis-bam,fmaas-monitoring,llama3-mig3g-40gb,openshift-user-workload-monitoring/user-workload,0.9,tgis-bam,3799.785977719794
2024-05-20 15:05:19.285000086,tgi_batch_next_tokens,http,10.128.2.18:3000,tgis-bam,fmaas-monitoring,llama3-mig3g-40gb,openshift-user-workload-monitoring/user-workload,0.9,tgis-bam,3799.785977719794
2024-05-20 15:05:24.285000086,tgi_batch_next_tokens,http,10.128.2.18:3000,tgis-bam,fmaas-monitoring,llama3-mig3g-40gb,openshift-user-workload-monitoring/user-workload,0.9,tgis-bam,3799.785977719794
2024-05-20 15:05:29.285000086,tgi_batch_next_tokens,http,10.128.2.18:3000,tgis-bam,fmaas-monitoring,llama3-mig3g-40gb,openshift-user-workload-monitoring/user-workload,0.9,tgis-bam,3260.0572056917554
2024-05-20 15:05:34.285000086,tgi_batch_next_tokens,http,10.128.2.18:3000,tgis-bam,fmaas-monitoring,llama3-mig3g-40gb,openshift-user-workload-monitoring/user-workload,0.9,tgis-bam,3260.0572056917554
2024-05-20 15:05:39.289000034,tgi_batch_next_tokens,http,10.128.2.18:3000,tgis-bam,fmaas-monitoring,llama3-mig3g-40gb,openshift-user-workload-monitoring/user-workload,0.9,tgis-bam,3260.0572056917554
2024-05-20 15:05:44.285000086,tgi_batch_next_tokens,http,10.128.2.18:3000,tgis-bam,fmaas-monitoring,llama3-mig3g-40gb,openshift-user-workload-monitoring/user-workload,0.9,tgis-bam,4371.668499751196
2024-05-20 15:05:49.285000086,tgi_batch_next_tokens,http,10.128.2.18:3000,tgis-bam,fmaas-monitoring,llama3-mig3g-40gb,openshift-user-workload-monitoring/user-workload,0.9,tgis-bam,4715.923420036891
2024-05-20 15:05:54.285000086,tgi_batch_next_tokens,http,10.128.2.18:3000,tgis-bam,fmaas-monitoring,llama3-mig3g-40gb,openshift-user-workload-monitoring/user-workload,0.9,tgis-bam,4487.719849059362
2024-05-20 15:05:59.306999922,tgi_batch_next_tokens,http,10.128.2.18:3000,tgis-bam,fmaas-monitoring,llama3-mig3g-40gb,openshift-user-workload-monitoring/user-workload,0.9,tgis-bam,4895.638684264399
2024-05-20 15:06:04.285000086,tgi_batch_next_tokens,http,10.128.2.18:3000,tgis-bam,fmaas-monitoring,llama3-mig3g-40gb,openshift-user-workload-monitoring/user-workload,0.9,tgis-bam,5549.704842186848
2024-05-20 15:06:09.285000086,tgi_batch_next_tokens,http,10.128.2.18:3000,tgis-bam,fmaas-monitoring,llama3-mig3g-40gb,openshift-user-workload-monitoring/user-workload,0.9,tgis-bam,5549.704842186848
2024-05-20 15:06:14.285000086,tgi_batch_next_tokens,http,10.128.2.18:3000,tgis-bam,fmaas-monitoring,llama3-mig3g-40gb,openshift-user-workload-monitoring/user-workload,0.9,tgis-bam,5549.704842186848
2024-05-20 15:06:19.285000086,tgi_batch_next_tokens,http,10.128.2.18:3000,tgis-bam,fmaas-monitoring,llama3-mig3g-40gb,openshift-user-workload-monitoring/user-workload,0.9,tgis-bam,5549.704842186848
2024-05-20 15:06:24.285000086,tgi_batch_next_tokens,http,10.128.2.18:3000,tgis-bam,fmaas-monitoring,llama3-mig3g-40gb,openshift-user-workload-monitoring/user-workload,0.9,tgis-bam,5549.704842186848
2024-05-20 15:06:29.285000086,tgi_batch_next_tokens,http,10.128.2.18:3000,tgis-bam,fmaas-monitoring,llama3-mig3g-40gb,openshift-user-workload-monitoring/user-workload,0.9,tgis-bam,4895.638684264399
2024-05-20 15:06:34.285000086,tgi_batch_next_tokens,http,10.128.2.18:3000,tgis-bam,fmaas-monitoring,llama3-mig3g-40gb,openshift-user-workload-monitoring/user-workload,0.9,tgis-bam,4899.556762247106
2024-05-20 15:06:39.285000086,tgi_batch_next_tokens,http,10.128.2.18:3000,tgis-bam,fmaas-monitoring,llama3-mig3g-40gb,openshift-user-workload-monitoring/user-workload,0.9,tgis-bam,4899.556762247106
2024-05-20 15:06:44.285000086,tgi_batch_next_tokens,http,10.128.2.18:3000,tgis-bam,fmaas-monitoring,llama3-mig3g-40gb,openshift-user-workload-monitoring/user-workload,0.9,tgis-bam,4899.556762247106
2024-05-20 15:06:49.285000086,tgi_batch_next_tokens,http,10.128.2.18:3000,tgis-bam,fmaas-monitoring,llama3-mig3g-40gb,openshift-user-workload-monitoring/user-workload,0.9,tgis-bam,4899.556762247106
2024-05-20 15:06:54.285000086,tgi_batch_next_tokens,http,10.128.2.18:3000,tgis-bam,fmaas-monitoring,llama3-mig3g-40gb,openshift-user-workload-monitoring/user-workload,0.9,tgis-bam,4643.854553714184
2024-05-20 15:06:59.285000086,tgi_batch_next_tokens,http,10.128.2.18:3000,tgis-bam,fmaas-monitoring,llama3-mig3g-40gb,openshift-user-workload-monitoring/user-workload,0.9,tgis-bam,4899.556762247106
2024-05-20 15:07:04.285000086,tgi_batch_next_tokens,http,10.128.2.18:3000,tgis-bam,fmaas-monitoring,llama3-mig3g-40gb,openshift-user-workload-monitoring/user-workload,0.9,tgis-bam,4899.556762247106
2024-05-20 15:07:09.285000086,tgi_batch_next_tokens,http,10.128.2.18:3000,tgis-bam,fmaas-monitoring,llama3-mig3g-40gb,openshift-user-workload-monitoring/user-workload,0.9,tgis-bam,4899.556762247106
2024-05-20 15:07:14.285000086,tgi_batch_next_tokens,http,10.128.2.18:3000,tgis-bam,fmaas-monitoring,llama3-mig3g-40gb,openshift-user-workload-monitoring/user-workload,0.9,tgis-bam,4899.556762247106
2024-05-20 15:07:19.285000086,tgi_batch_next_tokens,http,10.128.2.18:3000,tgis-bam,fmaas-monitoring,llama3-mig3g-40gb,openshift-user-workload-monitoring/user-workload,0.9,tgis-bam,4899.556762247106
2024-05-20 15:07:24.285000086,tgi_batch_next_tokens,http,10.128.2.18:3000,tgis-bam,fmaas-monitoring,llama3-mig3g-40gb,openshift-user-workload-monitoring/user-workload,0.9,tgis-bam,4899.556762247106
2024-05-20 15:07:29.285000086,tgi_batch_next_tokens,http,10.128.2.18:3000,tgis-bam,fmaas-monitoring,llama3-mig3g-40gb,openshift-user-workload-monitoring/user-workload,0.9,tgis-bam,4643.854553714184
2024-05-20 15:07:34.285000086,tgi_batch_next_tokens,http,10.128.2.18:3000,tgis-bam,fmaas-monitoring,llama3-mig3g-40gb,openshift-user-workload-monitoring/user-workload,0.9,tgis-bam,4643.854553714184
2024-05-20 15:07:39.285000086,tgi_batch_next_tokens,http,10.128.2.18:3000,tgis-bam,fmaas-monitoring,llama3-mig3g-40gb,openshift-user-workload-monitoring/user-workload,0.9,tgis-bam,4643.854553714184
2024-05-20 15:07:44.285000086,tgi_batch_next_tokens,http,10.128.2.18:3000,tgis-bam,fmaas-monitoring,llama3-mig3g-40gb,openshift-user-workload-monitoring/user-workload,0.9,tgis-bam,4643.854553714184
2024-05-20 15:07:49.285000086,tgi_batch_next_tokens,http,10.128.2.18:3000,tgis-bam,fmaas-monitoring,llama3-mig3g-40gb,openshift-user-workload-monitoring/user-workload,0.9,tgis-bam,3909.2468876390085
2024-05-20 15:07:54.285000086,tgi_batch_next_tokens,http,10.128.2.18:3000,tgis-bam,fmaas-monitoring,llama3-mig3g-40gb,openshift-user-workload-monitoring/user-workload,0.9,tgis-bam,4876.095242403835
2024-05-20 15:07:59.285000086,tgi_batch_next_tokens,http,10.128.2.18:3000,tgis-bam,fmaas-monitoring,llama3-mig3g-40gb,openshift-user-workload-monitoring/user-workload,0.9,tgis-bam,6269.801811680406
2024-05-20 15:08:04.285000086,tgi_batch_next_tokens,http,10.128.2.18:3000,tgis-bam,fmaas-monitoring,llama3-mig3g-40gb,openshift-user-workload-monitoring/user-workload,0.9,tgis-bam,6269.801811680406
2024-05-20 15:08:09.285000086,tgi_batch_next_tokens,http,10.128.2.18:3000,tgis-bam,fmaas-monitoring,llama3-mig3g-40gb,openshift-user-workload-monitoring/user-workload,0.9,tgis-bam,6269.801811680406
2024-05-20 15:08:14.285000086,tgi_batch_next_tokens,http,10.128.2.18:3000,tgis-bam,fmaas-monitoring,llama3-mig3g-40gb,openshift-user-workload-monitoring/user-workload,0.9,tgis-bam,6269.801811680406
2024-05-20 15:08:19.375000000,tgi_batch_next_tokens,http,10.128.2.18:3000,tgis-bam,fmaas-monitoring,llama3-mig3g-40gb,openshift-user-workload-monitoring/user-workload,0.9,tgis-bam,6269.801811680406
2024-05-20 15:08:24.285000086,tgi_batch_next_tokens,http,10.128.2.18:3000,tgis-bam,fmaas-monitoring,llama3-mig3g-40gb,openshift-user-workload-monitoring/user-workload,0.9,tgis-bam,6269.801811680406
2024-05-20 15:08:29.285000086,tgi_batch_next_tokens,http,10.128.2.18:3000,tgis-bam,fmaas-monitoring,llama3-mig3g-40gb,openshift-user-workload-monitoring/user-workload,0.9,tgis-bam,6713.66328008075
2024-05-20 15:08:34.285000086,tgi_batch_next_tokens,http,10.128.2.18:3000,tgis-bam,fmaas-monitoring,llama3-mig3g-40gb,openshift-user-workload-monitoring/user-workload,0.9,tgis-bam,6713.66328008075
2024-05-20 15:08:39.285000086,tgi_batch_next_tokens,http,10.128.2.18:3000,tgis-bam,fmaas-monitoring,llama3-mig3g-40gb,openshift-user-workload-monitoring/user-workload,0.9,tgis-bam,6713.66328008075
2024-05-20 15:08:44.285000086,tgi_batch_next_tokens,http,10.128.2.18:3000,tgis-bam,fmaas-monitoring,llama3-mig3g-40gb,openshift-user-workload-monitoring/user-workload,0.9,tgis-bam,6713.66328008075
2024-05-20 15:08:49.285000086,tgi_batch_next_tokens,http,10.128.2.18:3000,tgis-bam,fmaas-monitoring,llama3-mig3g-40gb,openshift-user-workload-monitoring/user-workload,0.9,tgis-bam,4912.312184735144
2024-05-20 15:08:54.303999901,tgi_batch_next_tokens,http,10.128.2.18:3000,tgis-bam,fmaas-monitoring,llama3-mig3g-40gb,openshift-user-workload-monitoring/user-workload,0.9,tgis-bam,4912.312184735144
2024-05-20 15:08:59.285000086,tgi_batch_next_tokens,http,10.128.2.18:3000,tgis-bam,fmaas-monitoring,llama3-mig3g-40gb,openshift-user-workload-monitoring/user-workload,0.9,tgis-bam,4912.312184735144
2024-05-20 15:09:04.285000086,tgi_batch_next_tokens,http,10.128.2.18:3000,tgis-bam,fmaas-monitoring,llama3-mig3g-40gb,openshift-user-workload-monitoring/user-workload,0.9,tgis-bam,4912.312184735144
2024-05-20 15:09:09.285000086,tgi_batch_next_tokens,http,10.128.2.18:3000,tgis-bam,fmaas-monitoring,llama3-mig3g-40gb,openshift-user-workload-monitoring/user-workload,0.9,tgis-bam,4912.312184735144
2024-05-20 15:09:14.285000086,tgi_batch_next_tokens,http,10.128.2.18:3000,tgis-bam,fmaas-monitoring,llama3-mig3g-40gb,openshift-user-workload-monitoring/user-workload,0.9,tgis-bam,4912.312184735144
2024-05-20 15:09:19.285000086,tgi_batch_next_tokens,http,10.128.2.18:3000,tgis-bam,fmaas-monitoring,llama3-mig3g-40gb,openshift-user-workload-monitoring/user-workload,0.9,tgis-bam,4912.312184735144
2024-05-20 15:09:24.285000086,tgi_batch_next_tokens,http,10.128.2.18:3000,tgis-bam,fmaas-monitoring,llama3-mig3g-40gb,openshift-user-workload-monitoring/user-workload,0.9,tgis-bam,4912.312184735144
2024-05-20 15:09:29.285000086,tgi_batch_next_tokens,http,10.128.2.18:3000,tgis-bam,fmaas-monitoring,llama3-mig3g-40gb,openshift-user-workload-monitoring/user-workload,0.9,tgis-bam,3405.3398479672182
2024-05-20 15:09:34.285000086,tgi_batch_next_tokens,http,10.128.2.18:3000,tgis-bam,fmaas-monitoring,llama3-mig3g-40gb,openshift-user-workload-monitoring/user-workload,0.9,tgis-bam,3981.8428654464055
2024-05-20 15:09:39.285000086,tgi_batch_next_tokens,http,10.128.2.18:3000,tgis-bam,fmaas-monitoring,llama3-mig3g-40gb,openshift-user-workload-monitoring/user-workload,0.9,tgis-bam,5478.02560353052
2024-05-20 15:09:44.285000086,tgi_batch_next_tokens,http,10.128.2.18:3000,tgis-bam,fmaas-monitoring,llama3-mig3g-40gb,openshift-user-workload-monitoring/user-workload,0.9,tgis-bam,4730.092433237279
2024-05-20 15:09:49.285000086,tgi_batch_next_tokens,http,10.128.2.18:3000,tgis-bam,fmaas-monitoring,llama3-mig3g-40gb,openshift-user-workload-monitoring/user-workload,0.9,tgis-bam,5554.1463824546245
2024-05-20 15:09:54.285000086,tgi_batch_next_tokens,http,10.128.2.18:3000,tgis-bam,fmaas-monitoring,llama3-mig3g-40gb,openshift-user-workload-monitoring/user-workload,0.9,tgis-bam,6965.328325870766
2024-05-20 15:09:59.285000086,tgi_batch_next_tokens,http,10.128.2.18:3000,tgis-bam,fmaas-monitoring,llama3-mig3g-40gb,openshift-user-workload-monitoring/user-workload,0.9,tgis-bam,6965.328325870766
2024-05-20 15:10:04.285000086,tgi_batch_next_tokens,http,10.128.2.18:3000,tgis-bam,fmaas-monitoring,llama3-mig3g-40gb,openshift-user-workload-monitoring/user-workload,0.9,tgis-bam,6900.161005643415
2024-05-20 15:10:09.285000086,tgi_batch_next_tokens,http,10.128.2.18:3000,tgis-bam,fmaas-monitoring,llama3-mig3g-40gb,openshift-user-workload-monitoring/user-workload,0.9,tgis-bam,6900.161005643415
2024-05-20 15:10:14.289999962,tgi_batch_next_tokens,http,10.128.2.18:3000,tgis-bam,fmaas-monitoring,llama3-mig3g-40gb,openshift-user-workload-monitoring/user-workload,0.9,tgis-bam,6900.161005643415
2024-05-20 15:10:19.285000086,tgi_batch_next_tokens,http,10.128.2.18:3000,tgis-bam,fmaas-monitoring,llama3-mig3g-40gb,openshift-user-workload-monitoring/user-workload,0.9,tgis-bam,6900.161005643415
2024-05-20 15:10:24.285000086,tgi_batch_next_tokens,http,10.128.2.18:3000,tgis-bam,fmaas-monitoring,llama3-mig3g-40gb,openshift-user-workload-monitoring/user-workload,0.9,tgis-bam,6900.161005643415
2024-05-20 15:10:29.285000086,tgi_batch_next_tokens,http,10.128.2.18:3000,tgis-bam,fmaas-monitoring,llama3-mig3g-40gb,openshift-user-workload-monitoring/user-workload,0.9,tgis-bam,6905.683343106807
2024-05-20 15:10:34.285000086,tgi_batch_next_tokens,http,10.128.2.18:3000,tgis-bam,fmaas-monitoring,llama3-mig3g-40gb,openshift-user-workload-monitoring/user-workload,0.9,tgis-bam,6900.161005643415
2024-05-20 15:10:39.285000086,tgi_batch_next_tokens,http,10.128.2.18:3000,tgis-bam,fmaas-monitoring,llama3-mig3g-40gb,openshift-user-workload-monitoring/user-workload,0.9,tgis-bam,6182.636169224372
2024-05-20 15:10:44.285000086,tgi_batch_next_tokens,http,10.128.2.18:3000,tgis-bam,fmaas-monitoring,llama3-mig3g-40gb,openshift-user-workload-monitoring/user-workload,0.9,tgis-bam,6182.636169224372
2024-05-20 15:10:49.285000086,tgi_batch_next_tokens,http,10.128.2.18:3000,tgis-bam,fmaas-monitoring,llama3-mig3g-40gb,openshift-user-workload-monitoring/user-workload,0.9,tgis-bam,3406.7022563744617
2024-05-20 15:10:54.285000086,tgi_batch_next_tokens,http,10.128.2.18:3000,tgis-bam,fmaas-monitoring,llama3-mig3g-40gb,openshift-user-workload-monitoring/user-workload,0.9,tgis-bam,3492.9433348765015
2024-05-20 15:10:59.285000086,tgi_batch_next_tokens,http,10.128.2.18:3000,tgis-bam,fmaas-monitoring,llama3-mig3g-40gb,openshift-user-workload-monitoring/user-workload,0.9,tgis-bam,3492.9433348765015
2024-05-20 15:11:04.285000086,tgi_batch_next_tokens,http,10.128.2.18:3000,tgis-bam,fmaas-monitoring,llama3-mig3g-40gb,openshift-user-workload-monitoring/user-workload,0.9,tgis-bam,3406.7022563744617
2024-05-20 15:11:09.285000086,tgi_batch_next_tokens,http,10.128.2.18:3000,tgis-bam,fmaas-monitoring,llama3-mig3g-40gb,openshift-user-workload-monitoring/user-workload,0.9,tgis-bam,3406.7022563744617
2024-05-20 15:11:14.285000086,tgi_batch_next_tokens,http,10.128.2.18:3000,tgis-bam,fmaas-monitoring,llama3-mig3g-40gb,openshift-user-workload-monitoring/user-workload,0.9,tgis-bam,3406.7022563744617
2024-05-20 15:11:19.285000086,tgi_batch_next_tokens,http,10.128.2.18:3000,tgis-bam,fmaas-monitoring,llama3-mig3g-40gb,openshift-user-workload-monitoring/user-workload,0.9,tgis-bam,3406.7022563744617
2024-05-20 15:11:24.285000086,tgi_batch_next_tokens,http,10.128.2.18:3000,tgis-bam,fmaas-monitoring,llama3-mig3g-40gb,openshift-user-workload-monitoring/user-workload,0.9,tgis-bam,3406.7022563744617
2024-05-20 15:11:29.285000086,tgi_batch_next_tokens,http,10.128.2.18:3000,tgis-bam,fmaas-monitoring,llama3-mig3g-40gb,openshift-user-workload-monitoring/user-workload,0.9,tgis-bam,3114.1141906625053
2024-05-20 15:11:34.285000086,tgi_batch_next_tokens,http,10.128.2.18:3000,tgis-bam,fmaas-monitoring,llama3-mig3g-40gb,openshift-user-workload-monitoring/user-workload,0.9,tgis-bam,3114.1141906625053
2024-05-20 15:11:39.285000086,tgi_batch_next_tokens,http,10.128.2.18:3000,tgis-bam,fmaas-monitoring,llama3-mig3g-40gb,openshift-user-workload-monitoring/user-workload,0.9,tgis-bam,3780.0783747454684
2024-05-20 15:11:44.285000086,tgi_batch_next_tokens,http,10.128.2.18:3000,tgis-bam,fmaas-monitoring,llama3-mig3g-40gb,openshift-user-workload-monitoring/user-workload,0.9,tgis-bam,4543.71402177502
2024-05-20 15:11:49.285000086,tgi_batch_next_tokens,http,10.128.2.18:3000,tgis-bam,fmaas-monitoring,llama3-mig3g-40gb,openshift-user-workload-monitoring/user-workload,0.9,tgis-bam,5349.18784458281
2024-05-20 15:11:54.285000086,tgi_batch_next_tokens,http,10.128.2.18:3000,tgis-bam,fmaas-monitoring,llama3-mig3g-40gb,openshift-user-workload-monitoring/user-workload,0.9,tgis-bam,5349.18784458281
2024-05-20 15:11:59.285000086,tgi_batch_next_tokens,http,10.128.2.18:3000,tgis-bam,fmaas-monitoring,llama3-mig3g-40gb,openshift-user-workload-monitoring/user-workload,0.9,tgis-bam,5539.724358567631
2024-05-20 15:12:04.285000086,tgi_batch_next_tokens,http,10.128.2.18:3000,tgis-bam,fmaas-monitoring,llama3-mig3g-40gb,openshift-user-workload-monitoring/user-workload,0.9,tgis-bam,5349.18784458281
2024-05-20 15:12:09.285000086,tgi_batch_next_tokens,http,10.128.2.18:3000,tgis-bam,fmaas-monitoring,llama3-mig3g-40gb,openshift-user-workload-monitoring/user-workload,0.9,tgis-bam,5349.18784458281
2024-05-20 15:12:14.285000086,tgi_batch_next_tokens,http,10.128.2.18:3000,tgis-bam,fmaas-monitoring,llama3-mig3g-40gb,openshift-user-workload-monitoring/user-workload,0.9,tgis-bam,5349.18784458281
2024-05-20 15:12:19.285000086,tgi_batch_next_tokens,http,10.128.2.18:3000,tgis-bam,fmaas-monitoring,llama3-mig3g-40gb,openshift-user-workload-monitoring/user-workload,0.9,tgis-bam,5349.18784458281
2024-05-20 15:12:24.285000086,tgi_batch_next_tokens,http,10.128.2.18:3000,tgis-bam,fmaas-monitoring,llama3-mig3g-40gb,openshift-user-workload-monitoring/user-workload,0.9,tgis-bam,5349.18784458281
2024-05-20 15:12:29.285000086,tgi_batch_next_tokens,http,10.128.2.18:3000,tgis-bam,fmaas-monitoring,llama3-mig3g-40gb,openshift-user-workload-monitoring/user-workload,0.9,tgis-bam,5349.18784458281
2024-05-20 15:12:34.285000086,tgi_batch_next_tokens,http,10.128.2.18:3000,tgis-bam,fmaas-monitoring,llama3-mig3g-40gb,openshift-user-workload-monitoring/user-workload,0.9,tgis-bam,3504.138656546757
2024-05-20 15:12:39.285000086,tgi_batch_next_tokens,http,10.128.2.18:3000,tgis-bam,fmaas-monitoring,llama3-mig3g-40gb,openshift-user-workload-monitoring/user-workload,0.9,tgis-bam,5724.440096156099
2024-05-20 15:12:44.285000086,tgi_batch_next_tokens,http,10.128.2.18:3000,tgis-bam,fmaas-monitoring,llama3-mig3g-40gb,openshift-user-workload-monitoring/user-workload,0.9,tgis-bam,5349.18784458281
2024-05-20 15:12:49.285000086,tgi_batch_next_tokens,http,10.128.2.18:3000,tgis-bam,fmaas-monitoring,llama3-mig3g-40gb,openshift-user-workload-monitoring/user-workload,0.9,tgis-bam,5724.440096156099
2024-05-20 15:12:54.285000086,tgi_batch_next_tokens,http,10.128.2.18:3000,tgis-bam,fmaas-monitoring,llama3-mig3g-40gb,openshift-user-workload-monitoring/user-workload,0.9,tgis-bam,5724.440096156099
2024-05-20 15:12:59.285000086,tgi_batch_next_tokens,http,10.128.2.18:3000,tgis-bam,fmaas-monitoring,llama3-mig3g-40gb,openshift-user-workload-monitoring/user-workload,0.9,tgis-bam,5724.440096156099
2024-05-20 15:13:04.285000086,tgi_batch_next_tokens,http,10.128.2.18:3000,tgis-bam,fmaas-monitoring,llama3-mig3g-40gb,openshift-user-workload-monitoring/user-workload,0.9,tgis-bam,5724.440096156099
2024-05-20 15:13:09.285000086,tgi_batch_next_tokens,http,10.128.2.18:3000,tgis-bam,fmaas-monitoring,llama3-mig3g-40gb,openshift-user-workload-monitoring/user-workload,0.9,tgis-bam,5724.440096156099
2024-05-20 15:13:14.285000086,tgi_batch_next_tokens,http,10.128.2.18:3000,tgis-bam,fmaas-monitoring,llama3-mig3g-40gb,openshift-user-workload-monitoring/user-workload,0.9,tgis-bam,5724.440096156099
2024-05-20 15:13:19.285000086,tgi_batch_next_tokens,http,10.128.2.18:3000,tgis-bam,fmaas-monitoring,llama3-mig3g-40gb,openshift-user-workload-monitoring/user-workload,0.9,tgis-bam,4904.458769620872
2024-05-20 15:13:24.285000086,tgi_batch_next_tokens,http,10.128.2.18:3000,tgis-bam,fmaas-monitoring,llama3-mig3g-40gb,openshift-user-workload-monitoring/user-workload,0.9,tgis-bam,4904.458769620872
2024-05-20 15:03:29.285000086,tgi_batch_next_tokens,http,10.128.2.18:3000,tgis-bam,fmaas-monitoring,llama3-mig3g-40gb,openshift-user-workload-monitoring/user-workload,0.95,tgis-bam,5650.5040005448445
2024-05-20 15:03:34.285000086,tgi_batch_next_tokens,http,10.128.2.18:3000,tgis-bam,fmaas-monitoring,llama3-mig3g-40gb,openshift-user-workload-monitoring/user-workload,0.95,tgis-bam,5650.5040005448445
2024-05-20 15:03:39.285000086,tgi_batch_next_tokens,http,10.128.2.18:3000,tgis-bam,fmaas-monitoring,llama3-mig3g-40gb,openshift-user-workload-monitoring/user-workload,0.95,tgis-bam,5076.107584963827
2024-05-20 15:03:44.285000086,tgi_batch_next_tokens,http,10.128.2.18:3000,tgis-bam,fmaas-monitoring,llama3-mig3g-40gb,openshift-user-workload-monitoring/user-workload,0.95,tgis-bam,5076.107584963827
2024-05-20 15:03:49.285000086,tgi_batch_next_tokens,http,10.128.2.18:3000,tgis-bam,fmaas-monitoring,llama3-mig3g-40gb,openshift-user-workload-monitoring/user-workload,0.95,tgis-bam,4619.769186182502
2024-05-20 15:03:54.285000086,tgi_batch_next_tokens,http,10.128.2.18:3000,tgis-bam,fmaas-monitoring,llama3-mig3g-40gb,openshift-user-workload-monitoring/user-workload,0.95,tgis-bam,4619.769186182502
2024-05-20 15:03:59.296000004,tgi_batch_next_tokens,http,10.128.2.18:3000,tgis-bam,fmaas-monitoring,llama3-mig3g-40gb,openshift-user-workload-monitoring/user-workload,0.95,tgis-bam,5138.415402572774
2024-05-20 15:04:04.285000086,tgi_batch_next_tokens,http,10.128.2.18:3000,tgis-bam,fmaas-monitoring,llama3-mig3g-40gb,openshift-user-workload-monitoring/user-workload,0.95,tgis-bam,5138.415402572774
2024-05-20 15:04:09.285000086,tgi_batch_next_tokens,http,10.128.2.18:3000,tgis-bam,fmaas-monitoring,llama3-mig3g-40gb,openshift-user-workload-monitoring/user-workload,0.95,tgis-bam,5691.334442689228
2024-05-20 15:04:14.285000086,tgi_batch_next_tokens,http,10.128.2.18:3000,tgis-bam,fmaas-monitoring,llama3-mig3g-40gb,openshift-user-workload-monitoring/user-workload,0.95,tgis-bam,5691.334442689228
2024-05-20 15:04:19.285000086,tgi_batch_next_tokens,http,10.128.2.18:3000,tgis-bam,fmaas-monitoring,llama3-mig3g-40gb,openshift-user-workload-monitoring/user-workload,0.95,tgis-bam,5691.334442689228
2024-05-20 15:04:24.285000086,tgi_batch_next_tokens,http,10.128.2.18:3000,tgis-bam,fmaas-monitoring,llama3-mig3g-40gb,openshift-user-workload-monitoring/user-workload,0.95,tgis-bam,5691.334442689228
2024-05-20 15:04:29.285000086,tgi_batch_next_tokens,http,10.128.2.18:3000,tgis-bam,fmaas-monitoring,llama3-mig3g-40gb,openshift-user-workload-monitoring/user-workload,0.95,tgis-bam,6632.254192965351
2024-05-20 15:04:34.285000086,tgi_batch_next_tokens,http,10.128.2.18:3000,tgis-bam,fmaas-monitoring,llama3-mig3g-40gb,openshift-user-workload-monitoring/user-workload,0.95,tgis-bam,5691.334442689228
2024-05-20 15:04:39.285000086,tgi_batch_next_tokens,http,10.128.2.18:3000,tgis-bam,fmaas-monitoring,llama3-mig3g-40gb,openshift-user-workload-monitoring/user-workload,0.95,tgis-bam,5691.334442689228
2024-05-20 15:04:44.285000086,tgi_batch_next_tokens,http,10.128.2.18:3000,tgis-bam,fmaas-monitoring,llama3-mig3g-40gb,openshift-user-workload-monitoring/user-workload,0.95,tgis-bam,5691.334442689228
2024-05-20 15:04:49.285000086,tgi_batch_next_tokens,http,10.128.2.18:3000,tgis-bam,fmaas-monitoring,llama3-mig3g-40gb,openshift-user-workload-monitoring/user-workload,0.95,tgis-bam,4563.750411269138
2024-05-20 15:04:54.285000086,tgi_batch_next_tokens,http,10.128.2.18:3000,tgis-bam,fmaas-monitoring,llama3-mig3g-40gb,openshift-user-workload-monitoring/user-workload,0.95,tgis-bam,3799.785977719794
2024-05-20 15:04:59.285000086,tgi_batch_next_tokens,http,10.128.2.18:3000,tgis-bam,fmaas-monitoring,llama3-mig3g-40gb,openshift-user-workload-monitoring/user-workload,0.95,tgis-bam,4563.750411269138
2024-05-20 15:05:04.285000086,tgi_batch_next_tokens,http,10.128.2.18:3000,tgis-bam,fmaas-monitoring,llama3-mig3g-40gb,openshift-user-workload-monitoring/user-workload,0.95,tgis-bam,4563.750411269138
2024-05-20 15:05:09.285000086,tgi_batch_next_tokens,http,10.128.2.18:3000,tgis-bam,fmaas-monitoring,llama3-mig3g-40gb,openshift-user-workload-monitoring/user-workload,0.95,tgis-bam,4563.750411269138
2024-05-20 15:05:14.285000086,tgi_batch_next_tokens,http,10.128.2.18:3000,tgis-bam,fmaas-monitoring,llama3-mig3g-40gb,openshift-user-workload-monitoring/user-workload,0.95,tgis-bam,4563.750411269138
2024-05-20 15:05:19.285000086,tgi_batch_next_tokens,http,10.128.2.18:3000,tgis-bam,fmaas-monitoring,llama3-mig3g-40gb,openshift-user-workload-monitoring/user-workload,0.95,tgis-bam,4563.750411269138
2024-05-20 15:05:24.285000086,tgi_batch_next_tokens,http,10.128.2.18:3000,tgis-bam,fmaas-monitoring,llama3-mig3g-40gb,openshift-user-workload-monitoring/user-workload,0.95,tgis-bam,4563.750411269138
2024-05-20 15:05:29.285000086,tgi_batch_next_tokens,http,10.128.2.18:3000,tgis-bam,fmaas-monitoring,llama3-mig3g-40gb,openshift-user-workload-monitoring/user-workload,0.95,tgis-bam,4371.668499751196
2024-05-20 15:05:34.285000086,tgi_batch_next_tokens,http,10.128.2.18:3000,tgis-bam,fmaas-monitoring,llama3-mig3g-40gb,openshift-user-workload-monitoring/user-workload,0.95,tgis-bam,4371.668499751196
2024-05-20 15:05:39.289000034,tgi_batch_next_tokens,http,10.128.2.18:3000,tgis-bam,fmaas-monitoring,llama3-mig3g-40gb,openshift-user-workload-monitoring/user-workload,0.95,tgis-bam,4371.668499751196
2024-05-20 15:05:44.285000086,tgi_batch_next_tokens,http,10.128.2.18:3000,tgis-bam,fmaas-monitoring,llama3-mig3g-40gb,openshift-user-workload-monitoring/user-workload,0.95,tgis-bam,4487.719849059362
2024-05-20 15:05:49.285000086,tgi_batch_next_tokens,http,10.128.2.18:3000,tgis-bam,fmaas-monitoring,llama3-mig3g-40gb,openshift-user-workload-monitoring/user-workload,0.95,tgis-bam,6321.425554790297
2024-05-20 15:05:54.285000086,tgi_batch_next_tokens,http,10.128.2.18:3000,tgis-bam,fmaas-monitoring,llama3-mig3g-40gb,openshift-user-workload-monitoring/user-workload,0.95,tgis-bam,4715.923420036891
2024-05-20 15:05:59.306999922,tgi_batch_next_tokens,http,10.128.2.18:3000,tgis-bam,fmaas-monitoring,llama3-mig3g-40gb,openshift-user-workload-monitoring/user-workload,0.95,tgis-bam,5549.704842186848
2024-05-20 15:06:04.285000086,tgi_batch_next_tokens,http,10.128.2.18:3000,tgis-bam,fmaas-monitoring,llama3-mig3g-40gb,openshift-user-workload-monitoring/user-workload,0.95,tgis-bam,6321.425554790297
2024-05-20 15:06:09.285000086,tgi_batch_next_tokens,http,10.128.2.18:3000,tgis-bam,fmaas-monitoring,llama3-mig3g-40gb,openshift-user-workload-monitoring/user-workload,0.95,tgis-bam,6321.425554790297
2024-05-20 15:06:14.285000086,tgi_batch_next_tokens,http,10.128.2.18:3000,tgis-bam,fmaas-monitoring,llama3-mig3g-40gb,openshift-user-workload-monitoring/user-workload,0.95,tgis-bam,6321.425554790297
2024-05-20 15:06:19.285000086,tgi_batch_next_tokens,http,10.128.2.18:3000,tgis-bam,fmaas-monitoring,llama3-mig3g-40gb,openshift-user-workload-monitoring/user-workload,0.95,tgis-bam,6321.425554790297
2024-05-20 15:06:24.285000086,tgi_batch_next_tokens,http,10.128.2.18:3000,tgis-bam,fmaas-monitoring,llama3-mig3g-40gb,openshift-user-workload-monitoring/user-workload,0.95,tgis-bam,6321.425554790297
2024-05-20 15:06:29.285000086,tgi_batch_next_tokens,http,10.128.2.18:3000,tgis-bam,fmaas-monitoring,llama3-mig3g-40gb,openshift-user-workload-monitoring/user-workload,0.95,tgis-bam,5549.704842186848
2024-05-20 15:06:34.285000086,tgi_batch_next_tokens,http,10.128.2.18:3000,tgis-bam,fmaas-monitoring,llama3-mig3g-40gb,openshift-user-workload-monitoring/user-workload,0.95,tgis-bam,5549.704842186848
2024-05-20 15:06:39.285000086,tgi_batch_next_tokens,http,10.128.2.18:3000,tgis-bam,fmaas-monitoring,llama3-mig3g-40gb,openshift-user-workload-monitoring/user-workload,0.95,tgis-bam,5549.704842186848
2024-05-20 15:06:44.285000086,tgi_batch_next_tokens,http,10.128.2.18:3000,tgis-bam,fmaas-monitoring,llama3-mig3g-40gb,openshift-user-workload-monitoring/user-workload,0.95,tgis-bam,5549.704842186848
2024-05-20 15:06:49.285000086,tgi_batch_next_tokens,http,10.128.2.18:3000,tgis-bam,fmaas-monitoring,llama3-mig3g-40gb,openshift-user-workload-monitoring/user-workload,0.95,tgis-bam,5592.04328140881
2024-05-20 15:06:54.285000086,tgi_batch_next_tokens,http,10.128.2.18:3000,tgis-bam,fmaas-monitoring,llama3-mig3g-40gb,openshift-user-workload-monitoring/user-workload,0.95,tgis-bam,4899.556762247106
2024-05-20 15:06:59.285000086,tgi_batch_next_tokens,http,10.128.2.18:3000,tgis-bam,fmaas-monitoring,llama3-mig3g-40gb,openshift-user-workload-monitoring/user-workload,0.95,tgis-bam,4994.537146306338
2024-05-20 15:07:04.285000086,tgi_batch_next_tokens,http,10.128.2.18:3000,tgis-bam,fmaas-monitoring,llama3-mig3g-40gb,openshift-user-workload-monitoring/user-workload,0.95,tgis-bam,4994.537146306338
2024-05-20 15:07:09.285000086,tgi_batch_next_tokens,http,10.128.2.18:3000,tgis-bam,fmaas-monitoring,llama3-mig3g-40gb,openshift-user-workload-monitoring/user-workload,0.95,tgis-bam,4994.537146306338
2024-05-20 15:07:14.285000086,tgi_batch_next_tokens,http,10.128.2.18:3000,tgis-bam,fmaas-monitoring,llama3-mig3g-40gb,openshift-user-workload-monitoring/user-workload,0.95,tgis-bam,4994.537146306338
2024-05-20 15:07:19.285000086,tgi_batch_next_tokens,http,10.128.2.18:3000,tgis-bam,fmaas-monitoring,llama3-mig3g-40gb,openshift-user-workload-monitoring/user-workload,0.95,tgis-bam,4994.537146306338
2024-05-20 15:07:24.285000086,tgi_batch_next_tokens,http,10.128.2.18:3000,tgis-bam,fmaas-monitoring,llama3-mig3g-40gb,openshift-user-workload-monitoring/user-workload,0.95,tgis-bam,4994.537146306338
2024-05-20 15:07:29.285000086,tgi_batch_next_tokens,http,10.128.2.18:3000,tgis-bam,fmaas-monitoring,llama3-mig3g-40gb,openshift-user-workload-monitoring/user-workload,0.95,tgis-bam,4994.537146306338
2024-05-20 15:07:34.285000086,tgi_batch_next_tokens,http,10.128.2.18:3000,tgis-bam,fmaas-monitoring,llama3-mig3g-40gb,openshift-user-workload-monitoring/user-workload,0.95,tgis-bam,4994.537146306338
2024-05-20 15:07:39.285000086,tgi_batch_next_tokens,http,10.128.2.18:3000,tgis-bam,fmaas-monitoring,llama3-mig3g-40gb,openshift-user-workload-monitoring/user-workload,0.95,tgis-bam,4994.537146306338
2024-05-20 15:07:44.285000086,tgi_batch_next_tokens,http,10.128.2.18:3000,tgis-bam,fmaas-monitoring,llama3-mig3g-40gb,openshift-user-workload-monitoring/user-workload,0.95,tgis-bam,4876.095242403835
2024-05-20 15:07:49.285000086,tgi_batch_next_tokens,http,10.128.2.18:3000,tgis-bam,fmaas-monitoring,llama3-mig3g-40gb,openshift-user-workload-monitoring/user-workload,0.95,tgis-bam,4876.095242403835
2024-05-20 15:07:54.285000086,tgi_batch_next_tokens,http,10.128.2.18:3000,tgis-bam,fmaas-monitoring,llama3-mig3g-40gb,openshift-user-workload-monitoring/user-workload,0.95,tgis-bam,6269.801811680406
2024-05-20 15:07:59.285000086,tgi_batch_next_tokens,http,10.128.2.18:3000,tgis-bam,fmaas-monitoring,llama3-mig3g-40gb,openshift-user-workload-monitoring/user-workload,0.95,tgis-bam,6713.66328008075
2024-05-20 15:08:04.285000086,tgi_batch_next_tokens,http,10.128.2.18:3000,tgis-bam,fmaas-monitoring,llama3-mig3g-40gb,openshift-user-workload-monitoring/user-workload,0.95,tgis-bam,6713.66328008075
2024-05-20 15:08:09.285000086,tgi_batch_next_tokens,http,10.128.2.18:3000,tgis-bam,fmaas-monitoring,llama3-mig3g-40gb,openshift-user-workload-monitoring/user-workload,0.95,tgis-bam,6713.66328008075
2024-05-20 15:08:14.285000086,tgi_batch_next_tokens,http,10.128.2.18:3000,tgis-bam,fmaas-monitoring,llama3-mig3g-40gb,openshift-user-workload-monitoring/user-workload,0.95,tgis-bam,6713.66328008075
2024-05-20 15:08:19.375000000,tgi_batch_next_tokens,http,10.128.2.18:3000,tgis-bam,fmaas-monitoring,llama3-mig3g-40gb,openshift-user-workload-monitoring/user-workload,0.95,tgis-bam,6713.66328008075
2024-05-20 15:08:24.285000086,tgi_batch_next_tokens,http,10.128.2.18:3000,tgis-bam,fmaas-monitoring,llama3-mig3g-40gb,openshift-user-workload-monitoring/user-workload,0.95,tgis-bam,6713.66328008075
2024-05-20 15:08:29.285000086,tgi_batch_next_tokens,http,10.128.2.18:3000,tgis-bam,fmaas-monitoring,llama3-mig3g-40gb,openshift-user-workload-monitoring/user-workload,0.95,tgis-bam,6890.507539206573
2024-05-20 15:08:34.285000086,tgi_batch_next_tokens,http,10.128.2.18:3000,tgis-bam,fmaas-monitoring,llama3-mig3g-40gb,openshift-user-workload-monitoring/user-workload,0.95,tgis-bam,6890.507539206573
2024-05-20 15:08:39.285000086,tgi_batch_next_tokens,http,10.128.2.18:3000,tgis-bam,fmaas-monitoring,llama3-mig3g-40gb,openshift-user-workload-monitoring/user-workload,0.95,tgis-bam,6890.507539206573
2024-05-20 15:08:44.285000086,tgi_batch_next_tokens,http,10.128.2.18:3000,tgis-bam,fmaas-monitoring,llama3-mig3g-40gb,openshift-user-workload-monitoring/user-workload,0.95,tgis-bam,6890.507539206573
2024-05-20 15:08:49.285000086,tgi_batch_next_tokens,http,10.128.2.18:3000,tgis-bam,fmaas-monitoring,llama3-mig3g-40gb,openshift-user-workload-monitoring/user-workload,0.95,tgis-bam,6327.750142132793
2024-05-20 15:08:54.303999901,tgi_batch_next_tokens,http,10.128.2.18:3000,tgis-bam,fmaas-monitoring,llama3-mig3g-40gb,openshift-user-workload-monitoring/user-workload,0.95,tgis-bam,5539.724358567631
2024-05-20 15:08:59.285000086,tgi_batch_next_tokens,http,10.128.2.18:3000,tgis-bam,fmaas-monitoring,llama3-mig3g-40gb,openshift-user-workload-monitoring/user-workload,0.95,tgis-bam,5539.724358567631
2024-05-20 15:09:04.285000086,tgi_batch_next_tokens,http,10.128.2.18:3000,tgis-bam,fmaas-monitoring,llama3-mig3g-40gb,openshift-user-workload-monitoring/user-workload,0.95,tgis-bam,5539.724358567631
2024-05-20 15:09:09.285000086,tgi_batch_next_tokens,http,10.128.2.18:3000,tgis-bam,fmaas-monitoring,llama3-mig3g-40gb,openshift-user-workload-monitoring/user-workload,0.95,tgis-bam,5539.724358567631
2024-05-20 15:09:14.285000086,tgi_batch_next_tokens,http,10.128.2.18:3000,tgis-bam,fmaas-monitoring,llama3-mig3g-40gb,openshift-user-workload-monitoring/user-workload,0.95,tgis-bam,5539.724358567631
2024-05-20 15:09:19.285000086,tgi_batch_next_tokens,http,10.128.2.18:3000,tgis-bam,fmaas-monitoring,llama3-mig3g-40gb,openshift-user-workload-monitoring/user-workload,0.95,tgis-bam,5539.724358567631
2024-05-20 15:09:24.285000086,tgi_batch_next_tokens,http,10.128.2.18:3000,tgis-bam,fmaas-monitoring,llama3-mig3g-40gb,openshift-user-workload-monitoring/user-workload,0.95,tgis-bam,5539.724358567631
2024-05-20 15:09:29.285000086,tgi_batch_next_tokens,http,10.128.2.18:3000,tgis-bam,fmaas-monitoring,llama3-mig3g-40gb,openshift-user-workload-monitoring/user-workload,0.95,tgis-bam,3981.8428654464055
2024-05-20 15:09:34.285000086,tgi_batch_next_tokens,http,10.128.2.18:3000,tgis-bam,fmaas-monitoring,llama3-mig3g-40gb,openshift-user-workload-monitoring/user-workload,0.95,tgis-bam,5478.02560353052
2024-05-20 15:09:39.285000086,tgi_batch_next_tokens,http,10.128.2.18:3000,tgis-bam,fmaas-monitoring,llama3-mig3g-40gb,openshift-user-workload-monitoring/user-workload,0.95,tgis-bam,5539.724358567631
2024-05-20 15:09:44.285000086,tgi_batch_next_tokens,http,10.128.2.18:3000,tgis-bam,fmaas-monitoring,llama3-mig3g-40gb,openshift-user-workload-monitoring/user-workload,0.95,tgis-bam,5478.02560353052
2024-05-20 15:09:49.285000086,tgi_batch_next_tokens,http,10.128.2.18:3000,tgis-bam,fmaas-monitoring,llama3-mig3g-40gb,openshift-user-workload-monitoring/user-workload,0.95,tgis-bam,6965.328325870766
2024-05-20 15:09:54.285000086,tgi_batch_next_tokens,http,10.128.2.18:3000,tgis-bam,fmaas-monitoring,llama3-mig3g-40gb,openshift-user-workload-monitoring/user-workload,0.95,tgis-bam,8081.23531210577
2024-05-20 15:09:59.285000086,tgi_batch_next_tokens,http,10.128.2.18:3000,tgis-bam,fmaas-monitoring,llama3-mig3g-40gb,openshift-user-workload-monitoring/user-workload,0.95,tgis-bam,8081.23531210577
2024-05-20 15:10:04.285000086,tgi_batch_next_tokens,http,10.128.2.18:3000,tgis-bam,fmaas-monitoring,llama3-mig3g-40gb,openshift-user-workload-monitoring/user-workload,0.95,tgis-bam,6965.328325870766
2024-05-20 15:10:09.285000086,tgi_batch_next_tokens,http,10.128.2.18:3000,tgis-bam,fmaas-monitoring,llama3-mig3g-40gb,openshift-user-workload-monitoring/user-workload,0.95,tgis-bam,6965.328325870766
2024-05-20 15:10:14.289999962,tgi_batch_next_tokens,http,10.128.2.18:3000,tgis-bam,fmaas-monitoring,llama3-mig3g-40gb,openshift-user-workload-monitoring/user-workload,0.95,tgis-bam,6965.328325870766
2024-05-20 15:10:19.285000086,tgi_batch_next_tokens,http,10.128.2.18:3000,tgis-bam,fmaas-monitoring,llama3-mig3g-40gb,openshift-user-workload-monitoring/user-workload,0.95,tgis-bam,6965.328325870766
2024-05-20 15:10:24.285000086,tgi_batch_next_tokens,http,10.128.2.18:3000,tgis-bam,fmaas-monitoring,llama3-mig3g-40gb,openshift-user-workload-monitoring/user-workload,0.95,tgis-bam,6965.328325870766
2024-05-20 15:10:29.285000086,tgi_batch_next_tokens,http,10.128.2.18:3000,tgis-bam,fmaas-monitoring,llama3-mig3g-40gb,openshift-user-workload-monitoring/user-workload,0.95,tgis-bam,8081.23531210577
2024-05-20 15:10:34.285000086,tgi_batch_next_tokens,http,10.128.2.18:3000,tgis-bam,fmaas-monitoring,llama3-mig3g-40gb,openshift-user-workload-monitoring/user-workload,0.95,tgis-bam,6905.683343106807
2024-05-20 15:10:39.285000086,tgi_batch_next_tokens,http,10.128.2.18:3000,tgis-bam,fmaas-monitoring,llama3-mig3g-40gb,openshift-user-workload-monitoring/user-workload,0.95,tgis-bam,6905.683343106807
2024-05-20 15:10:44.285000086,tgi_batch_next_tokens,http,10.128.2.18:3000,tgis-bam,fmaas-monitoring,llama3-mig3g-40gb,openshift-user-workload-monitoring/user-workload,0.95,tgis-bam,6905.683343106807
2024-05-20 15:10:49.285000086,tgi_batch_next_tokens,http,10.128.2.18:3000,tgis-bam,fmaas-monitoring,llama3-mig3g-40gb,openshift-user-workload-monitoring/user-workload,0.95,tgis-bam,3492.9433348765015
2024-05-20 15:10:54.285000086,tgi_batch_next_tokens,http,10.128.2.18:3000,tgis-bam,fmaas-monitoring,llama3-mig3g-40gb,openshift-user-workload-monitoring/user-workload,0.95,tgis-bam,5754.284713510878
2024-05-20 15:10:59.285000086,tgi_batch_next_tokens,http,10.128.2.18:3000,tgis-bam,fmaas-monitoring,llama3-mig3g-40gb,openshift-user-workload-monitoring/user-workload,0.95,tgis-bam,5754.284713510878
2024-05-20 15:11:04.285000086,tgi_batch_next_tokens,http,10.128.2.18:3000,tgis-bam,fmaas-monitoring,llama3-mig3g-40gb,openshift-user-workload-monitoring/user-workload,0.95,tgis-bam,4543.71402177502
2024-05-20 15:11:09.285000086,tgi_batch_next_tokens,http,10.128.2.18:3000,tgis-bam,fmaas-monitoring,llama3-mig3g-40gb,openshift-user-workload-monitoring/user-workload,0.95,tgis-bam,5754.284713510878
2024-05-20 15:11:14.285000086,tgi_batch_next_tokens,http,10.128.2.18:3000,tgis-bam,fmaas-monitoring,llama3-mig3g-40gb,openshift-user-workload-monitoring/user-workload,0.95,tgis-bam,5754.284713510878
2024-05-20 15:11:19.285000086,tgi_batch_next_tokens,http,10.128.2.18:3000,tgis-bam,fmaas-monitoring,llama3-mig3g-40gb,openshift-user-workload-monitoring/user-workload,0.95,tgis-bam,5754.284713510878
2024-05-20 15:11:24.285000086,tgi_batch_next_tokens,http,10.128.2.18:3000,tgis-bam,fmaas-monitoring,llama3-mig3g-40gb,openshift-user-workload-monitoring/user-workload,0.95,tgis-bam,5754.284713510878
2024-05-20 15:11:29.285000086,tgi_batch_next_tokens,http,10.128.2.18:3000,tgis-bam,fmaas-monitoring,llama3-mig3g-40gb,openshift-user-workload-monitoring/user-workload,0.95,tgis-bam,4543.71402177502
2024-05-20 15:11:34.285000086,tgi_batch_next_tokens,http,10.128.2.18:3000,tgis-bam,fmaas-monitoring,llama3-mig3g-40gb,openshift-user-workload-monitoring/user-workload,0.95,tgis-bam,4543.71402177502
2024-05-20 15:11:39.285000086,tgi_batch_next_tokens,http,10.128.2.18:3000,tgis-bam,fmaas-monitoring,llama3-mig3g-40gb,openshift-user-workload-monitoring/user-workload,0.95,tgis-bam,5754.284713510878
2024-05-20 15:11:44.285000086,tgi_batch_next_tokens,http,10.128.2.18:3000,tgis-bam,fmaas-monitoring,llama3-mig3g-40gb,openshift-user-workload-monitoring/user-workload,0.95,tgis-bam,5754.284713510878
2024-05-20 15:11:49.285000086,tgi_batch_next_tokens,http,10.128.2.18:3000,tgis-bam,fmaas-monitoring,llama3-mig3g-40gb,openshift-user-workload-monitoring/user-workload,0.95,tgis-bam,5539.724358567631
2024-05-20 15:11:54.285000086,tgi_batch_next_tokens,http,10.128.2.18:3000,tgis-bam,fmaas-monitoring,llama3-mig3g-40gb,openshift-user-workload-monitoring/user-workload,0.95,tgis-bam,5539.724358567631
2024-05-20 15:11:59.285000086,tgi_batch_next_tokens,http,10.128.2.18:3000,tgis-bam,fmaas-monitoring,llama3-mig3g-40gb,openshift-user-workload-monitoring/user-workload,0.95,tgis-bam,5942.58809662282
2024-05-20 15:12:04.285000086,tgi_batch_next_tokens,http,10.128.2.18:3000,tgis-bam,fmaas-monitoring,llama3-mig3g-40gb,openshift-user-workload-monitoring/user-workload,0.95,tgis-bam,5942.58809662282
2024-05-20 15:12:09.285000086,tgi_batch_next_tokens,http,10.128.2.18:3000,tgis-bam,fmaas-monitoring,llama3-mig3g-40gb,openshift-user-workload-monitoring/user-workload,0.95,tgis-bam,5942.58809662282
2024-05-20 15:12:14.285000086,tgi_batch_next_tokens,http,10.128.2.18:3000,tgis-bam,fmaas-monitoring,llama3-mig3g-40gb,openshift-user-workload-monitoring/user-workload,0.95,tgis-bam,5942.58809662282
2024-05-20 15:12:19.285000086,tgi_batch_next_tokens,http,10.128.2.18:3000,tgis-bam,fmaas-monitoring,llama3-mig3g-40gb,openshift-user-workload-monitoring/user-workload,0.95,tgis-bam,5942.58809662282
2024-05-20 15:12:24.285000086,tgi_batch_next_tokens,http,10.128.2.18:3000,tgis-bam,fmaas-monitoring,llama3-mig3g-40gb,openshift-user-workload-monitoring/user-workload,0.95,tgis-bam,5942.58809662282
2024-05-20 15:12:29.285000086,tgi_batch_next_tokens,http,10.128.2.18:3000,tgis-bam,fmaas-monitoring,llama3-mig3g-40gb,openshift-user-workload-monitoring/user-workload,0.95,tgis-bam,5942.58809662282
2024-05-20 15:12:34.285000086,tgi_batch_next_tokens,http,10.128.2.18:3000,tgis-bam,fmaas-monitoring,llama3-mig3g-40gb,openshift-user-workload-monitoring/user-workload,0.95,tgis-bam,5349.18784458281
2024-05-20 15:12:39.285000086,tgi_batch_next_tokens,http,10.128.2.18:3000,tgis-bam,fmaas-monitoring,llama3-mig3g-40gb,openshift-user-workload-monitoring/user-workload,0.95,tgis-bam,5942.58809662282
2024-05-20 15:12:44.285000086,tgi_batch_next_tokens,http,10.128.2.18:3000,tgis-bam,fmaas-monitoring,llama3-mig3g-40gb,openshift-user-workload-monitoring/user-workload,0.95,tgis-bam,5942.58809662282
2024-05-20 15:12:49.285000086,tgi_batch_next_tokens,http,10.128.2.18:3000,tgis-bam,fmaas-monitoring,llama3-mig3g-40gb,openshift-user-workload-monitoring/user-workload,0.95,tgis-bam,6073.5589126203295
2024-05-20 15:12:54.285000086,tgi_batch_next_tokens,http,10.128.2.18:3000,tgis-bam,fmaas-monitoring,llama3-mig3g-40gb,openshift-user-workload-monitoring/user-workload,0.95,tgis-bam,6073.5589126203295
2024-05-20 15:12:59.285000086,tgi_batch_next_tokens,http,10.128.2.18:3000,tgis-bam,fmaas-monitoring,llama3-mig3g-40gb,openshift-user-workload-monitoring/user-workload,0.95,tgis-bam,6073.5589126203295
2024-05-20 15:13:04.285000086,tgi_batch_next_tokens,http,10.128.2.18:3000,tgis-bam,fmaas-monitoring,llama3-mig3g-40gb,openshift-user-workload-monitoring/user-workload,0.95,tgis-bam,6073.5589126203295
2024-05-20 15:13:09.285000086,tgi_batch_next_tokens,http,10.128.2.18:3000,tgis-bam,fmaas-monitoring,llama3-mig3g-40gb,openshift-user-workload-monitoring/user-workload,0.95,tgis-bam,6073.5589126203295
2024-05-20 15:13:14.285000086,tgi_batch_next_tokens,http,10.128.2.18:3000,tgis-bam,fmaas-monitoring,llama3-mig3g-40gb,openshift-user-workload-monitoring/user-workload,0.95,tgis-bam,6073.5589126203295
2024-05-20 15:13:19.285000086,tgi_batch_next_tokens,http,10.128.2.18:3000,tgis-bam,fmaas-monitoring,llama3-mig3g-40gb,openshift-user-workload-monitoring/user-workload,0.95,tgis-bam,5724.440096156099
2024-05-20 15:13:24.285000086,tgi_batch_next_tokens,http,10.128.2.18:3000,tgis-bam,fmaas-monitoring,llama3-mig3g-40gb,openshift-user-workload-monitoring/user-workload,0.95,tgis-bam,5724.440096156099
2024-05-20 15:03:29.285000086,tgi_batch_next_tokens,http,10.128.2.18:3000,tgis-bam,fmaas-monitoring,llama3-mig3g-40gb,openshift-user-workload-monitoring/user-workload,0.99,tgis-bam,5650.5040005448445
2024-05-20 15:03:34.285000086,tgi_batch_next_tokens,http,10.128.2.18:3000,tgis-bam,fmaas-monitoring,llama3-mig3g-40gb,openshift-user-workload-monitoring/user-workload,0.99,tgis-bam,5650.5040005448445
2024-05-20 15:03:39.285000086,tgi_batch_next_tokens,http,10.128.2.18:3000,tgis-bam,fmaas-monitoring,llama3-mig3g-40gb,openshift-user-workload-monitoring/user-workload,0.99,tgis-bam,5650.5040005448445
2024-05-20 15:03:44.285000086,tgi_batch_next_tokens,http,10.128.2.18:3000,tgis-bam,fmaas-monitoring,llama3-mig3g-40gb,openshift-user-workload-monitoring/user-workload,0.99,tgis-bam,5650.5040005448445
2024-05-20 15:03:49.285000086,tgi_batch_next_tokens,http,10.128.2.18:3000,tgis-bam,fmaas-monitoring,llama3-mig3g-40gb,openshift-user-workload-monitoring/user-workload,0.99,tgis-bam,4619.769186182502
2024-05-20 15:03:54.285000086,tgi_batch_next_tokens,http,10.128.2.18:3000,tgis-bam,fmaas-monitoring,llama3-mig3g-40gb,openshift-user-workload-monitoring/user-workload,0.99,tgis-bam,5076.107584963827
2024-05-20 15:03:59.296000004,tgi_batch_next_tokens,http,10.128.2.18:3000,tgis-bam,fmaas-monitoring,llama3-mig3g-40gb,openshift-user-workload-monitoring/user-workload,0.99,tgis-bam,5691.334442689228
2024-05-20 15:04:04.285000086,tgi_batch_next_tokens,http,10.128.2.18:3000,tgis-bam,fmaas-monitoring,llama3-mig3g-40gb,openshift-user-workload-monitoring/user-workload,0.99,tgis-bam,5691.334442689228
2024-05-20 15:04:09.285000086,tgi_batch_next_tokens,http,10.128.2.18:3000,tgis-bam,fmaas-monitoring,llama3-mig3g-40gb,openshift-user-workload-monitoring/user-workload,0.99,tgis-bam,6632.254192965351
2024-05-20 15:04:14.285000086,tgi_batch_next_tokens,http,10.128.2.18:3000,tgis-bam,fmaas-monitoring,llama3-mig3g-40gb,openshift-user-workload-monitoring/user-workload,0.99,tgis-bam,6632.254192965351
2024-05-20 15:04:19.285000086,tgi_batch_next_tokens,http,10.128.2.18:3000,tgis-bam,fmaas-monitoring,llama3-mig3g-40gb,openshift-user-workload-monitoring/user-workload,0.99,tgis-bam,6632.254192965351
2024-05-20 15:04:24.285000086,tgi_batch_next_tokens,http,10.128.2.18:3000,tgis-bam,fmaas-monitoring,llama3-mig3g-40gb,openshift-user-workload-monitoring/user-workload,0.99,tgis-bam,6632.254192965351
2024-05-20 15:04:29.285000086,tgi_batch_next_tokens,http,10.128.2.18:3000,tgis-bam,fmaas-monitoring,llama3-mig3g-40gb,openshift-user-workload-monitoring/user-workload,0.99,tgis-bam,6632.254192965351
2024-05-20 15:04:34.285000086,tgi_batch_next_tokens,http,10.128.2.18:3000,tgis-bam,fmaas-monitoring,llama3-mig3g-40gb,openshift-user-workload-monitoring/user-workload,0.99,tgis-bam,6632.254192965351
2024-05-20 15:04:39.285000086,tgi_batch_next_tokens,http,10.128.2.18:3000,tgis-bam,fmaas-monitoring,llama3-mig3g-40gb,openshift-user-workload-monitoring/user-workload,0.99,tgis-bam,6632.254192965351
2024-05-20 15:04:44.285000086,tgi_batch_next_tokens,http,10.128.2.18:3000,tgis-bam,fmaas-monitoring,llama3-mig3g-40gb,openshift-user-workload-monitoring/user-workload,0.99,tgis-bam,6632.254192965351
2024-05-20 15:04:49.285000086,tgi_batch_next_tokens,http,10.128.2.18:3000,tgis-bam,fmaas-monitoring,llama3-mig3g-40gb,openshift-user-workload-monitoring/user-workload,0.99,tgis-bam,4563.750411269138
2024-05-20 15:04:54.285000086,tgi_batch_next_tokens,http,10.128.2.18:3000,tgis-bam,fmaas-monitoring,llama3-mig3g-40gb,openshift-user-workload-monitoring/user-workload,0.99,tgis-bam,4563.750411269138
2024-05-20 15:04:59.285000086,tgi_batch_next_tokens,http,10.128.2.18:3000,tgis-bam,fmaas-monitoring,llama3-mig3g-40gb,openshift-user-workload-monitoring/user-workload,0.99,tgis-bam,5760.041876345234
2024-05-20 15:05:04.285000086,tgi_batch_next_tokens,http,10.128.2.18:3000,tgis-bam,fmaas-monitoring,llama3-mig3g-40gb,openshift-user-workload-monitoring/user-workload,0.99,tgis-bam,5760.041876345234
2024-05-20 15:05:09.285000086,tgi_batch_next_tokens,http,10.128.2.18:3000,tgis-bam,fmaas-monitoring,llama3-mig3g-40gb,openshift-user-workload-monitoring/user-workload,0.99,tgis-bam,5760.041876345234
2024-05-20 15:05:14.285000086,tgi_batch_next_tokens,http,10.128.2.18:3000,tgis-bam,fmaas-monitoring,llama3-mig3g-40gb,openshift-user-workload-monitoring/user-workload,0.99,tgis-bam,5760.041876345234
2024-05-20 15:05:19.285000086,tgi_batch_next_tokens,http,10.128.2.18:3000,tgis-bam,fmaas-monitoring,llama3-mig3g-40gb,openshift-user-workload-monitoring/user-workload,0.99,tgis-bam,5760.041876345234
2024-05-20 15:05:24.285000086,tgi_batch_next_tokens,http,10.128.2.18:3000,tgis-bam,fmaas-monitoring,llama3-mig3g-40gb,openshift-user-workload-monitoring/user-workload,0.99,tgis-bam,5760.041876345234
2024-05-20 15:05:29.285000086,tgi_batch_next_tokens,http,10.128.2.18:3000,tgis-bam,fmaas-monitoring,llama3-mig3g-40gb,openshift-user-workload-monitoring/user-workload,0.99,tgis-bam,4371.668499751196
2024-05-20 15:05:34.285000086,tgi_batch_next_tokens,http,10.128.2.18:3000,tgis-bam,fmaas-monitoring,llama3-mig3g-40gb,openshift-user-workload-monitoring/user-workload,0.99,tgis-bam,4371.668499751196
2024-05-20 15:05:39.289000034,tgi_batch_next_tokens,http,10.128.2.18:3000,tgis-bam,fmaas-monitoring,llama3-mig3g-40gb,openshift-user-workload-monitoring/user-workload,0.99,tgis-bam,4487.719849059362
2024-05-20 15:05:44.285000086,tgi_batch_next_tokens,http,10.128.2.18:3000,tgis-bam,fmaas-monitoring,llama3-mig3g-40gb,openshift-user-workload-monitoring/user-workload,0.99,tgis-bam,6027.574825598339
2024-05-20 15:05:49.285000086,tgi_batch_next_tokens,http,10.128.2.18:3000,tgis-bam,fmaas-monitoring,llama3-mig3g-40gb,openshift-user-workload-monitoring/user-workload,0.99,tgis-bam,6321.425554790297
2024-05-20 15:05:54.285000086,tgi_batch_next_tokens,http,10.128.2.18:3000,tgis-bam,fmaas-monitoring,llama3-mig3g-40gb,openshift-user-workload-monitoring/user-workload,0.99,tgis-bam,6321.425554790297
2024-05-20 15:05:59.306999922,tgi_batch_next_tokens,http,10.128.2.18:3000,tgis-bam,fmaas-monitoring,llama3-mig3g-40gb,openshift-user-workload-monitoring/user-workload,0.99,tgis-bam,6321.425554790297
2024-05-20 15:06:04.285000086,tgi_batch_next_tokens,http,10.128.2.18:3000,tgis-bam,fmaas-monitoring,llama3-mig3g-40gb,openshift-user-workload-monitoring/user-workload,0.99,tgis-bam,6362.012417901802
2024-05-20 15:06:09.285000086,tgi_batch_next_tokens,http,10.128.2.18:3000,tgis-bam,fmaas-monitoring,llama3-mig3g-40gb,openshift-user-workload-monitoring/user-workload,0.99,tgis-bam,6362.012417901802
2024-05-20 15:06:14.285000086,tgi_batch_next_tokens,http,10.128.2.18:3000,tgis-bam,fmaas-monitoring,llama3-mig3g-40gb,openshift-user-workload-monitoring/user-workload,0.99,tgis-bam,6362.012417901802
2024-05-20 15:06:19.285000086,tgi_batch_next_tokens,http,10.128.2.18:3000,tgis-bam,fmaas-monitoring,llama3-mig3g-40gb,openshift-user-workload-monitoring/user-workload,0.99,tgis-bam,6362.012417901802
2024-05-20 15:06:24.285000086,tgi_batch_next_tokens,http,10.128.2.18:3000,tgis-bam,fmaas-monitoring,llama3-mig3g-40gb,openshift-user-workload-monitoring/user-workload,0.99,tgis-bam,6362.012417901802
2024-05-20 15:06:29.285000086,tgi_batch_next_tokens,http,10.128.2.18:3000,tgis-bam,fmaas-monitoring,llama3-mig3g-40gb,openshift-user-workload-monitoring/user-workload,0.99,tgis-bam,5549.704842186848
2024-05-20 15:06:34.285000086,tgi_batch_next_tokens,http,10.128.2.18:3000,tgis-bam,fmaas-monitoring,llama3-mig3g-40gb,openshift-user-workload-monitoring/user-workload,0.99,tgis-bam,5549.704842186848
2024-05-20 15:06:39.285000086,tgi_batch_next_tokens,http,10.128.2.18:3000,tgis-bam,fmaas-monitoring,llama3-mig3g-40gb,openshift-user-workload-monitoring/user-workload,0.99,tgis-bam,6362.012417901802
2024-05-20 15:06:44.285000086,tgi_batch_next_tokens,http,10.128.2.18:3000,tgis-bam,fmaas-monitoring,llama3-mig3g-40gb,openshift-user-workload-monitoring/user-workload,0.99,tgis-bam,6362.012417901802
2024-05-20 15:06:49.285000086,tgi_batch_next_tokens,http,10.128.2.18:3000,tgis-bam,fmaas-monitoring,llama3-mig3g-40gb,openshift-user-workload-monitoring/user-workload,0.99,tgis-bam,5592.04328140881
2024-05-20 15:06:54.285000086,tgi_batch_next_tokens,http,10.128.2.18:3000,tgis-bam,fmaas-monitoring,llama3-mig3g-40gb,openshift-user-workload-monitoring/user-workload,0.99,tgis-bam,5592.04328140881
2024-05-20 15:06:59.285000086,tgi_batch_next_tokens,http,10.128.2.18:3000,tgis-bam,fmaas-monitoring,llama3-mig3g-40gb,openshift-user-workload-monitoring/user-workload,0.99,tgis-bam,5592.04328140881
2024-05-20 15:07:04.285000086,tgi_batch_next_tokens,http,10.128.2.18:3000,tgis-bam,fmaas-monitoring,llama3-mig3g-40gb,openshift-user-workload-monitoring/user-workload,0.99,tgis-bam,5592.04328140881
2024-05-20 15:07:09.285000086,tgi_batch_next_tokens,http,10.128.2.18:3000,tgis-bam,fmaas-monitoring,llama3-mig3g-40gb,openshift-user-workload-monitoring/user-workload,0.99,tgis-bam,5592.04328140881
2024-05-20 15:07:14.285000086,tgi_batch_next_tokens,http,10.128.2.18:3000,tgis-bam,fmaas-monitoring,llama3-mig3g-40gb,openshift-user-workload-monitoring/user-workload,0.99,tgis-bam,5592.04328140881
2024-05-20 15:07:19.285000086,tgi_batch_next_tokens,http,10.128.2.18:3000,tgis-bam,fmaas-monitoring,llama3-mig3g-40gb,openshift-user-workload-monitoring/user-workload,0.99,tgis-bam,5592.04328140881
2024-05-20 15:07:24.285000086,tgi_batch_next_tokens,http,10.128.2.18:3000,tgis-bam,fmaas-monitoring,llama3-mig3g-40gb,openshift-user-workload-monitoring/user-workload,0.99,tgis-bam,5592.04328140881
2024-05-20 15:07:29.285000086,tgi_batch_next_tokens,http,10.128.2.18:3000,tgis-bam,fmaas-monitoring,llama3-mig3g-40gb,openshift-user-workload-monitoring/user-workload,0.99,tgis-bam,4994.537146306338
2024-05-20 15:07:34.285000086,tgi_batch_next_tokens,http,10.128.2.18:3000,tgis-bam,fmaas-monitoring,llama3-mig3g-40gb,openshift-user-workload-monitoring/user-workload,0.99,tgis-bam,4994.537146306338
2024-05-20 15:07:39.285000086,tgi_batch_next_tokens,http,10.128.2.18:3000,tgis-bam,fmaas-monitoring,llama3-mig3g-40gb,openshift-user-workload-monitoring/user-workload,0.99,tgis-bam,4994.537146306338
2024-05-20 15:07:44.285000086,tgi_batch_next_tokens,http,10.128.2.18:3000,tgis-bam,fmaas-monitoring,llama3-mig3g-40gb,openshift-user-workload-monitoring/user-workload,0.99,tgis-bam,4994.537146306338
2024-05-20 15:07:49.285000086,tgi_batch_next_tokens,http,10.128.2.18:3000,tgis-bam,fmaas-monitoring,llama3-mig3g-40gb,openshift-user-workload-monitoring/user-workload,0.99,tgis-bam,4876.095242403835
2024-05-20 15:07:54.285000086,tgi_batch_next_tokens,http,10.128.2.18:3000,tgis-bam,fmaas-monitoring,llama3-mig3g-40gb,openshift-user-workload-monitoring/user-workload,0.99,tgis-bam,6713.66328008075
2024-05-20 15:07:59.285000086,tgi_batch_next_tokens,http,10.128.2.18:3000,tgis-bam,fmaas-monitoring,llama3-mig3g-40gb,openshift-user-workload-monitoring/user-workload,0.99,tgis-bam,6890.507539206573
2024-05-20 15:08:04.285000086,tgi_batch_next_tokens,http,10.128.2.18:3000,tgis-bam,fmaas-monitoring,llama3-mig3g-40gb,openshift-user-workload-monitoring/user-workload,0.99,tgis-bam,6890.507539206573
2024-05-20 15:08:09.285000086,tgi_batch_next_tokens,http,10.128.2.18:3000,tgis-bam,fmaas-monitoring,llama3-mig3g-40gb,openshift-user-workload-monitoring/user-workload,0.99,tgis-bam,6890.507539206573
2024-05-20 15:08:14.285000086,tgi_batch_next_tokens,http,10.128.2.18:3000,tgis-bam,fmaas-monitoring,llama3-mig3g-40gb,openshift-user-workload-monitoring/user-workload,0.99,tgis-bam,6890.507539206573
2024-05-20 15:08:19.375000000,tgi_batch_next_tokens,http,10.128.2.18:3000,tgis-bam,fmaas-monitoring,llama3-mig3g-40gb,openshift-user-workload-monitoring/user-workload,0.99,tgis-bam,6890.507539206573
2024-05-20 15:08:24.285000086,tgi_batch_next_tokens,http,10.128.2.18:3000,tgis-bam,fmaas-monitoring,llama3-mig3g-40gb,openshift-user-workload-monitoring/user-workload,0.99,tgis-bam,6890.507539206573
2024-05-20 15:08:29.285000086,tgi_batch_next_tokens,http,10.128.2.18:3000,tgis-bam,fmaas-monitoring,llama3-mig3g-40gb,openshift-user-workload-monitoring/user-workload,0.99,tgis-bam,6890.507539206573
2024-05-20 15:08:34.285000086,tgi_batch_next_tokens,http,10.128.2.18:3000,tgis-bam,fmaas-monitoring,llama3-mig3g-40gb,openshift-user-workload-monitoring/user-workload,0.99,tgis-bam,6890.507539206573
2024-05-20 15:08:39.285000086,tgi_batch_next_tokens,http,10.128.2.18:3000,tgis-bam,fmaas-monitoring,llama3-mig3g-40gb,openshift-user-workload-monitoring/user-workload,0.99,tgis-bam,6890.507539206573
2024-05-20 15:08:44.285000086,tgi_batch_next_tokens,http,10.128.2.18:3000,tgis-bam,fmaas-monitoring,llama3-mig3g-40gb,openshift-user-workload-monitoring/user-workload,0.99,tgis-bam,9527.14170405977
2024-05-20 15:08:49.285000086,tgi_batch_next_tokens,http,10.128.2.18:3000,tgis-bam,fmaas-monitoring,llama3-mig3g-40gb,openshift-user-workload-monitoring/user-workload,0.99,tgis-bam,6327.750142132793
2024-05-20 15:08:54.303999901,tgi_batch_next_tokens,http,10.128.2.18:3000,tgis-bam,fmaas-monitoring,llama3-mig3g-40gb,openshift-user-workload-monitoring/user-workload,0.99,tgis-bam,6327.750142132793
2024-05-20 15:08:59.285000086,tgi_batch_next_tokens,http,10.128.2.18:3000,tgis-bam,fmaas-monitoring,llama3-mig3g-40gb,openshift-user-workload-monitoring/user-workload,0.99,tgis-bam,6327.750142132793
2024-05-20 15:09:04.285000086,tgi_batch_next_tokens,http,10.128.2.18:3000,tgis-bam,fmaas-monitoring,llama3-mig3g-40gb,openshift-user-workload-monitoring/user-workload,0.99,tgis-bam,6327.750142132793
2024-05-20 15:09:09.285000086,tgi_batch_next_tokens,http,10.128.2.18:3000,tgis-bam,fmaas-monitoring,llama3-mig3g-40gb,openshift-user-workload-monitoring/user-workload,0.99,tgis-bam,6327.750142132793
2024-05-20 15:09:14.285000086,tgi_batch_next_tokens,http,10.128.2.18:3000,tgis-bam,fmaas-monitoring,llama3-mig3g-40gb,openshift-user-workload-monitoring/user-workload,0.99,tgis-bam,6327.750142132793
2024-05-20 15:09:19.285000086,tgi_batch_next_tokens,http,10.128.2.18:3000,tgis-bam,fmaas-monitoring,llama3-mig3g-40gb,openshift-user-workload-monitoring/user-workload,0.99,tgis-bam,6327.750142132793
2024-05-20 15:09:24.285000086,tgi_batch_next_tokens,http,10.128.2.18:3000,tgis-bam,fmaas-monitoring,llama3-mig3g-40gb,openshift-user-workload-monitoring/user-workload,0.99,tgis-bam,6327.750142132793
2024-05-20 15:09:29.285000086,tgi_batch_next_tokens,http,10.128.2.18:3000,tgis-bam,fmaas-monitoring,llama3-mig3g-40gb,openshift-user-workload-monitoring/user-workload,0.99,tgis-bam,3981.8428654464055
2024-05-20 15:09:34.285000086,tgi_batch_next_tokens,http,10.128.2.18:3000,tgis-bam,fmaas-monitoring,llama3-mig3g-40gb,openshift-user-workload-monitoring/user-workload,0.99,tgis-bam,5478.02560353052
2024-05-20 15:09:39.285000086,tgi_batch_next_tokens,http,10.128.2.18:3000,tgis-bam,fmaas-monitoring,llama3-mig3g-40gb,openshift-user-workload-monitoring/user-workload,0.99,tgis-bam,5539.724358567631
2024-05-20 15:09:44.285000086,tgi_batch_next_tokens,http,10.128.2.18:3000,tgis-bam,fmaas-monitoring,llama3-mig3g-40gb,openshift-user-workload-monitoring/user-workload,0.99,tgis-bam,5539.724358567631
2024-05-20 15:09:49.285000086,tgi_batch_next_tokens,http,10.128.2.18:3000,tgis-bam,fmaas-monitoring,llama3-mig3g-40gb,openshift-user-workload-monitoring/user-workload,0.99,tgis-bam,6965.328325870766
2024-05-20 15:09:54.285000086,tgi_batch_next_tokens,http,10.128.2.18:3000,tgis-bam,fmaas-monitoring,llama3-mig3g-40gb,openshift-user-workload-monitoring/user-workload,0.99,tgis-bam,8081.23531210577
2024-05-20 15:09:59.285000086,tgi_batch_next_tokens,http,10.128.2.18:3000,tgis-bam,fmaas-monitoring,llama3-mig3g-40gb,openshift-user-workload-monitoring/user-workload,0.99,tgis-bam,8081.23531210577
2024-05-20 15:10:04.285000086,tgi_batch_next_tokens,http,10.128.2.18:3000,tgis-bam,fmaas-monitoring,llama3-mig3g-40gb,openshift-user-workload-monitoring/user-workload,0.99,tgis-bam,8081.23531210577
2024-05-20 15:10:09.285000086,tgi_batch_next_tokens,http,10.128.2.18:3000,tgis-bam,fmaas-monitoring,llama3-mig3g-40gb,openshift-user-workload-monitoring/user-workload,0.99,tgis-bam,8081.23531210577
2024-05-20 15:10:14.289999962,tgi_batch_next_tokens,http,10.128.2.18:3000,tgis-bam,fmaas-monitoring,llama3-mig3g-40gb,openshift-user-workload-monitoring/user-workload,0.99,tgis-bam,8081.23531210577
2024-05-20 15:10:19.285000086,tgi_batch_next_tokens,http,10.128.2.18:3000,tgis-bam,fmaas-monitoring,llama3-mig3g-40gb,openshift-user-workload-monitoring/user-workload,0.99,tgis-bam,8081.23531210577
2024-05-20 15:10:24.285000086,tgi_batch_next_tokens,http,10.128.2.18:3000,tgis-bam,fmaas-monitoring,llama3-mig3g-40gb,openshift-user-workload-monitoring/user-workload,0.99,tgis-bam,8081.23531210577
2024-05-20 15:10:29.285000086,tgi_batch_next_tokens,http,10.128.2.18:3000,tgis-bam,fmaas-monitoring,llama3-mig3g-40gb,openshift-user-workload-monitoring/user-workload,0.99,tgis-bam,8081.23531210577
2024-05-20 15:10:34.285000086,tgi_batch_next_tokens,http,10.128.2.18:3000,tgis-bam,fmaas-monitoring,llama3-mig3g-40gb,openshift-user-workload-monitoring/user-workload,0.99,tgis-bam,8081.23531210577
2024-05-20 15:10:39.285000086,tgi_batch_next_tokens,http,10.128.2.18:3000,tgis-bam,fmaas-monitoring,llama3-mig3g-40gb,openshift-user-workload-monitoring/user-workload,0.99,tgis-bam,8081.23531210577
2024-05-20 15:10:44.285000086,tgi_batch_next_tokens,http,10.128.2.18:3000,tgis-bam,fmaas-monitoring,llama3-mig3g-40gb,openshift-user-workload-monitoring/user-workload,0.99,tgis-bam,8081.23531210577
2024-05-20 15:10:49.285000086,tgi_batch_next_tokens,http,10.128.2.18:3000,tgis-bam,fmaas-monitoring,llama3-mig3g-40gb,openshift-user-workload-monitoring/user-workload,0.99,tgis-bam,8700.188971222906
2024-05-20 15:10:54.285000086,tgi_batch_next_tokens,http,10.128.2.18:3000,tgis-bam,fmaas-monitoring,llama3-mig3g-40gb,openshift-user-workload-monitoring/user-workload,0.99,tgis-bam,8700.188971222906
2024-05-20 15:10:59.285000086,tgi_batch_next_tokens,http,10.128.2.18:3000,tgis-bam,fmaas-monitoring,llama3-mig3g-40gb,openshift-user-workload-monitoring/user-workload,0.99,tgis-bam,8700.188971222906
2024-05-20 15:11:04.285000086,tgi_batch_next_tokens,http,10.128.2.18:3000,tgis-bam,fmaas-monitoring,llama3-mig3g-40gb,openshift-user-workload-monitoring/user-workload,0.99,tgis-bam,8700.188971222906
2024-05-20 15:11:09.285000086,tgi_batch_next_tokens,http,10.128.2.18:3000,tgis-bam,fmaas-monitoring,llama3-mig3g-40gb,openshift-user-workload-monitoring/user-workload,0.99,tgis-bam,8700.188971222906
2024-05-20 15:11:14.285000086,tgi_batch_next_tokens,http,10.128.2.18:3000,tgis-bam,fmaas-monitoring,llama3-mig3g-40gb,openshift-user-workload-monitoring/user-workload,0.99,tgis-bam,8700.188971222906
2024-05-20 15:11:19.285000086,tgi_batch_next_tokens,http,10.128.2.18:3000,tgis-bam,fmaas-monitoring,llama3-mig3g-40gb,openshift-user-workload-monitoring/user-workload,0.99,tgis-bam,8700.188971222906
2024-05-20 15:11:24.285000086,tgi_batch_next_tokens,http,10.128.2.18:3000,tgis-bam,fmaas-monitoring,llama3-mig3g-40gb,openshift-user-workload-monitoring/user-workload,0.99,tgis-bam,8700.188971222906
2024-05-20 15:11:29.285000086,tgi_batch_next_tokens,http,10.128.2.18:3000,tgis-bam,fmaas-monitoring,llama3-mig3g-40gb,openshift-user-workload-monitoring/user-workload,0.99,tgis-bam,5754.284713510878
2024-05-20 15:11:34.285000086,tgi_batch_next_tokens,http,10.128.2.18:3000,tgis-bam,fmaas-monitoring,llama3-mig3g-40gb,openshift-user-workload-monitoring/user-workload,0.99,tgis-bam,5754.284713510878
2024-05-20 15:11:39.285000086,tgi_batch_next_tokens,http,10.128.2.18:3000,tgis-bam,fmaas-monitoring,llama3-mig3g-40gb,openshift-user-workload-monitoring/user-workload,0.99,tgis-bam,7344.448676085229
2024-05-20 15:11:44.285000086,tgi_batch_next_tokens,http,10.128.2.18:3000,tgis-bam,fmaas-monitoring,llama3-mig3g-40gb,openshift-user-workload-monitoring/user-workload,0.99,tgis-bam,7344.448676085229
2024-05-20 15:11:49.285000086,tgi_batch_next_tokens,http,10.128.2.18:3000,tgis-bam,fmaas-monitoring,llama3-mig3g-40gb,openshift-user-workload-monitoring/user-workload,0.99,tgis-bam,5539.724358567631
2024-05-20 15:11:54.285000086,tgi_batch_next_tokens,http,10.128.2.18:3000,tgis-bam,fmaas-monitoring,llama3-mig3g-40gb,openshift-user-workload-monitoring/user-workload,0.99,tgis-bam,6931.974862146965
2024-05-20 15:11:59.285000086,tgi_batch_next_tokens,http,10.128.2.18:3000,tgis-bam,fmaas-monitoring,llama3-mig3g-40gb,openshift-user-workload-monitoring/user-workload,0.99,tgis-bam,6931.974862146965
2024-05-20 15:12:04.285000086,tgi_batch_next_tokens,http,10.128.2.18:3000,tgis-bam,fmaas-monitoring,llama3-mig3g-40gb,openshift-user-workload-monitoring/user-workload,0.99,tgis-bam,6931.974862146965
2024-05-20 15:12:09.285000086,tgi_batch_next_tokens,http,10.128.2.18:3000,tgis-bam,fmaas-monitoring,llama3-mig3g-40gb,openshift-user-workload-monitoring/user-workload,0.99,tgis-bam,6931.974862146965
2024-05-20 15:12:14.285000086,tgi_batch_next_tokens,http,10.128.2.18:3000,tgis-bam,fmaas-monitoring,llama3-mig3g-40gb,openshift-user-workload-monitoring/user-workload,0.99,tgis-bam,6931.974862146965
2024-05-20 15:12:19.285000086,tgi_batch_next_tokens,http,10.128.2.18:3000,tgis-bam,fmaas-monitoring,llama3-mig3g-40gb,openshift-user-workload-monitoring/user-workload,0.99,tgis-bam,6931.974862146965
2024-05-20 15:12:24.285000086,tgi_batch_next_tokens,http,10.128.2.18:3000,tgis-bam,fmaas-monitoring,llama3-mig3g-40gb,openshift-user-workload-monitoring/user-workload,0.99,tgis-bam,6931.974862146965
2024-05-20 15:12:29.285000086,tgi_batch_next_tokens,http,10.128.2.18:3000,tgis-bam,fmaas-monitoring,llama3-mig3g-40gb,openshift-user-workload-monitoring/user-workload,0.99,tgis-bam,5942.58809662282
2024-05-20 15:12:34.285000086,tgi_batch_next_tokens,http,10.128.2.18:3000,tgis-bam,fmaas-monitoring,llama3-mig3g-40gb,openshift-user-workload-monitoring/user-workload,0.99,tgis-bam,5942.58809662282
2024-05-20 15:12:39.285000086,tgi_batch_next_tokens,http,10.128.2.18:3000,tgis-bam,fmaas-monitoring,llama3-mig3g-40gb,openshift-user-workload-monitoring/user-workload,0.99,tgis-bam,6931.974862146965
2024-05-20 15:12:44.285000086,tgi_batch_next_tokens,http,10.128.2.18:3000,tgis-bam,fmaas-monitoring,llama3-mig3g-40gb,openshift-user-workload-monitoring/user-workload,0.99,tgis-bam,6931.974862146965
2024-05-20 15:12:49.285000086,tgi_batch_next_tokens,http,10.128.2.18:3000,tgis-bam,fmaas-monitoring,llama3-mig3g-40gb,openshift-user-workload-monitoring/user-workload,0.99,tgis-bam,6073.5589126203295
2024-05-20 15:12:54.285000086,tgi_batch_next_tokens,http,10.128.2.18:3000,tgis-bam,fmaas-monitoring,llama3-mig3g-40gb,openshift-user-workload-monitoring/user-workload,0.99,tgis-bam,6073.5589126203295
2024-05-20 15:12:59.285000086,tgi_batch_next_tokens,http,10.128.2.18:3000,tgis-bam,fmaas-monitoring,llama3-mig3g-40gb,openshift-user-workload-monitoring/user-workload,0.99,tgis-bam,6073.5589126203295
2024-05-20 15:13:04.285000086,tgi_batch_next_tokens,http,10.128.2.18:3000,tgis-bam,fmaas-monitoring,llama3-mig3g-40gb,openshift-user-workload-monitoring/user-workload,0.99,tgis-bam,6073.5589126203295
2024-05-20 15:13:09.285000086,tgi_batch_next_tokens,http,10.128.2.18:3000,tgis-bam,fmaas-monitoring,llama3-mig3g-40gb,openshift-user-workload-monitoring/user-workload,0.99,tgis-bam,6073.5589126203295
2024-05-20 15:13:14.285000086,tgi_batch_next_tokens,http,10.128.2.18:3000,tgis-bam,fmaas-monitoring,llama3-mig3g-40gb,openshift-user-workload-monitoring/user-workload,0.99,tgis-bam,6073.5589126203295
2024-05-20 15:13:19.285000086,tgi_batch_next_tokens,http,10.128.2.18:3000,tgis-bam,fmaas-monitoring,llama3-mig3g-40gb,openshift-user-workload-monitoring/user-workload,0.99,tgis-bam,6073.5589126203295
2024-05-20 15:13:24.285000086,tgi_batch_next_tokens,http,10.128.2.18:3000,tgis-bam,fmaas-monitoring,llama3-mig3g-40gb,openshift-user-workload-monitoring/user-workload,0.99,tgis-bam,6073.5589126203295
2024-05-20 15:03:29.285000086,tgi_batch_next_tokens,http,10.128.2.18:3000,tgis-bam,fmaas-monitoring,llama3-mig3g-40gb,openshift-user-workload-monitoring/user-workload,0.999,tgis-bam,5650.5040005448445
2024-05-20 15:03:34.285000086,tgi_batch_next_tokens,http,10.128.2.18:3000,tgis-bam,fmaas-monitoring,llama3-mig3g-40gb,openshift-user-workload-monitoring/user-workload,0.999,tgis-bam,5650.5040005448445
2024-05-20 15:03:39.285000086,tgi_batch_next_tokens,http,10.128.2.18:3000,tgis-bam,fmaas-monitoring,llama3-mig3g-40gb,openshift-user-workload-monitoring/user-workload,0.999,tgis-bam,5650.5040005448445
2024-05-20 15:03:44.285000086,tgi_batch_next_tokens,http,10.128.2.18:3000,tgis-bam,fmaas-monitoring,llama3-mig3g-40gb,openshift-user-workload-monitoring/user-workload,0.999,tgis-bam,5650.5040005448445
2024-05-20 15:03:49.285000086,tgi_batch_next_tokens,http,10.128.2.18:3000,tgis-bam,fmaas-monitoring,llama3-mig3g-40gb,openshift-user-workload-monitoring/user-workload,0.999,tgis-bam,4619.769186182502
2024-05-20 15:03:54.285000086,tgi_batch_next_tokens,http,10.128.2.18:3000,tgis-bam,fmaas-monitoring,llama3-mig3g-40gb,openshift-user-workload-monitoring/user-workload,0.999,tgis-bam,5076.107584963827
2024-05-20 15:03:59.296000004,tgi_batch_next_tokens,http,10.128.2.18:3000,tgis-bam,fmaas-monitoring,llama3-mig3g-40gb,openshift-user-workload-monitoring/user-workload,0.999,tgis-bam,5691.334442689228
2024-05-20 15:04:04.285000086,tgi_batch_next_tokens,http,10.128.2.18:3000,tgis-bam,fmaas-monitoring,llama3-mig3g-40gb,openshift-user-workload-monitoring/user-workload,0.999,tgis-bam,5691.334442689228
2024-05-20 15:04:09.285000086,tgi_batch_next_tokens,http,10.128.2.18:3000,tgis-bam,fmaas-monitoring,llama3-mig3g-40gb,openshift-user-workload-monitoring/user-workload,0.999,tgis-bam,6632.254192965351
2024-05-20 15:04:14.285000086,tgi_batch_next_tokens,http,10.128.2.18:3000,tgis-bam,fmaas-monitoring,llama3-mig3g-40gb,openshift-user-workload-monitoring/user-workload,0.999,tgis-bam,6632.254192965351
2024-05-20 15:04:19.285000086,tgi_batch_next_tokens,http,10.128.2.18:3000,tgis-bam,fmaas-monitoring,llama3-mig3g-40gb,openshift-user-workload-monitoring/user-workload,0.999,tgis-bam,6632.254192965351
2024-05-20 15:04:24.285000086,tgi_batch_next_tokens,http,10.128.2.18:3000,tgis-bam,fmaas-monitoring,llama3-mig3g-40gb,openshift-user-workload-monitoring/user-workload,0.999,tgis-bam,6632.254192965351
2024-05-20 15:04:29.285000086,tgi_batch_next_tokens,http,10.128.2.18:3000,tgis-bam,fmaas-monitoring,llama3-mig3g-40gb,openshift-user-workload-monitoring/user-workload,0.999,tgis-bam,6632.254192965351
2024-05-20 15:04:34.285000086,tgi_batch_next_tokens,http,10.128.2.18:3000,tgis-bam,fmaas-monitoring,llama3-mig3g-40gb,openshift-user-workload-monitoring/user-workload,0.999,tgis-bam,6632.254192965351
2024-05-20 15:04:39.285000086,tgi_batch_next_tokens,http,10.128.2.18:3000,tgis-bam,fmaas-monitoring,llama3-mig3g-40gb,openshift-user-workload-monitoring/user-workload,0.999,tgis-bam,6632.254192965351
2024-05-20 15:04:44.285000086,tgi_batch_next_tokens,http,10.128.2.18:3000,tgis-bam,fmaas-monitoring,llama3-mig3g-40gb,openshift-user-workload-monitoring/user-workload,0.999,tgis-bam,6632.254192965351
2024-05-20 15:04:49.285000086,tgi_batch_next_tokens,http,10.128.2.18:3000,tgis-bam,fmaas-monitoring,llama3-mig3g-40gb,openshift-user-workload-monitoring/user-workload,0.999,tgis-bam,4563.750411269138
2024-05-20 15:04:54.285000086,tgi_batch_next_tokens,http,10.128.2.18:3000,tgis-bam,fmaas-monitoring,llama3-mig3g-40gb,openshift-user-workload-monitoring/user-workload,0.999,tgis-bam,4563.750411269138
2024-05-20 15:04:59.285000086,tgi_batch_next_tokens,http,10.128.2.18:3000,tgis-bam,fmaas-monitoring,llama3-mig3g-40gb,openshift-user-workload-monitoring/user-workload,0.999,tgis-bam,5760.041876345234
2024-05-20 15:05:04.285000086,tgi_batch_next_tokens,http,10.128.2.18:3000,tgis-bam,fmaas-monitoring,llama3-mig3g-40gb,openshift-user-workload-monitoring/user-workload,0.999,tgis-bam,5760.041876345234
2024-05-20 15:05:09.285000086,tgi_batch_next_tokens,http,10.128.2.18:3000,tgis-bam,fmaas-monitoring,llama3-mig3g-40gb,openshift-user-workload-monitoring/user-workload,0.999,tgis-bam,5760.041876345234
2024-05-20 15:05:14.285000086,tgi_batch_next_tokens,http,10.128.2.18:3000,tgis-bam,fmaas-monitoring,llama3-mig3g-40gb,openshift-user-workload-monitoring/user-workload,0.999,tgis-bam,5760.041876345234
2024-05-20 15:05:19.285000086,tgi_batch_next_tokens,http,10.128.2.18:3000,tgis-bam,fmaas-monitoring,llama3-mig3g-40gb,openshift-user-workload-monitoring/user-workload,0.999,tgis-bam,5760.041876345234
2024-05-20 15:05:24.285000086,tgi_batch_next_tokens,http,10.128.2.18:3000,tgis-bam,fmaas-monitoring,llama3-mig3g-40gb,openshift-user-workload-monitoring/user-workload,0.999,tgis-bam,5760.041876345234
2024-05-20 15:05:29.285000086,tgi_batch_next_tokens,http,10.128.2.18:3000,tgis-bam,fmaas-monitoring,llama3-mig3g-40gb,openshift-user-workload-monitoring/user-workload,0.999,tgis-bam,4371.668499751196
2024-05-20 15:05:34.285000086,tgi_batch_next_tokens,http,10.128.2.18:3000,tgis-bam,fmaas-monitoring,llama3-mig3g-40gb,openshift-user-workload-monitoring/user-workload,0.999,tgis-bam,4371.668499751196
2024-05-20 15:05:39.289000034,tgi_batch_next_tokens,http,10.128.2.18:3000,tgis-bam,fmaas-monitoring,llama3-mig3g-40gb,openshift-user-workload-monitoring/user-workload,0.999,tgis-bam,4487.719849059362
2024-05-20 15:05:44.285000086,tgi_batch_next_tokens,http,10.128.2.18:3000,tgis-bam,fmaas-monitoring,llama3-mig3g-40gb,openshift-user-workload-monitoring/user-workload,0.999,tgis-bam,6027.574825598339
2024-05-20 15:05:49.285000086,tgi_batch_next_tokens,http,10.128.2.18:3000,tgis-bam,fmaas-monitoring,llama3-mig3g-40gb,openshift-user-workload-monitoring/user-workload,0.999,tgis-bam,6321.425554790297
2024-05-20 15:05:54.285000086,tgi_batch_next_tokens,http,10.128.2.18:3000,tgis-bam,fmaas-monitoring,llama3-mig3g-40gb,openshift-user-workload-monitoring/user-workload,0.999,tgis-bam,6321.425554790297
2024-05-20 15:05:59.306999922,tgi_batch_next_tokens,http,10.128.2.18:3000,tgis-bam,fmaas-monitoring,llama3-mig3g-40gb,openshift-user-workload-monitoring/user-workload,0.999,tgis-bam,6321.425554790297
2024-05-20 15:06:04.285000086,tgi_batch_next_tokens,http,10.128.2.18:3000,tgis-bam,fmaas-monitoring,llama3-mig3g-40gb,openshift-user-workload-monitoring/user-workload,0.999,tgis-bam,6362.012417901802
2024-05-20 15:06:09.285000086,tgi_batch_next_tokens,http,10.128.2.18:3000,tgis-bam,fmaas-monitoring,llama3-mig3g-40gb,openshift-user-workload-monitoring/user-workload,0.999,tgis-bam,6362.012417901802
2024-05-20 15:06:14.285000086,tgi_batch_next_tokens,http,10.128.2.18:3000,tgis-bam,fmaas-monitoring,llama3-mig3g-40gb,openshift-user-workload-monitoring/user-workload,0.999,tgis-bam,6362.012417901802
2024-05-20 15:06:19.285000086,tgi_batch_next_tokens,http,10.128.2.18:3000,tgis-bam,fmaas-monitoring,llama3-mig3g-40gb,openshift-user-workload-monitoring/user-workload,0.999,tgis-bam,6362.012417901802
2024-05-20 15:06:24.285000086,tgi_batch_next_tokens,http,10.128.2.18:3000,tgis-bam,fmaas-monitoring,llama3-mig3g-40gb,openshift-user-workload-monitoring/user-workload,0.999,tgis-bam,6362.012417901802
2024-05-20 15:06:29.285000086,tgi_batch_next_tokens,http,10.128.2.18:3000,tgis-bam,fmaas-monitoring,llama3-mig3g-40gb,openshift-user-workload-monitoring/user-workload,0.999,tgis-bam,5549.704842186848
2024-05-20 15:06:34.285000086,tgi_batch_next_tokens,http,10.128.2.18:3000,tgis-bam,fmaas-monitoring,llama3-mig3g-40gb,openshift-user-workload-monitoring/user-workload,0.999,tgis-bam,5549.704842186848
2024-05-20 15:06:39.285000086,tgi_batch_next_tokens,http,10.128.2.18:3000,tgis-bam,fmaas-monitoring,llama3-mig3g-40gb,openshift-user-workload-monitoring/user-workload,0.999,tgis-bam,6362.012417901802
2024-05-20 15:06:44.285000086,tgi_batch_next_tokens,http,10.128.2.18:3000,tgis-bam,fmaas-monitoring,llama3-mig3g-40gb,openshift-user-workload-monitoring/user-workload,0.999,tgis-bam,6362.012417901802
2024-05-20 15:06:49.285000086,tgi_batch_next_tokens,http,10.128.2.18:3000,tgis-bam,fmaas-monitoring,llama3-mig3g-40gb,openshift-user-workload-monitoring/user-workload,0.999,tgis-bam,5592.04328140881
2024-05-20 15:06:54.285000086,tgi_batch_next_tokens,http,10.128.2.18:3000,tgis-bam,fmaas-monitoring,llama3-mig3g-40gb,openshift-user-workload-monitoring/user-workload,0.999,tgis-bam,5592.04328140881
2024-05-20 15:06:59.285000086,tgi_batch_next_tokens,http,10.128.2.18:3000,tgis-bam,fmaas-monitoring,llama3-mig3g-40gb,openshift-user-workload-monitoring/user-workload,0.999,tgis-bam,5592.04328140881
2024-05-20 15:07:04.285000086,tgi_batch_next_tokens,http,10.128.2.18:3000,tgis-bam,fmaas-monitoring,llama3-mig3g-40gb,openshift-user-workload-monitoring/user-workload,0.999,tgis-bam,5592.04328140881
2024-05-20 15:07:09.285000086,tgi_batch_next_tokens,http,10.128.2.18:3000,tgis-bam,fmaas-monitoring,llama3-mig3g-40gb,openshift-user-workload-monitoring/user-workload,0.999,tgis-bam,5592.04328140881
2024-05-20 15:07:14.285000086,tgi_batch_next_tokens,http,10.128.2.18:3000,tgis-bam,fmaas-monitoring,llama3-mig3g-40gb,openshift-user-workload-monitoring/user-workload,0.999,tgis-bam,5592.04328140881
2024-05-20 15:07:19.285000086,tgi_batch_next_tokens,http,10.128.2.18:3000,tgis-bam,fmaas-monitoring,llama3-mig3g-40gb,openshift-user-workload-monitoring/user-workload,0.999,tgis-bam,5592.04328140881
2024-05-20 15:07:24.285000086,tgi_batch_next_tokens,http,10.128.2.18:3000,tgis-bam,fmaas-monitoring,llama3-mig3g-40gb,openshift-user-workload-monitoring/user-workload,0.999,tgis-bam,5592.04328140881
2024-05-20 15:07:29.285000086,tgi_batch_next_tokens,http,10.128.2.18:3000,tgis-bam,fmaas-monitoring,llama3-mig3g-40gb,openshift-user-workload-monitoring/user-workload,0.999,tgis-bam,4994.537146306338
2024-05-20 15:07:34.285000086,tgi_batch_next_tokens,http,10.128.2.18:3000,tgis-bam,fmaas-monitoring,llama3-mig3g-40gb,openshift-user-workload-monitoring/user-workload,0.999,tgis-bam,4994.537146306338
2024-05-20 15:07:39.285000086,tgi_batch_next_tokens,http,10.128.2.18:3000,tgis-bam,fmaas-monitoring,llama3-mig3g-40gb,openshift-user-workload-monitoring/user-workload,0.999,tgis-bam,4994.537146306338
2024-05-20 15:07:44.285000086,tgi_batch_next_tokens,http,10.128.2.18:3000,tgis-bam,fmaas-monitoring,llama3-mig3g-40gb,openshift-user-workload-monitoring/user-workload,0.999,tgis-bam,4994.537146306338
2024-05-20 15:07:49.285000086,tgi_batch_next_tokens,http,10.128.2.18:3000,tgis-bam,fmaas-monitoring,llama3-mig3g-40gb,openshift-user-workload-monitoring/user-workload,0.999,tgis-bam,4876.095242403835
2024-05-20 15:07:54.285000086,tgi_batch_next_tokens,http,10.128.2.18:3000,tgis-bam,fmaas-monitoring,llama3-mig3g-40gb,openshift-user-workload-monitoring/user-workload,0.999,tgis-bam,6713.66328008075
2024-05-20 15:07:59.285000086,tgi_batch_next_tokens,http,10.128.2.18:3000,tgis-bam,fmaas-monitoring,llama3-mig3g-40gb,openshift-user-workload-monitoring/user-workload,0.999,tgis-bam,6890.507539206573
2024-05-20 15:08:04.285000086,tgi_batch_next_tokens,http,10.128.2.18:3000,tgis-bam,fmaas-monitoring,llama3-mig3g-40gb,openshift-user-workload-monitoring/user-workload,0.999,tgis-bam,6890.507539206573
2024-05-20 15:08:09.285000086,tgi_batch_next_tokens,http,10.128.2.18:3000,tgis-bam,fmaas-monitoring,llama3-mig3g-40gb,openshift-user-workload-monitoring/user-workload,0.999,tgis-bam,6890.507539206573
2024-05-20 15:08:14.285000086,tgi_batch_next_tokens,http,10.128.2.18:3000,tgis-bam,fmaas-monitoring,llama3-mig3g-40gb,openshift-user-workload-monitoring/user-workload,0.999,tgis-bam,6890.507539206573
2024-05-20 15:08:19.375000000,tgi_batch_next_tokens,http,10.128.2.18:3000,tgis-bam,fmaas-monitoring,llama3-mig3g-40gb,openshift-user-workload-monitoring/user-workload,0.999,tgis-bam,6890.507539206573
2024-05-20 15:08:24.285000086,tgi_batch_next_tokens,http,10.128.2.18:3000,tgis-bam,fmaas-monitoring,llama3-mig3g-40gb,openshift-user-workload-monitoring/user-workload,0.999,tgis-bam,6890.507539206573
2024-05-20 15:08:29.285000086,tgi_batch_next_tokens,http,10.128.2.18:3000,tgis-bam,fmaas-monitoring,llama3-mig3g-40gb,openshift-user-workload-monitoring/user-workload,0.999,tgis-bam,6890.507539206573
2024-05-20 15:08:34.285000086,tgi_batch_next_tokens,http,10.128.2.18:3000,tgis-bam,fmaas-monitoring,llama3-mig3g-40gb,openshift-user-workload-monitoring/user-workload,0.999,tgis-bam,6890.507539206573
2024-05-20 15:08:39.285000086,tgi_batch_next_tokens,http,10.128.2.18:3000,tgis-bam,fmaas-monitoring,llama3-mig3g-40gb,openshift-user-workload-monitoring/user-workload,0.999,tgis-bam,6890.507539206573
2024-05-20 15:08:44.285000086,tgi_batch_next_tokens,http,10.128.2.18:3000,tgis-bam,fmaas-monitoring,llama3-mig3g-40gb,openshift-user-workload-monitoring/user-workload,0.999,tgis-bam,9527.14170405977
2024-05-20 15:08:49.285000086,tgi_batch_next_tokens,http,10.128.2.18:3000,tgis-bam,fmaas-monitoring,llama3-mig3g-40gb,openshift-user-workload-monitoring/user-workload,0.999,tgis-bam,6327.750142132793
2024-05-20 15:08:54.303999901,tgi_batch_next_tokens,http,10.128.2.18:3000,tgis-bam,fmaas-monitoring,llama3-mig3g-40gb,openshift-user-workload-monitoring/user-workload,0.999,tgis-bam,6327.750142132793
2024-05-20 15:08:59.285000086,tgi_batch_next_tokens,http,10.128.2.18:3000,tgis-bam,fmaas-monitoring,llama3-mig3g-40gb,openshift-user-workload-monitoring/user-workload,0.999,tgis-bam,6327.750142132793
2024-05-20 15:09:04.285000086,tgi_batch_next_tokens,http,10.128.2.18:3000,tgis-bam,fmaas-monitoring,llama3-mig3g-40gb,openshift-user-workload-monitoring/user-workload,0.999,tgis-bam,6327.750142132793
2024-05-20 15:09:09.285000086,tgi_batch_next_tokens,http,10.128.2.18:3000,tgis-bam,fmaas-monitoring,llama3-mig3g-40gb,openshift-user-workload-monitoring/user-workload,0.999,tgis-bam,6327.750142132793
2024-05-20 15:09:14.285000086,tgi_batch_next_tokens,http,10.128.2.18:3000,tgis-bam,fmaas-monitoring,llama3-mig3g-40gb,openshift-user-workload-monitoring/user-workload,0.999,tgis-bam,6327.750142132793
2024-05-20 15:09:19.285000086,tgi_batch_next_tokens,http,10.128.2.18:3000,tgis-bam,fmaas-monitoring,llama3-mig3g-40gb,openshift-user-workload-monitoring/user-workload,0.999,tgis-bam,6327.750142132793
2024-05-20 15:09:24.285000086,tgi_batch_next_tokens,http,10.128.2.18:3000,tgis-bam,fmaas-monitoring,llama3-mig3g-40gb,openshift-user-workload-monitoring/user-workload,0.999,tgis-bam,6327.750142132793
2024-05-20 15:09:29.285000086,tgi_batch_next_tokens,http,10.128.2.18:3000,tgis-bam,fmaas-monitoring,llama3-mig3g-40gb,openshift-user-workload-monitoring/user-workload,0.999,tgis-bam,3981.8428654464055
2024-05-20 15:09:34.285000086,tgi_batch_next_tokens,http,10.128.2.18:3000,tgis-bam,fmaas-monitoring,llama3-mig3g-40gb,openshift-user-workload-monitoring/user-workload,0.999,tgis-bam,5478.02560353052
2024-05-20 15:09:39.285000086,tgi_batch_next_tokens,http,10.128.2.18:3000,tgis-bam,fmaas-monitoring,llama3-mig3g-40gb,openshift-user-workload-monitoring/user-workload,0.999,tgis-bam,5539.724358567631
2024-05-20 15:09:44.285000086,tgi_batch_next_tokens,http,10.128.2.18:3000,tgis-bam,fmaas-monitoring,llama3-mig3g-40gb,openshift-user-workload-monitoring/user-workload,0.999,tgis-bam,5539.724358567631
2024-05-20 15:09:49.285000086,tgi_batch_next_tokens,http,10.128.2.18:3000,tgis-bam,fmaas-monitoring,llama3-mig3g-40gb,openshift-user-workload-monitoring/user-workload,0.999,tgis-bam,6965.328325870766
2024-05-20 15:09:54.285000086,tgi_batch_next_tokens,http,10.128.2.18:3000,tgis-bam,fmaas-monitoring,llama3-mig3g-40gb,openshift-user-workload-monitoring/user-workload,0.999,tgis-bam,8081.23531210577
2024-05-20 15:09:59.285000086,tgi_batch_next_tokens,http,10.128.2.18:3000,tgis-bam,fmaas-monitoring,llama3-mig3g-40gb,openshift-user-workload-monitoring/user-workload,0.999,tgis-bam,8081.23531210577
2024-05-20 15:10:04.285000086,tgi_batch_next_tokens,http,10.128.2.18:3000,tgis-bam,fmaas-monitoring,llama3-mig3g-40gb,openshift-user-workload-monitoring/user-workload,0.999,tgis-bam,8081.23531210577
2024-05-20 15:10:09.285000086,tgi_batch_next_tokens,http,10.128.2.18:3000,tgis-bam,fmaas-monitoring,llama3-mig3g-40gb,openshift-user-workload-monitoring/user-workload,0.999,tgis-bam,8081.23531210577
2024-05-20 15:10:14.289999962,tgi_batch_next_tokens,http,10.128.2.18:3000,tgis-bam,fmaas-monitoring,llama3-mig3g-40gb,openshift-user-workload-monitoring/user-workload,0.999,tgis-bam,8081.23531210577
2024-05-20 15:10:19.285000086,tgi_batch_next_tokens,http,10.128.2.18:3000,tgis-bam,fmaas-monitoring,llama3-mig3g-40gb,openshift-user-workload-monitoring/user-workload,0.999,tgis-bam,8081.23531210577
2024-05-20 15:10:24.285000086,tgi_batch_next_tokens,http,10.128.2.18:3000,tgis-bam,fmaas-monitoring,llama3-mig3g-40gb,openshift-user-workload-monitoring/user-workload,0.999,tgis-bam,8081.23531210577
2024-05-20 15:10:29.285000086,tgi_batch_next_tokens,http,10.128.2.18:3000,tgis-bam,fmaas-monitoring,llama3-mig3g-40gb,openshift-user-workload-monitoring/user-workload,0.999,tgis-bam,8081.23531210577
2024-05-20 15:10:34.285000086,tgi_batch_next_tokens,http,10.128.2.18:3000,tgis-bam,fmaas-monitoring,llama3-mig3g-40gb,openshift-user-workload-monitoring/user-workload,0.999,tgis-bam,8081.23531210577
2024-05-20 15:10:39.285000086,tgi_batch_next_tokens,http,10.128.2.18:3000,tgis-bam,fmaas-monitoring,llama3-mig3g-40gb,openshift-user-workload-monitoring/user-workload,0.999,tgis-bam,8081.23531210577
2024-05-20 15:10:44.285000086,tgi_batch_next_tokens,http,10.128.2.18:3000,tgis-bam,fmaas-monitoring,llama3-mig3g-40gb,openshift-user-workload-monitoring/user-workload,0.999,tgis-bam,8081.23531210577
2024-05-20 15:10:49.285000086,tgi_batch_next_tokens,http,10.128.2.18:3000,tgis-bam,fmaas-monitoring,llama3-mig3g-40gb,openshift-user-workload-monitoring/user-workload,0.999,tgis-bam,8700.188971222906
2024-05-20 15:10:54.285000086,tgi_batch_next_tokens,http,10.128.2.18:3000,tgis-bam,fmaas-monitoring,llama3-mig3g-40gb,openshift-user-workload-monitoring/user-workload,0.999,tgis-bam,8700.188971222906
2024-05-20 15:10:59.285000086,tgi_batch_next_tokens,http,10.128.2.18:3000,tgis-bam,fmaas-monitoring,llama3-mig3g-40gb,openshift-user-workload-monitoring/user-workload,0.999,tgis-bam,8700.188971222906
2024-05-20 15:11:04.285000086,tgi_batch_next_tokens,http,10.128.2.18:3000,tgis-bam,fmaas-monitoring,llama3-mig3g-40gb,openshift-user-workload-monitoring/user-workload,0.999,tgis-bam,8700.188971222906
2024-05-20 15:11:09.285000086,tgi_batch_next_tokens,http,10.128.2.18:3000,tgis-bam,fmaas-monitoring,llama3-mig3g-40gb,openshift-user-workload-monitoring/user-workload,0.999,tgis-bam,8700.188971222906
2024-05-20 15:11:14.285000086,tgi_batch_next_tokens,http,10.128.2.18:3000,tgis-bam,fmaas-monitoring,llama3-mig3g-40gb,openshift-user-workload-monitoring/user-workload,0.999,tgis-bam,8700.188971222906
2024-05-20 15:11:19.285000086,tgi_batch_next_tokens,http,10.128.2.18:3000,tgis-bam,fmaas-monitoring,llama3-mig3g-40gb,openshift-user-workload-monitoring/user-workload,0.999,tgis-bam,8700.188971222906
2024-05-20 15:11:24.285000086,tgi_batch_next_tokens,http,10.128.2.18:3000,tgis-bam,fmaas-monitoring,llama3-mig3g-40gb,openshift-user-workload-monitoring/user-workload,0.999,tgis-bam,8700.188971222906
2024-05-20 15:11:29.285000086,tgi_batch_next_tokens,http,10.128.2.18:3000,tgis-bam,fmaas-monitoring,llama3-mig3g-40gb,openshift-user-workload-monitoring/user-workload,0.999,tgis-bam,5754.284713510878
2024-05-20 15:11:34.285000086,tgi_batch_next_tokens,http,10.128.2.18:3000,tgis-bam,fmaas-monitoring,llama3-mig3g-40gb,openshift-user-workload-monitoring/user-workload,0.999,tgis-bam,5754.284713510878
2024-05-20 15:11:39.285000086,tgi_batch_next_tokens,http,10.128.2.18:3000,tgis-bam,fmaas-monitoring,llama3-mig3g-40gb,openshift-user-workload-monitoring/user-workload,0.999,tgis-bam,7344.448676085229
2024-05-20 15:11:44.285000086,tgi_batch_next_tokens,http,10.128.2.18:3000,tgis-bam,fmaas-monitoring,llama3-mig3g-40gb,openshift-user-workload-monitoring/user-workload,0.999,tgis-bam,7344.448676085229
2024-05-20 15:11:49.285000086,tgi_batch_next_tokens,http,10.128.2.18:3000,tgis-bam,fmaas-monitoring,llama3-mig3g-40gb,openshift-user-workload-monitoring/user-workload,0.999,tgis-bam,5539.724358567631
2024-05-20 15:11:54.285000086,tgi_batch_next_tokens,http,10.128.2.18:3000,tgis-bam,fmaas-monitoring,llama3-mig3g-40gb,openshift-user-workload-monitoring/user-workload,0.999,tgis-bam,6931.974862146965
2024-05-20 15:11:59.285000086,tgi_batch_next_tokens,http,10.128.2.18:3000,tgis-bam,fmaas-monitoring,llama3-mig3g-40gb,openshift-user-workload-monitoring/user-workload,0.999,tgis-bam,6931.974862146965
2024-05-20 15:12:04.285000086,tgi_batch_next_tokens,http,10.128.2.18:3000,tgis-bam,fmaas-monitoring,llama3-mig3g-40gb,openshift-user-workload-monitoring/user-workload,0.999,tgis-bam,6931.974862146965
2024-05-20 15:12:09.285000086,tgi_batch_next_tokens,http,10.128.2.18:3000,tgis-bam,fmaas-monitoring,llama3-mig3g-40gb,openshift-user-workload-monitoring/user-workload,0.999,tgis-bam,6931.974862146965
2024-05-20 15:12:14.285000086,tgi_batch_next_tokens,http,10.128.2.18:3000,tgis-bam,fmaas-monitoring,llama3-mig3g-40gb,openshift-user-workload-monitoring/user-workload,0.999,tgis-bam,6931.974862146965
2024-05-20 15:12:19.285000086,tgi_batch_next_tokens,http,10.128.2.18:3000,tgis-bam,fmaas-monitoring,llama3-mig3g-40gb,openshift-user-workload-monitoring/user-workload,0.999,tgis-bam,6931.974862146965
2024-05-20 15:12:24.285000086,tgi_batch_next_tokens,http,10.128.2.18:3000,tgis-bam,fmaas-monitoring,llama3-mig3g-40gb,openshift-user-workload-monitoring/user-workload,0.999,tgis-bam,6931.974862146965
2024-05-20 15:12:29.285000086,tgi_batch_next_tokens,http,10.128.2.18:3000,tgis-bam,fmaas-monitoring,llama3-mig3g-40gb,openshift-user-workload-monitoring/user-workload,0.999,tgis-bam,5942.58809662282
2024-05-20 15:12:34.285000086,tgi_batch_next_tokens,http,10.128.2.18:3000,tgis-bam,fmaas-monitoring,llama3-mig3g-40gb,openshift-user-workload-monitoring/user-workload,0.999,tgis-bam,5942.58809662282
2024-05-20 15:12:39.285000086,tgi_batch_next_tokens,http,10.128.2.18:3000,tgis-bam,fmaas-monitoring,llama3-mig3g-40gb,openshift-user-workload-monitoring/user-workload,0.999,tgis-bam,6931.974862146965
2024-05-20 15:12:44.285000086,tgi_batch_next_tokens,http,10.128.2.18:3000,tgis-bam,fmaas-monitoring,llama3-mig3g-40gb,openshift-user-workload-monitoring/user-workload,0.999,tgis-bam,6931.974862146965
2024-05-20 15:12:49.285000086,tgi_batch_next_tokens,http,10.128.2.18:3000,tgis-bam,fmaas-monitoring,llama3-mig3g-40gb,openshift-user-workload-monitoring/user-workload,0.999,tgis-bam,6073.5589126203295
2024-05-20 15:12:54.285000086,tgi_batch_next_tokens,http,10.128.2.18:3000,tgis-bam,fmaas-monitoring,llama3-mig3g-40gb,openshift-user-workload-monitoring/user-workload,0.999,tgis-bam,6073.5589126203295
2024-05-20 15:12:59.285000086,tgi_batch_next_tokens,http,10.128.2.18:3000,tgis-bam,fmaas-monitoring,llama3-mig3g-40gb,openshift-user-workload-monitoring/user-workload,0.999,tgis-bam,6073.5589126203295
2024-05-20 15:13:04.285000086,tgi_batch_next_tokens,http,10.128.2.18:3000,tgis-bam,fmaas-monitoring,llama3-mig3g-40gb,openshift-user-workload-monitoring/user-workload,0.999,tgis-bam,6073.5589126203295
2024-05-20 15:13:09.285000086,tgi_batch_next_tokens,http,10.128.2.18:3000,tgis-bam,fmaas-monitoring,llama3-mig3g-40gb,openshift-user-workload-monitoring/user-workload,0.999,tgis-bam,6073.5589126203295
2024-05-20 15:13:14.285000086,tgi_batch_next_tokens,http,10.128.2.18:3000,tgis-bam,fmaas-monitoring,llama3-mig3g-40gb,openshift-user-workload-monitoring/user-workload,0.999,tgis-bam,6073.5589126203295
2024-05-20 15:13:19.285000086,tgi_batch_next_tokens,http,10.128.2.18:3000,tgis-bam,fmaas-monitoring,llama3-mig3g-40gb,openshift-user-workload-monitoring/user-workload,0.999,tgis-bam,6073.5589126203295
2024-05-20 15:13:24.285000086,tgi_batch_next_tokens,http,10.128.2.18:3000,tgis-bam,fmaas-monitoring,llama3-mig3g-40gb,openshift-user-workload-monitoring/user-workload,0.999,tgis-bam,6073.5589126203295
2024-05-20 15:03:29.285000086,tgi_batch_next_tokens,http,10.128.2.18:3000,tgis-bam,fmaas-monitoring,llama3-mig3g-40gb,openshift-user-workload-monitoring/user-workload,1,tgis-bam,6286.0
2024-05-20 15:03:34.285000086,tgi_batch_next_tokens,http,10.128.2.18:3000,tgis-bam,fmaas-monitoring,llama3-mig3g-40gb,openshift-user-workload-monitoring/user-workload,1,tgis-bam,6286.0
2024-05-20 15:03:39.285000086,tgi_batch_next_tokens,http,10.128.2.18:3000,tgis-bam,fmaas-monitoring,llama3-mig3g-40gb,openshift-user-workload-monitoring/user-workload,1,tgis-bam,6286.0
2024-05-20 15:03:44.285000086,tgi_batch_next_tokens,http,10.128.2.18:3000,tgis-bam,fmaas-monitoring,llama3-mig3g-40gb,openshift-user-workload-monitoring/user-workload,1,tgis-bam,6286.0
2024-05-20 15:03:49.285000086,tgi_batch_next_tokens,http,10.128.2.18:3000,tgis-bam,fmaas-monitoring,llama3-mig3g-40gb,openshift-user-workload-monitoring/user-workload,1,tgis-bam,5076.0
2024-05-20 15:03:54.285000086,tgi_batch_next_tokens,http,10.128.2.18:3000,tgis-bam,fmaas-monitoring,llama3-mig3g-40gb,openshift-user-workload-monitoring/user-workload,1,tgis-bam,10287.0
2024-05-20 15:03:59.296000004,tgi_batch_next_tokens,http,10.128.2.18:3000,tgis-bam,fmaas-monitoring,llama3-mig3g-40gb,openshift-user-workload-monitoring/user-workload,1,tgis-bam,10287.0
2024-05-20 15:04:04.285000086,tgi_batch_next_tokens,http,10.128.2.18:3000,tgis-bam,fmaas-monitoring,llama3-mig3g-40gb,openshift-user-workload-monitoring/user-workload,1,tgis-bam,10287.0
2024-05-20 15:04:09.285000086,tgi_batch_next_tokens,http,10.128.2.18:3000,tgis-bam,fmaas-monitoring,llama3-mig3g-40gb,openshift-user-workload-monitoring/user-workload,1,tgis-bam,10287.0
2024-05-20 15:04:14.285000086,tgi_batch_next_tokens,http,10.128.2.18:3000,tgis-bam,fmaas-monitoring,llama3-mig3g-40gb,openshift-user-workload-monitoring/user-workload,1,tgis-bam,10287.0
2024-05-20 15:04:19.285000086,tgi_batch_next_tokens,http,10.128.2.18:3000,tgis-bam,fmaas-monitoring,llama3-mig3g-40gb,openshift-user-workload-monitoring/user-workload,1,tgis-bam,10287.0
2024-05-20 15:04:24.285000086,tgi_batch_next_tokens,http,10.128.2.18:3000,tgis-bam,fmaas-monitoring,llama3-mig3g-40gb,openshift-user-workload-monitoring/user-workload,1,tgis-bam,10287.0
2024-05-20 15:04:29.285000086,tgi_batch_next_tokens,http,10.128.2.18:3000,tgis-bam,fmaas-monitoring,llama3-mig3g-40gb,openshift-user-workload-monitoring/user-workload,1,tgis-bam,10287.0
2024-05-20 15:04:34.285000086,tgi_batch_next_tokens,http,10.128.2.18:3000,tgis-bam,fmaas-monitoring,llama3-mig3g-40gb,openshift-user-workload-monitoring/user-workload,1,tgis-bam,10287.0
2024-05-20 15:04:39.285000086,tgi_batch_next_tokens,http,10.128.2.18:3000,tgis-bam,fmaas-monitoring,llama3-mig3g-40gb,openshift-user-workload-monitoring/user-workload,1,tgis-bam,10287.0
2024-05-20 15:04:44.285000086,tgi_batch_next_tokens,http,10.128.2.18:3000,tgis-bam,fmaas-monitoring,llama3-mig3g-40gb,openshift-user-workload-monitoring/user-workload,1,tgis-bam,10287.0
2024-05-20 15:04:49.285000086,tgi_batch_next_tokens,http,10.128.2.18:3000,tgis-bam,fmaas-monitoring,llama3-mig3g-40gb,openshift-user-workload-monitoring/user-workload,1,tgis-bam,5760.0
2024-05-20 15:04:54.285000086,tgi_batch_next_tokens,http,10.128.2.18:3000,tgis-bam,fmaas-monitoring,llama3-mig3g-40gb,openshift-user-workload-monitoring/user-workload,1,tgis-bam,5760.0
2024-05-20 15:04:59.285000086,tgi_batch_next_tokens,http,10.128.2.18:3000,tgis-bam,fmaas-monitoring,llama3-mig3g-40gb,openshift-user-workload-monitoring/user-workload,1,tgis-bam,6028.0
2024-05-20 15:05:04.285000086,tgi_batch_next_tokens,http,10.128.2.18:3000,tgis-bam,fmaas-monitoring,llama3-mig3g-40gb,openshift-user-workload-monitoring/user-workload,1,tgis-bam,6028.0
2024-05-20 15:05:09.285000086,tgi_batch_next_tokens,http,10.128.2.18:3000,tgis-bam,fmaas-monitoring,llama3-mig3g-40gb,openshift-user-workload-monitoring/user-workload,1,tgis-bam,6028.0
2024-05-20 15:05:14.285000086,tgi_batch_next_tokens,http,10.128.2.18:3000,tgis-bam,fmaas-monitoring,llama3-mig3g-40gb,openshift-user-workload-monitoring/user-workload,1,tgis-bam,6028.0
2024-05-20 15:05:19.285000086,tgi_batch_next_tokens,http,10.128.2.18:3000,tgis-bam,fmaas-monitoring,llama3-mig3g-40gb,openshift-user-workload-monitoring/user-workload,1,tgis-bam,6028.0
2024-05-20 15:05:24.285000086,tgi_batch_next_tokens,http,10.128.2.18:3000,tgis-bam,fmaas-monitoring,llama3-mig3g-40gb,openshift-user-workload-monitoring/user-workload,1,tgis-bam,6028.0
2024-05-20 15:05:29.285000086,tgi_batch_next_tokens,http,10.128.2.18:3000,tgis-bam,fmaas-monitoring,llama3-mig3g-40gb,openshift-user-workload-monitoring/user-workload,1,tgis-bam,6028.0
2024-05-20 15:05:34.285000086,tgi_batch_next_tokens,http,10.128.2.18:3000,tgis-bam,fmaas-monitoring,llama3-mig3g-40gb,openshift-user-workload-monitoring/user-workload,1,tgis-bam,6028.0
2024-05-20 15:05:39.289000034,tgi_batch_next_tokens,http,10.128.2.18:3000,tgis-bam,fmaas-monitoring,llama3-mig3g-40gb,openshift-user-workload-monitoring/user-workload,1,tgis-bam,6028.0
2024-05-20 15:05:44.285000086,tgi_batch_next_tokens,http,10.128.2.18:3000,tgis-bam,fmaas-monitoring,llama3-mig3g-40gb,openshift-user-workload-monitoring/user-workload,1,tgis-bam,6322.0
2024-05-20 15:05:49.285000086,tgi_batch_next_tokens,http,10.128.2.18:3000,tgis-bam,fmaas-monitoring,llama3-mig3g-40gb,openshift-user-workload-monitoring/user-workload,1,tgis-bam,8889.0
2024-05-20 15:05:54.285000086,tgi_batch_next_tokens,http,10.128.2.18:3000,tgis-bam,fmaas-monitoring,llama3-mig3g-40gb,openshift-user-workload-monitoring/user-workload,1,tgis-bam,8889.0
2024-05-20 15:05:59.306999922,tgi_batch_next_tokens,http,10.128.2.18:3000,tgis-bam,fmaas-monitoring,llama3-mig3g-40gb,openshift-user-workload-monitoring/user-workload,1,tgis-bam,8889.0
2024-05-20 15:06:04.285000086,tgi_batch_next_tokens,http,10.128.2.18:3000,tgis-bam,fmaas-monitoring,llama3-mig3g-40gb,openshift-user-workload-monitoring/user-workload,1,tgis-bam,8889.0
2024-05-20 15:06:09.285000086,tgi_batch_next_tokens,http,10.128.2.18:3000,tgis-bam,fmaas-monitoring,llama3-mig3g-40gb,openshift-user-workload-monitoring/user-workload,1,tgis-bam,8889.0
2024-05-20 15:06:14.285000086,tgi_batch_next_tokens,http,10.128.2.18:3000,tgis-bam,fmaas-monitoring,llama3-mig3g-40gb,openshift-user-workload-monitoring/user-workload,1,tgis-bam,8889.0
2024-05-20 15:06:19.285000086,tgi_batch_next_tokens,http,10.128.2.18:3000,tgis-bam,fmaas-monitoring,llama3-mig3g-40gb,openshift-user-workload-monitoring/user-workload,1,tgis-bam,8889.0
2024-05-20 15:06:24.285000086,tgi_batch_next_tokens,http,10.128.2.18:3000,tgis-bam,fmaas-monitoring,llama3-mig3g-40gb,openshift-user-workload-monitoring/user-workload,1,tgis-bam,8889.0
2024-05-20 15:06:29.285000086,tgi_batch_next_tokens,http,10.128.2.18:3000,tgis-bam,fmaas-monitoring,llama3-mig3g-40gb,openshift-user-workload-monitoring/user-workload,1,tgis-bam,6362.0
2024-05-20 15:06:34.285000086,tgi_batch_next_tokens,http,10.128.2.18:3000,tgis-bam,fmaas-monitoring,llama3-mig3g-40gb,openshift-user-workload-monitoring/user-workload,1,tgis-bam,6362.0
2024-05-20 15:06:39.285000086,tgi_batch_next_tokens,http,10.128.2.18:3000,tgis-bam,fmaas-monitoring,llama3-mig3g-40gb,openshift-user-workload-monitoring/user-workload,1,tgis-bam,8682.0
2024-05-20 15:06:44.285000086,tgi_batch_next_tokens,http,10.128.2.18:3000,tgis-bam,fmaas-monitoring,llama3-mig3g-40gb,openshift-user-workload-monitoring/user-workload,1,tgis-bam,8682.0
2024-05-20 15:06:49.285000086,tgi_batch_next_tokens,http,10.128.2.18:3000,tgis-bam,fmaas-monitoring,llama3-mig3g-40gb,openshift-user-workload-monitoring/user-workload,1,tgis-bam,8682.0
2024-05-20 15:06:54.285000086,tgi_batch_next_tokens,http,10.128.2.18:3000,tgis-bam,fmaas-monitoring,llama3-mig3g-40gb,openshift-user-workload-monitoring/user-workload,1,tgis-bam,8682.0
2024-05-20 15:06:59.285000086,tgi_batch_next_tokens,http,10.128.2.18:3000,tgis-bam,fmaas-monitoring,llama3-mig3g-40gb,openshift-user-workload-monitoring/user-workload,1,tgis-bam,8682.0
2024-05-20 15:07:04.285000086,tgi_batch_next_tokens,http,10.128.2.18:3000,tgis-bam,fmaas-monitoring,llama3-mig3g-40gb,openshift-user-workload-monitoring/user-workload,1,tgis-bam,8682.0
2024-05-20 15:07:09.285000086,tgi_batch_next_tokens,http,10.128.2.18:3000,tgis-bam,fmaas-monitoring,llama3-mig3g-40gb,openshift-user-workload-monitoring/user-workload,1,tgis-bam,8682.0
2024-05-20 15:07:14.285000086,tgi_batch_next_tokens,http,10.128.2.18:3000,tgis-bam,fmaas-monitoring,llama3-mig3g-40gb,openshift-user-workload-monitoring/user-workload,1,tgis-bam,8682.0
2024-05-20 15:07:19.285000086,tgi_batch_next_tokens,http,10.128.2.18:3000,tgis-bam,fmaas-monitoring,llama3-mig3g-40gb,openshift-user-workload-monitoring/user-workload,1,tgis-bam,8682.0
2024-05-20 15:07:24.285000086,tgi_batch_next_tokens,http,10.128.2.18:3000,tgis-bam,fmaas-monitoring,llama3-mig3g-40gb,openshift-user-workload-monitoring/user-workload,1,tgis-bam,8682.0
2024-05-20 15:07:29.285000086,tgi_batch_next_tokens,http,10.128.2.18:3000,tgis-bam,fmaas-monitoring,llama3-mig3g-40gb,openshift-user-workload-monitoring/user-workload,1,tgis-bam,5592.0
2024-05-20 15:07:34.285000086,tgi_batch_next_tokens,http,10.128.2.18:3000,tgis-bam,fmaas-monitoring,llama3-mig3g-40gb,openshift-user-workload-monitoring/user-workload,1,tgis-bam,5592.0
2024-05-20 15:07:39.285000086,tgi_batch_next_tokens,http,10.128.2.18:3000,tgis-bam,fmaas-monitoring,llama3-mig3g-40gb,openshift-user-workload-monitoring/user-workload,1,tgis-bam,5592.0
2024-05-20 15:07:44.285000086,tgi_batch_next_tokens,http,10.128.2.18:3000,tgis-bam,fmaas-monitoring,llama3-mig3g-40gb,openshift-user-workload-monitoring/user-workload,1,tgis-bam,5592.0
2024-05-20 15:07:49.285000086,tgi_batch_next_tokens,http,10.128.2.18:3000,tgis-bam,fmaas-monitoring,llama3-mig3g-40gb,openshift-user-workload-monitoring/user-workload,1,tgis-bam,6270.0
2024-05-20 15:07:54.285000086,tgi_batch_next_tokens,http,10.128.2.18:3000,tgis-bam,fmaas-monitoring,llama3-mig3g-40gb,openshift-user-workload-monitoring/user-workload,1,tgis-bam,6891.0
2024-05-20 15:07:59.285000086,tgi_batch_next_tokens,http,10.128.2.18:3000,tgis-bam,fmaas-monitoring,llama3-mig3g-40gb,openshift-user-workload-monitoring/user-workload,1,tgis-bam,13915.0
2024-05-20 15:08:04.285000086,tgi_batch_next_tokens,http,10.128.2.18:3000,tgis-bam,fmaas-monitoring,llama3-mig3g-40gb,openshift-user-workload-monitoring/user-workload,1,tgis-bam,13915.0
2024-05-20 15:08:09.285000086,tgi_batch_next_tokens,http,10.128.2.18:3000,tgis-bam,fmaas-monitoring,llama3-mig3g-40gb,openshift-user-workload-monitoring/user-workload,1,tgis-bam,13915.0
2024-05-20 15:08:14.285000086,tgi_batch_next_tokens,http,10.128.2.18:3000,tgis-bam,fmaas-monitoring,llama3-mig3g-40gb,openshift-user-workload-monitoring/user-workload,1,tgis-bam,13915.0
2024-05-20 15:08:19.375000000,tgi_batch_next_tokens,http,10.128.2.18:3000,tgis-bam,fmaas-monitoring,llama3-mig3g-40gb,openshift-user-workload-monitoring/user-workload,1,tgis-bam,13915.0
2024-05-20 15:08:24.285000086,tgi_batch_next_tokens,http,10.128.2.18:3000,tgis-bam,fmaas-monitoring,llama3-mig3g-40gb,openshift-user-workload-monitoring/user-workload,1,tgis-bam,13915.0
2024-05-20 15:08:29.285000086,tgi_batch_next_tokens,http,10.128.2.18:3000,tgis-bam,fmaas-monitoring,llama3-mig3g-40gb,openshift-user-workload-monitoring/user-workload,1,tgis-bam,13915.0
2024-05-20 15:08:34.285000086,tgi_batch_next_tokens,http,10.128.2.18:3000,tgis-bam,fmaas-monitoring,llama3-mig3g-40gb,openshift-user-workload-monitoring/user-workload,1,tgis-bam,13915.0
2024-05-20 15:08:39.285000086,tgi_batch_next_tokens,http,10.128.2.18:3000,tgis-bam,fmaas-monitoring,llama3-mig3g-40gb,openshift-user-workload-monitoring/user-workload,1,tgis-bam,13915.0
2024-05-20 15:08:44.285000086,tgi_batch_next_tokens,http,10.128.2.18:3000,tgis-bam,fmaas-monitoring,llama3-mig3g-40gb,openshift-user-workload-monitoring/user-workload,1,tgis-bam,13915.0
2024-05-20 15:08:49.285000086,tgi_batch_next_tokens,http,10.128.2.18:3000,tgis-bam,fmaas-monitoring,llama3-mig3g-40gb,openshift-user-workload-monitoring/user-workload,1,tgis-bam,9528.0
2024-05-20 15:08:54.303999901,tgi_batch_next_tokens,http,10.128.2.18:3000,tgis-bam,fmaas-monitoring,llama3-mig3g-40gb,openshift-user-workload-monitoring/user-workload,1,tgis-bam,9528.0
2024-05-20 15:08:59.285000086,tgi_batch_next_tokens,http,10.128.2.18:3000,tgis-bam,fmaas-monitoring,llama3-mig3g-40gb,openshift-user-workload-monitoring/user-workload,1,tgis-bam,9528.0
2024-05-20 15:09:04.285000086,tgi_batch_next_tokens,http,10.128.2.18:3000,tgis-bam,fmaas-monitoring,llama3-mig3g-40gb,openshift-user-workload-monitoring/user-workload,1,tgis-bam,9528.0
2024-05-20 15:09:09.285000086,tgi_batch_next_tokens,http,10.128.2.18:3000,tgis-bam,fmaas-monitoring,llama3-mig3g-40gb,openshift-user-workload-monitoring/user-workload,1,tgis-bam,9528.0
2024-05-20 15:09:14.285000086,tgi_batch_next_tokens,http,10.128.2.18:3000,tgis-bam,fmaas-monitoring,llama3-mig3g-40gb,openshift-user-workload-monitoring/user-workload,1,tgis-bam,9528.0
2024-05-20 15:09:19.285000086,tgi_batch_next_tokens,http,10.128.2.18:3000,tgis-bam,fmaas-monitoring,llama3-mig3g-40gb,openshift-user-workload-monitoring/user-workload,1,tgis-bam,9528.0
2024-05-20 15:09:24.285000086,tgi_batch_next_tokens,http,10.128.2.18:3000,tgis-bam,fmaas-monitoring,llama3-mig3g-40gb,openshift-user-workload-monitoring/user-workload,1,tgis-bam,9528.0
2024-05-20 15:09:29.285000086,tgi_batch_next_tokens,http,10.128.2.18:3000,tgis-bam,fmaas-monitoring,llama3-mig3g-40gb,openshift-user-workload-monitoring/user-workload,1,tgis-bam,5540.0
2024-05-20 15:09:34.285000086,tgi_batch_next_tokens,http,10.128.2.18:3000,tgis-bam,fmaas-monitoring,llama3-mig3g-40gb,openshift-user-workload-monitoring/user-workload,1,tgis-bam,5540.0
2024-05-20 15:09:39.285000086,tgi_batch_next_tokens,http,10.128.2.18:3000,tgis-bam,fmaas-monitoring,llama3-mig3g-40gb,openshift-user-workload-monitoring/user-workload,1,tgis-bam,5554.0
2024-05-20 15:09:44.285000086,tgi_batch_next_tokens,http,10.128.2.18:3000,tgis-bam,fmaas-monitoring,llama3-mig3g-40gb,openshift-user-workload-monitoring/user-workload,1,tgis-bam,5554.0
2024-05-20 15:09:49.285000086,tgi_batch_next_tokens,http,10.128.2.18:3000,tgis-bam,fmaas-monitoring,llama3-mig3g-40gb,openshift-user-workload-monitoring/user-workload,1,tgis-bam,8082.0
2024-05-20 15:09:54.285000086,tgi_batch_next_tokens,http,10.128.2.18:3000,tgis-bam,fmaas-monitoring,llama3-mig3g-40gb,openshift-user-workload-monitoring/user-workload,1,tgis-bam,10215.0
2024-05-20 15:09:59.285000086,tgi_batch_next_tokens,http,10.128.2.18:3000,tgis-bam,fmaas-monitoring,llama3-mig3g-40gb,openshift-user-workload-monitoring/user-workload,1,tgis-bam,10215.0
2024-05-20 15:10:04.285000086,tgi_batch_next_tokens,http,10.128.2.18:3000,tgis-bam,fmaas-monitoring,llama3-mig3g-40gb,openshift-user-workload-monitoring/user-workload,1,tgis-bam,10215.0
2024-05-20 15:10:09.285000086,tgi_batch_next_tokens,http,10.128.2.18:3000,tgis-bam,fmaas-monitoring,llama3-mig3g-40gb,openshift-user-workload-monitoring/user-workload,1,tgis-bam,10215.0
2024-05-20 15:10:14.289999962,tgi_batch_next_tokens,http,10.128.2.18:3000,tgis-bam,fmaas-monitoring,llama3-mig3g-40gb,openshift-user-workload-monitoring/user-workload,1,tgis-bam,10215.0
2024-05-20 15:10:19.285000086,tgi_batch_next_tokens,http,10.128.2.18:3000,tgis-bam,fmaas-monitoring,llama3-mig3g-40gb,openshift-user-workload-monitoring/user-workload,1,tgis-bam,10215.0
2024-05-20 15:10:24.285000086,tgi_batch_next_tokens,http,10.128.2.18:3000,tgis-bam,fmaas-monitoring,llama3-mig3g-40gb,openshift-user-workload-monitoring/user-workload,1,tgis-bam,10215.0
2024-05-20 15:10:29.285000086,tgi_batch_next_tokens,http,10.128.2.18:3000,tgis-bam,fmaas-monitoring,llama3-mig3g-40gb,openshift-user-workload-monitoring/user-workload,1,tgis-bam,10215.0
2024-05-20 15:10:34.285000086,tgi_batch_next_tokens,http,10.128.2.18:3000,tgis-bam,fmaas-monitoring,llama3-mig3g-40gb,openshift-user-workload-monitoring/user-workload,1,tgis-bam,10215.0
2024-05-20 15:10:39.285000086,tgi_batch_next_tokens,http,10.128.2.18:3000,tgis-bam,fmaas-monitoring,llama3-mig3g-40gb,openshift-user-workload-monitoring/user-workload,1,tgis-bam,10215.0
2024-05-20 15:10:44.285000086,tgi_batch_next_tokens,http,10.128.2.18:3000,tgis-bam,fmaas-monitoring,llama3-mig3g-40gb,openshift-user-workload-monitoring/user-workload,1,tgis-bam,10215.0
2024-05-20 15:10:49.285000086,tgi_batch_next_tokens,http,10.128.2.18:3000,tgis-bam,fmaas-monitoring,llama3-mig3g-40gb,openshift-user-workload-monitoring/user-workload,1,tgis-bam,8700.0
2024-05-20 15:10:54.285000086,tgi_batch_next_tokens,http,10.128.2.18:3000,tgis-bam,fmaas-monitoring,llama3-mig3g-40gb,openshift-user-workload-monitoring/user-workload,1,tgis-bam,8700.0
2024-05-20 15:10:59.285000086,tgi_batch_next_tokens,http,10.128.2.18:3000,tgis-bam,fmaas-monitoring,llama3-mig3g-40gb,openshift-user-workload-monitoring/user-workload,1,tgis-bam,8700.0
2024-05-20 15:11:04.285000086,tgi_batch_next_tokens,http,10.128.2.18:3000,tgis-bam,fmaas-monitoring,llama3-mig3g-40gb,openshift-user-workload-monitoring/user-workload,1,tgis-bam,8700.0
2024-05-20 15:11:09.285000086,tgi_batch_next_tokens,http,10.128.2.18:3000,tgis-bam,fmaas-monitoring,llama3-mig3g-40gb,openshift-user-workload-monitoring/user-workload,1,tgis-bam,8700.0
2024-05-20 15:11:14.285000086,tgi_batch_next_tokens,http,10.128.2.18:3000,tgis-bam,fmaas-monitoring,llama3-mig3g-40gb,openshift-user-workload-monitoring/user-workload,1,tgis-bam,8700.0
2024-05-20 15:11:19.285000086,tgi_batch_next_tokens,http,10.128.2.18:3000,tgis-bam,fmaas-monitoring,llama3-mig3g-40gb,openshift-user-workload-monitoring/user-workload,1,tgis-bam,8700.0
2024-05-20 15:11:24.285000086,tgi_batch_next_tokens,http,10.128.2.18:3000,tgis-bam,fmaas-monitoring,llama3-mig3g-40gb,openshift-user-workload-monitoring/user-workload,1,tgis-bam,8700.0
2024-05-20 15:11:29.285000086,tgi_batch_next_tokens,http,10.128.2.18:3000,tgis-bam,fmaas-monitoring,llama3-mig3g-40gb,openshift-user-workload-monitoring/user-workload,1,tgis-bam,8700.0
2024-05-20 15:11:34.285000086,tgi_batch_next_tokens,http,10.128.2.18:3000,tgis-bam,fmaas-monitoring,llama3-mig3g-40gb,openshift-user-workload-monitoring/user-workload,1,tgis-bam,8700.0
2024-05-20 15:11:39.285000086,tgi_batch_next_tokens,http,10.128.2.18:3000,tgis-bam,fmaas-monitoring,llama3-mig3g-40gb,openshift-user-workload-monitoring/user-workload,1,tgis-bam,8700.0
2024-05-20 15:11:44.285000086,tgi_batch_next_tokens,http,10.128.2.18:3000,tgis-bam,fmaas-monitoring,llama3-mig3g-40gb,openshift-user-workload-monitoring/user-workload,1,tgis-bam,8700.0
2024-05-20 15:11:49.285000086,tgi_batch_next_tokens,http,10.128.2.18:3000,tgis-bam,fmaas-monitoring,llama3-mig3g-40gb,openshift-user-workload-monitoring/user-workload,1,tgis-bam,7344.0
2024-05-20 15:11:54.285000086,tgi_batch_next_tokens,http,10.128.2.18:3000,tgis-bam,fmaas-monitoring,llama3-mig3g-40gb,openshift-user-workload-monitoring/user-workload,1,tgis-bam,7344.0
2024-05-20 15:11:59.285000086,tgi_batch_next_tokens,http,10.128.2.18:3000,tgis-bam,fmaas-monitoring,llama3-mig3g-40gb,openshift-user-workload-monitoring/user-workload,1,tgis-bam,7344.0
2024-05-20 15:12:04.285000086,tgi_batch_next_tokens,http,10.128.2.18:3000,tgis-bam,fmaas-monitoring,llama3-mig3g-40gb,openshift-user-workload-monitoring/user-workload,1,tgis-bam,7344.0
2024-05-20 15:12:09.285000086,tgi_batch_next_tokens,http,10.128.2.18:3000,tgis-bam,fmaas-monitoring,llama3-mig3g-40gb,openshift-user-workload-monitoring/user-workload,1,tgis-bam,7344.0
2024-05-20 15:12:14.285000086,tgi_batch_next_tokens,http,10.128.2.18:3000,tgis-bam,fmaas-monitoring,llama3-mig3g-40gb,openshift-user-workload-monitoring/user-workload,1,tgis-bam,7344.0
2024-05-20 15:12:19.285000086,tgi_batch_next_tokens,http,10.128.2.18:3000,tgis-bam,fmaas-monitoring,llama3-mig3g-40gb,openshift-user-workload-monitoring/user-workload,1,tgis-bam,7344.0
2024-05-20 15:12:24.285000086,tgi_batch_next_tokens,http,10.128.2.18:3000,tgis-bam,fmaas-monitoring,llama3-mig3g-40gb,openshift-user-workload-monitoring/user-workload,1,tgis-bam,7344.0
2024-05-20 15:12:29.285000086,tgi_batch_next_tokens,http,10.128.2.18:3000,tgis-bam,fmaas-monitoring,llama3-mig3g-40gb,openshift-user-workload-monitoring/user-workload,1,tgis-bam,6932.0
2024-05-20 15:12:34.285000086,tgi_batch_next_tokens,http,10.128.2.18:3000,tgis-bam,fmaas-monitoring,llama3-mig3g-40gb,openshift-user-workload-monitoring/user-workload,1,tgis-bam,6932.0
2024-05-20 15:12:39.285000086,tgi_batch_next_tokens,http,10.128.2.18:3000,tgis-bam,fmaas-monitoring,llama3-mig3g-40gb,openshift-user-workload-monitoring/user-workload,1,tgis-bam,7557.0
2024-05-20 15:12:44.285000086,tgi_batch_next_tokens,http,10.128.2.18:3000,tgis-bam,fmaas-monitoring,llama3-mig3g-40gb,openshift-user-workload-monitoring/user-workload,1,tgis-bam,7557.0
2024-05-20 15:12:49.285000086,tgi_batch_next_tokens,http,10.128.2.18:3000,tgis-bam,fmaas-monitoring,llama3-mig3g-40gb,openshift-user-workload-monitoring/user-workload,1,tgis-bam,7557.0
2024-05-20 15:12:54.285000086,tgi_batch_next_tokens,http,10.128.2.18:3000,tgis-bam,fmaas-monitoring,llama3-mig3g-40gb,openshift-user-workload-monitoring/user-workload,1,tgis-bam,7557.0
2024-05-20 15:12:59.285000086,tgi_batch_next_tokens,http,10.128.2.18:3000,tgis-bam,fmaas-monitoring,llama3-mig3g-40gb,openshift-user-workload-monitoring/user-workload,1,tgis-bam,7557.0
2024-05-20 15:13:04.285000086,tgi_batch_next_tokens,http,10.128.2.18:3000,tgis-bam,fmaas-monitoring,llama3-mig3g-40gb,openshift-user-workload-monitoring/user-workload,1,tgis-bam,7557.0
2024-05-20 15:13:09.285000086,tgi_batch_next_tokens,http,10.128.2.18:3000,tgis-bam,fmaas-monitoring,llama3-mig3g-40gb,openshift-user-workload-monitoring/user-workload,1,tgis-bam,7557.0
2024-05-20 15:13:14.285000086,tgi_batch_next_tokens,http,10.128.2.18:3000,tgis-bam,fmaas-monitoring,llama3-mig3g-40gb,openshift-user-workload-monitoring/user-workload,1,tgis-bam,7557.0
2024-05-20 15:13:19.285000086,tgi_batch_next_tokens,http,10.128.2.18:3000,tgis-bam,fmaas-monitoring,llama3-mig3g-40gb,openshift-user-workload-monitoring/user-workload,1,tgis-bam,7557.0
2024-05-20 15:13:24.285000086,tgi_batch_next_tokens,http,10.128.2.18:3000,tgis-bam,fmaas-monitoring,llama3-mig3g-40gb,openshift-user-workload-monitoring/user-workload,1,tgis-bam,7557.0
2024-05-20 15:13:29.285000086,tgi_batch_next_tokens,http,10.128.2.18:3000,tgis-bam,fmaas-monitoring,llama3-mig3g-40gb,openshift-user-workload-monitoring/user-workload,0,tgis-bam,30.0
2024-05-20 15:13:34.285000086,tgi_batch_next_tokens,http,10.128.2.18:3000,tgis-bam,fmaas-monitoring,llama3-mig3g-40gb,openshift-user-workload-monitoring/user-workload,0,tgis-bam,30.0
2024-05-20 15:13:39.285000086,tgi_batch_next_tokens,http,10.128.2.18:3000,tgis-bam,fmaas-monitoring,llama3-mig3g-40gb,openshift-user-workload-monitoring/user-workload,0,tgis-bam,30.0
2024-05-20 15:13:44.285000086,tgi_batch_next_tokens,http,10.128.2.18:3000,tgis-bam,fmaas-monitoring,llama3-mig3g-40gb,openshift-user-workload-monitoring/user-workload,0,tgis-bam,30.0
2024-05-20 15:13:49.285000086,tgi_batch_next_tokens,http,10.128.2.18:3000,tgis-bam,fmaas-monitoring,llama3-mig3g-40gb,openshift-user-workload-monitoring/user-workload,0,tgis-bam,30.0
2024-05-20 15:13:54.285000086,tgi_batch_next_tokens,http,10.128.2.18:3000,tgis-bam,fmaas-monitoring,llama3-mig3g-40gb,openshift-user-workload-monitoring/user-workload,0,tgis-bam,30.0
2024-05-20 15:13:59.285000086,tgi_batch_next_tokens,http,10.128.2.18:3000,tgis-bam,fmaas-monitoring,llama3-mig3g-40gb,openshift-user-workload-monitoring/user-workload,0,tgis-bam,25.0
2024-05-20 15:14:04.285000086,tgi_batch_next_tokens,http,10.128.2.18:3000,tgis-bam,fmaas-monitoring,llama3-mig3g-40gb,openshift-user-workload-monitoring/user-workload,0,tgis-bam,25.0
2024-05-20 15:14:09.285000086,tgi_batch_next_tokens,http,10.128.2.18:3000,tgis-bam,fmaas-monitoring,llama3-mig3g-40gb,openshift-user-workload-monitoring/user-workload,0,tgis-bam,25.0
2024-05-20 15:14:14.285000086,tgi_batch_next_tokens,http,10.128.2.18:3000,tgis-bam,fmaas-monitoring,llama3-mig3g-40gb,openshift-user-workload-monitoring/user-workload,0,tgis-bam,25.0
2024-05-20 15:14:19.285000086,tgi_batch_next_tokens,http,10.128.2.18:3000,tgis-bam,fmaas-monitoring,llama3-mig3g-40gb,openshift-user-workload-monitoring/user-workload,0,tgis-bam,25.0
2024-05-20 15:14:24.285000086,tgi_batch_next_tokens,http,10.128.2.18:3000,tgis-bam,fmaas-monitoring,llama3-mig3g-40gb,openshift-user-workload-monitoring/user-workload,0,tgis-bam,25.0
2024-05-20 15:14:29.285000086,tgi_batch_next_tokens,http,10.128.2.18:3000,tgis-bam,fmaas-monitoring,llama3-mig3g-40gb,openshift-user-workload-monitoring/user-workload,0,tgis-bam,25.0
2024-05-20 15:14:34.285000086,tgi_batch_next_tokens,http,10.128.2.18:3000,tgis-bam,fmaas-monitoring,llama3-mig3g-40gb,openshift-user-workload-monitoring/user-workload,0,tgis-bam,25.0
2024-05-20 15:14:39.285000086,tgi_batch_next_tokens,http,10.128.2.18:3000,tgis-bam,fmaas-monitoring,llama3-mig3g-40gb,openshift-user-workload-monitoring/user-workload,0,tgis-bam,25.0
2024-05-20 15:14:44.285000086,tgi_batch_next_tokens,http,10.128.2.18:3000,tgis-bam,fmaas-monitoring,llama3-mig3g-40gb,openshift-user-workload-monitoring/user-workload,0,tgis-bam,25.0
2024-05-20 15:14:49.295000076,tgi_batch_next_tokens,http,10.128.2.18:3000,tgis-bam,fmaas-monitoring,llama3-mig3g-40gb,openshift-user-workload-monitoring/user-workload,0,tgis-bam,27.0
2024-05-20 15:14:54.285000086,tgi_batch_next_tokens,http,10.128.2.18:3000,tgis-bam,fmaas-monitoring,llama3-mig3g-40gb,openshift-user-workload-monitoring/user-workload,0,tgis-bam,27.0
2024-05-20 15:14:59.285000086,tgi_batch_next_tokens,http,10.128.2.18:3000,tgis-bam,fmaas-monitoring,llama3-mig3g-40gb,openshift-user-workload-monitoring/user-workload,0,tgis-bam,11.0
2024-05-20 15:15:04.285000086,tgi_batch_next_tokens,http,10.128.2.18:3000,tgis-bam,fmaas-monitoring,llama3-mig3g-40gb,openshift-user-workload-monitoring/user-workload,0,tgis-bam,11.0
2024-05-20 15:15:09.285000086,tgi_batch_next_tokens,http,10.128.2.18:3000,tgis-bam,fmaas-monitoring,llama3-mig3g-40gb,openshift-user-workload-monitoring/user-workload,0,tgis-bam,11.0
2024-05-20 15:15:14.285000086,tgi_batch_next_tokens,http,10.128.2.18:3000,tgis-bam,fmaas-monitoring,llama3-mig3g-40gb,openshift-user-workload-monitoring/user-workload,0,tgis-bam,11.0
2024-05-20 15:15:19.285000086,tgi_batch_next_tokens,http,10.128.2.18:3000,tgis-bam,fmaas-monitoring,llama3-mig3g-40gb,openshift-user-workload-monitoring/user-workload,0,tgis-bam,11.0
2024-05-20 15:15:24.285000086,tgi_batch_next_tokens,http,10.128.2.18:3000,tgis-bam,fmaas-monitoring,llama3-mig3g-40gb,openshift-user-workload-monitoring/user-workload,0,tgis-bam,11.0
2024-05-20 15:15:29.285000086,tgi_batch_next_tokens,http,10.128.2.18:3000,tgis-bam,fmaas-monitoring,llama3-mig3g-40gb,openshift-user-workload-monitoring/user-workload,0,tgis-bam,11.0
2024-05-20 15:15:34.285000086,tgi_batch_next_tokens,http,10.128.2.18:3000,tgis-bam,fmaas-monitoring,llama3-mig3g-40gb,openshift-user-workload-monitoring/user-workload,0,tgis-bam,11.0
2024-05-20 15:15:39.285000086,tgi_batch_next_tokens,http,10.128.2.18:3000,tgis-bam,fmaas-monitoring,llama3-mig3g-40gb,openshift-user-workload-monitoring/user-workload,0,tgis-bam,11.0
2024-05-20 15:15:44.285000086,tgi_batch_next_tokens,http,10.128.2.18:3000,tgis-bam,fmaas-monitoring,llama3-mig3g-40gb,openshift-user-workload-monitoring/user-workload,0,tgis-bam,11.0
2024-05-20 15:15:49.352999926,tgi_batch_next_tokens,http,10.128.2.18:3000,tgis-bam,fmaas-monitoring,llama3-mig3g-40gb,openshift-user-workload-monitoring/user-workload,0,tgis-bam,41.0
2024-05-20 15:15:54.285000086,tgi_batch_next_tokens,http,10.128.2.18:3000,tgis-bam,fmaas-monitoring,llama3-mig3g-40gb,openshift-user-workload-monitoring/user-workload,0,tgis-bam,41.0
2024-05-20 15:15:59.285000086,tgi_batch_next_tokens,http,10.128.2.18:3000,tgis-bam,fmaas-monitoring,llama3-mig3g-40gb,openshift-user-workload-monitoring/user-workload,0,tgis-bam,41.0
2024-05-20 15:16:04.285000086,tgi_batch_next_tokens,http,10.128.2.18:3000,tgis-bam,fmaas-monitoring,llama3-mig3g-40gb,openshift-user-workload-monitoring/user-workload,0,tgis-bam,41.0
2024-05-20 15:16:09.285000086,tgi_batch_next_tokens,http,10.128.2.18:3000,tgis-bam,fmaas-monitoring,llama3-mig3g-40gb,openshift-user-workload-monitoring/user-workload,0,tgis-bam,41.0
2024-05-20 15:16:14.285000086,tgi_batch_next_tokens,http,10.128.2.18:3000,tgis-bam,fmaas-monitoring,llama3-mig3g-40gb,openshift-user-workload-monitoring/user-workload,0,tgis-bam,41.0
2024-05-20 15:16:19.285000086,tgi_batch_next_tokens,http,10.128.2.18:3000,tgis-bam,fmaas-monitoring,llama3-mig3g-40gb,openshift-user-workload-monitoring/user-workload,0,tgis-bam,41.0
2024-05-20 15:16:24.285000086,tgi_batch_next_tokens,http,10.128.2.18:3000,tgis-bam,fmaas-monitoring,llama3-mig3g-40gb,openshift-user-workload-monitoring/user-workload,0,tgis-bam,41.0
2024-05-20 15:16:29.285000086,tgi_batch_next_tokens,http,10.128.2.18:3000,tgis-bam,fmaas-monitoring,llama3-mig3g-40gb,openshift-user-workload-monitoring/user-workload,0,tgis-bam,705.0
2024-05-20 15:16:34.285000086,tgi_batch_next_tokens,http,10.128.2.18:3000,tgis-bam,fmaas-monitoring,llama3-mig3g-40gb,openshift-user-workload-monitoring/user-workload,0,tgis-bam,705.0
2024-05-20 15:16:39.285000086,tgi_batch_next_tokens,http,10.128.2.18:3000,tgis-bam,fmaas-monitoring,llama3-mig3g-40gb,openshift-user-workload-monitoring/user-workload,0,tgis-bam,25.0
2024-05-20 15:16:44.285000086,tgi_batch_next_tokens,http,10.128.2.18:3000,tgis-bam,fmaas-monitoring,llama3-mig3g-40gb,openshift-user-workload-monitoring/user-workload,0,tgis-bam,25.0
2024-05-20 15:16:49.285000086,tgi_batch_next_tokens,http,10.128.2.18:3000,tgis-bam,fmaas-monitoring,llama3-mig3g-40gb,openshift-user-workload-monitoring/user-workload,0,tgis-bam,25.0
2024-05-20 15:16:54.285000086,tgi_batch_next_tokens,http,10.128.2.18:3000,tgis-bam,fmaas-monitoring,llama3-mig3g-40gb,openshift-user-workload-monitoring/user-workload,0,tgis-bam,25.0
2024-05-20 15:16:59.285000086,tgi_batch_next_tokens,http,10.128.2.18:3000,tgis-bam,fmaas-monitoring,llama3-mig3g-40gb,openshift-user-workload-monitoring/user-workload,0,tgis-bam,25.0
2024-05-20 15:17:04.285000086,tgi_batch_next_tokens,http,10.128.2.18:3000,tgis-bam,fmaas-monitoring,llama3-mig3g-40gb,openshift-user-workload-monitoring/user-workload,0,tgis-bam,25.0
2024-05-20 15:17:09.285000086,tgi_batch_next_tokens,http,10.128.2.18:3000,tgis-bam,fmaas-monitoring,llama3-mig3g-40gb,openshift-user-workload-monitoring/user-workload,0,tgis-bam,25.0
2024-05-20 15:17:14.285000086,tgi_batch_next_tokens,http,10.128.2.18:3000,tgis-bam,fmaas-monitoring,llama3-mig3g-40gb,openshift-user-workload-monitoring/user-workload,0,tgis-bam,25.0
2024-05-20 15:17:19.285000086,tgi_batch_next_tokens,http,10.128.2.18:3000,tgis-bam,fmaas-monitoring,llama3-mig3g-40gb,openshift-user-workload-monitoring/user-workload,0,tgis-bam,25.0
2024-05-20 15:17:24.285000086,tgi_batch_next_tokens,http,10.128.2.18:3000,tgis-bam,fmaas-monitoring,llama3-mig3g-40gb,openshift-user-workload-monitoring/user-workload,0,tgis-bam,25.0
2024-05-20 15:17:29.296999931,tgi_batch_next_tokens,http,10.128.2.18:3000,tgis-bam,fmaas-monitoring,llama3-mig3g-40gb,openshift-user-workload-monitoring/user-workload,0,tgis-bam,246.0
2024-05-20 15:17:34.285000086,tgi_batch_next_tokens,http,10.128.2.18:3000,tgis-bam,fmaas-monitoring,llama3-mig3g-40gb,openshift-user-workload-monitoring/user-workload,0,tgis-bam,39.0
2024-05-20 15:17:39.285000086,tgi_batch_next_tokens,http,10.128.2.18:3000,tgis-bam,fmaas-monitoring,llama3-mig3g-40gb,openshift-user-workload-monitoring/user-workload,0,tgis-bam,39.0
2024-05-20 15:17:44.285000086,tgi_batch_next_tokens,http,10.128.2.18:3000,tgis-bam,fmaas-monitoring,llama3-mig3g-40gb,openshift-user-workload-monitoring/user-workload,0,tgis-bam,21.0
2024-05-20 15:17:49.285000086,tgi_batch_next_tokens,http,10.128.2.18:3000,tgis-bam,fmaas-monitoring,llama3-mig3g-40gb,openshift-user-workload-monitoring/user-workload,0,tgis-bam,21.0
2024-05-20 15:17:54.285000086,tgi_batch_next_tokens,http,10.128.2.18:3000,tgis-bam,fmaas-monitoring,llama3-mig3g-40gb,openshift-user-workload-monitoring/user-workload,0,tgis-bam,21.0
2024-05-20 15:17:59.285000086,tgi_batch_next_tokens,http,10.128.2.18:3000,tgis-bam,fmaas-monitoring,llama3-mig3g-40gb,openshift-user-workload-monitoring/user-workload,0,tgis-bam,21.0
2024-05-20 15:18:04.285000086,tgi_batch_next_tokens,http,10.128.2.18:3000,tgis-bam,fmaas-monitoring,llama3-mig3g-40gb,openshift-user-workload-monitoring/user-workload,0,tgis-bam,21.0
2024-05-20 15:18:09.285000086,tgi_batch_next_tokens,http,10.128.2.18:3000,tgis-bam,fmaas-monitoring,llama3-mig3g-40gb,openshift-user-workload-monitoring/user-workload,0,tgis-bam,21.0
2024-05-20 15:18:14.285000086,tgi_batch_next_tokens,http,10.128.2.18:3000,tgis-bam,fmaas-monitoring,llama3-mig3g-40gb,openshift-user-workload-monitoring/user-workload,0,tgis-bam,21.0
2024-05-20 15:18:19.285000086,tgi_batch_next_tokens,http,10.128.2.18:3000,tgis-bam,fmaas-monitoring,llama3-mig3g-40gb,openshift-user-workload-monitoring/user-workload,0,tgis-bam,21.0
2024-05-20 15:18:24.285000086,tgi_batch_next_tokens,http,10.128.2.18:3000,tgis-bam,fmaas-monitoring,llama3-mig3g-40gb,openshift-user-workload-monitoring/user-workload,0,tgis-bam,21.0
2024-05-20 15:18:29.285000086,tgi_batch_next_tokens,http,10.128.2.18:3000,tgis-bam,fmaas-monitoring,llama3-mig3g-40gb,openshift-user-workload-monitoring/user-workload,0,tgis-bam,62.0
2024-05-20 15:18:34.285000086,tgi_batch_next_tokens,http,10.128.2.18:3000,tgis-bam,fmaas-monitoring,llama3-mig3g-40gb,openshift-user-workload-monitoring/user-workload,0,tgis-bam,62.0
2024-05-20 15:18:39.285000086,tgi_batch_next_tokens,http,10.128.2.18:3000,tgis-bam,fmaas-monitoring,llama3-mig3g-40gb,openshift-user-workload-monitoring/user-workload,0,tgis-bam,62.0
2024-05-20 15:18:44.285000086,tgi_batch_next_tokens,http,10.128.2.18:3000,tgis-bam,fmaas-monitoring,llama3-mig3g-40gb,openshift-user-workload-monitoring/user-workload,0,tgis-bam,62.0
2024-05-20 15:18:49.285000086,tgi_batch_next_tokens,http,10.128.2.18:3000,tgis-bam,fmaas-monitoring,llama3-mig3g-40gb,openshift-user-workload-monitoring/user-workload,0,tgis-bam,95.0
2024-05-20 15:18:54.285000086,tgi_batch_next_tokens,http,10.128.2.18:3000,tgis-bam,fmaas-monitoring,llama3-mig3g-40gb,openshift-user-workload-monitoring/user-workload,0,tgis-bam,28.0
2024-05-20 15:18:59.285000086,tgi_batch_next_tokens,http,10.128.2.18:3000,tgis-bam,fmaas-monitoring,llama3-mig3g-40gb,openshift-user-workload-monitoring/user-workload,0,tgis-bam,28.0
2024-05-20 15:19:04.285000086,tgi_batch_next_tokens,http,10.128.2.18:3000,tgis-bam,fmaas-monitoring,llama3-mig3g-40gb,openshift-user-workload-monitoring/user-workload,0,tgis-bam,28.0
2024-05-20 15:19:09.285000086,tgi_batch_next_tokens,http,10.128.2.18:3000,tgis-bam,fmaas-monitoring,llama3-mig3g-40gb,openshift-user-workload-monitoring/user-workload,0,tgis-bam,28.0
2024-05-20 15:19:14.285000086,tgi_batch_next_tokens,http,10.128.2.18:3000,tgis-bam,fmaas-monitoring,llama3-mig3g-40gb,openshift-user-workload-monitoring/user-workload,0,tgis-bam,28.0
2024-05-20 15:19:19.285000086,tgi_batch_next_tokens,http,10.128.2.18:3000,tgis-bam,fmaas-monitoring,llama3-mig3g-40gb,openshift-user-workload-monitoring/user-workload,0,tgis-bam,28.0
2024-05-20 15:19:24.285000086,tgi_batch_next_tokens,http,10.128.2.18:3000,tgis-bam,fmaas-monitoring,llama3-mig3g-40gb,openshift-user-workload-monitoring/user-workload,0,tgis-bam,28.0
2024-05-20 15:19:29.285000086,tgi_batch_next_tokens,http,10.128.2.18:3000,tgis-bam,fmaas-monitoring,llama3-mig3g-40gb,openshift-user-workload-monitoring/user-workload,0,tgis-bam,28.0
2024-05-20 15:19:34.285000086,tgi_batch_next_tokens,http,10.128.2.18:3000,tgis-bam,fmaas-monitoring,llama3-mig3g-40gb,openshift-user-workload-monitoring/user-workload,0,tgis-bam,28.0
2024-05-20 15:19:39.285000086,tgi_batch_next_tokens,http,10.128.2.18:3000,tgis-bam,fmaas-monitoring,llama3-mig3g-40gb,openshift-user-workload-monitoring/user-workload,0,tgis-bam,9.0
2024-05-20 15:19:44.302000046,tgi_batch_next_tokens,http,10.128.2.18:3000,tgis-bam,fmaas-monitoring,llama3-mig3g-40gb,openshift-user-workload-monitoring/user-workload,0,tgis-bam,9.0
2024-05-20 15:19:49.285000086,tgi_batch_next_tokens,http,10.128.2.18:3000,tgis-bam,fmaas-monitoring,llama3-mig3g-40gb,openshift-user-workload-monitoring/user-workload,0,tgis-bam,9.0
2024-05-20 15:19:54.285000086,tgi_batch_next_tokens,http,10.128.2.18:3000,tgis-bam,fmaas-monitoring,llama3-mig3g-40gb,openshift-user-workload-monitoring/user-workload,0,tgis-bam,9.0
2024-05-20 15:19:59.285000086,tgi_batch_next_tokens,http,10.128.2.18:3000,tgis-bam,fmaas-monitoring,llama3-mig3g-40gb,openshift-user-workload-monitoring/user-workload,0,tgis-bam,9.0
2024-05-20 15:20:04.285000086,tgi_batch_next_tokens,http,10.128.2.18:3000,tgis-bam,fmaas-monitoring,llama3-mig3g-40gb,openshift-user-workload-monitoring/user-workload,0,tgis-bam,9.0
2024-05-20 15:20:09.285000086,tgi_batch_next_tokens,http,10.128.2.18:3000,tgis-bam,fmaas-monitoring,llama3-mig3g-40gb,openshift-user-workload-monitoring/user-workload,0,tgis-bam,9.0
2024-05-20 15:20:14.285000086,tgi_batch_next_tokens,http,10.128.2.18:3000,tgis-bam,fmaas-monitoring,llama3-mig3g-40gb,openshift-user-workload-monitoring/user-workload,0,tgis-bam,9.0
2024-05-20 15:20:19.285000086,tgi_batch_next_tokens,http,10.128.2.18:3000,tgis-bam,fmaas-monitoring,llama3-mig3g-40gb,openshift-user-workload-monitoring/user-workload,0,tgis-bam,9.0
2024-05-20 15:20:24.285000086,tgi_batch_next_tokens,http,10.128.2.18:3000,tgis-bam,fmaas-monitoring,llama3-mig3g-40gb,openshift-user-workload-monitoring/user-workload,0,tgis-bam,9.0
2024-05-20 15:20:29.285000086,tgi_batch_next_tokens,http,10.128.2.18:3000,tgis-bam,fmaas-monitoring,llama3-mig3g-40gb,openshift-user-workload-monitoring/user-workload,0,tgis-bam,51.0
2024-05-20 15:20:34.285000086,tgi_batch_next_tokens,http,10.128.2.18:3000,tgis-bam,fmaas-monitoring,llama3-mig3g-40gb,openshift-user-workload-monitoring/user-workload,0,tgis-bam,51.0
2024-05-20 15:20:39.285000086,tgi_batch_next_tokens,http,10.128.2.18:3000,tgis-bam,fmaas-monitoring,llama3-mig3g-40gb,openshift-user-workload-monitoring/user-workload,0,tgis-bam,51.0
2024-05-20 15:20:44.285000086,tgi_batch_next_tokens,http,10.128.2.18:3000,tgis-bam,fmaas-monitoring,llama3-mig3g-40gb,openshift-user-workload-monitoring/user-workload,0,tgis-bam,38.0
2024-05-20 15:20:49.285000086,tgi_batch_next_tokens,http,10.128.2.18:3000,tgis-bam,fmaas-monitoring,llama3-mig3g-40gb,openshift-user-workload-monitoring/user-workload,0,tgis-bam,38.0
2024-05-20 15:20:54.285000086,tgi_batch_next_tokens,http,10.128.2.18:3000,tgis-bam,fmaas-monitoring,llama3-mig3g-40gb,openshift-user-workload-monitoring/user-workload,0,tgis-bam,38.0
2024-05-20 15:20:59.309000015,tgi_batch_next_tokens,http,10.128.2.18:3000,tgis-bam,fmaas-monitoring,llama3-mig3g-40gb,openshift-user-workload-monitoring/user-workload,0,tgis-bam,27.0
2024-05-20 15:21:04.285000086,tgi_batch_next_tokens,http,10.128.2.18:3000,tgis-bam,fmaas-monitoring,llama3-mig3g-40gb,openshift-user-workload-monitoring/user-workload,0,tgis-bam,11.0
2024-05-20 15:21:09.285000086,tgi_batch_next_tokens,http,10.128.2.18:3000,tgis-bam,fmaas-monitoring,llama3-mig3g-40gb,openshift-user-workload-monitoring/user-workload,0,tgis-bam,11.0
2024-05-20 15:21:14.285000086,tgi_batch_next_tokens,http,10.128.2.18:3000,tgis-bam,fmaas-monitoring,llama3-mig3g-40gb,openshift-user-workload-monitoring/user-workload,0,tgis-bam,11.0
2024-05-20 15:21:19.285000086,tgi_batch_next_tokens,http,10.128.2.18:3000,tgis-bam,fmaas-monitoring,llama3-mig3g-40gb,openshift-user-workload-monitoring/user-workload,0,tgis-bam,11.0
2024-05-20 15:21:24.285000086,tgi_batch_next_tokens,http,10.128.2.18:3000,tgis-bam,fmaas-monitoring,llama3-mig3g-40gb,openshift-user-workload-monitoring/user-workload,0,tgis-bam,11.0
2024-05-20 15:21:29.285000086,tgi_batch_next_tokens,http,10.128.2.18:3000,tgis-bam,fmaas-monitoring,llama3-mig3g-40gb,openshift-user-workload-monitoring/user-workload,0,tgis-bam,11.0
2024-05-20 15:21:34.285000086,tgi_batch_next_tokens,http,10.128.2.18:3000,tgis-bam,fmaas-monitoring,llama3-mig3g-40gb,openshift-user-workload-monitoring/user-workload,0,tgis-bam,11.0
2024-05-20 15:21:39.285000086,tgi_batch_next_tokens,http,10.128.2.18:3000,tgis-bam,fmaas-monitoring,llama3-mig3g-40gb,openshift-user-workload-monitoring/user-workload,0,tgis-bam,7.0
2024-05-20 15:21:44.285000086,tgi_batch_next_tokens,http,10.128.2.18:3000,tgis-bam,fmaas-monitoring,llama3-mig3g-40gb,openshift-user-workload-monitoring/user-workload,0,tgis-bam,7.0
2024-05-20 15:21:49.285000086,tgi_batch_next_tokens,http,10.128.2.18:3000,tgis-bam,fmaas-monitoring,llama3-mig3g-40gb,openshift-user-workload-monitoring/user-workload,0,tgis-bam,7.0
2024-05-20 15:21:54.285000086,tgi_batch_next_tokens,http,10.128.2.18:3000,tgis-bam,fmaas-monitoring,llama3-mig3g-40gb,openshift-user-workload-monitoring/user-workload,0,tgis-bam,7.0
2024-05-20 15:21:59.301000118,tgi_batch_next_tokens,http,10.128.2.18:3000,tgis-bam,fmaas-monitoring,llama3-mig3g-40gb,openshift-user-workload-monitoring/user-workload,0,tgis-bam,7.0
2024-05-20 15:22:04.285000086,tgi_batch_next_tokens,http,10.128.2.18:3000,tgis-bam,fmaas-monitoring,llama3-mig3g-40gb,openshift-user-workload-monitoring/user-workload,0,tgis-bam,7.0
2024-05-20 15:22:09.285000086,tgi_batch_next_tokens,http,10.128.2.18:3000,tgis-bam,fmaas-monitoring,llama3-mig3g-40gb,openshift-user-workload-monitoring/user-workload,0,tgis-bam,7.0
2024-05-20 15:22:14.285000086,tgi_batch_next_tokens,http,10.128.2.18:3000,tgis-bam,fmaas-monitoring,llama3-mig3g-40gb,openshift-user-workload-monitoring/user-workload,0,tgis-bam,7.0
2024-05-20 15:22:19.285000086,tgi_batch_next_tokens,http,10.128.2.18:3000,tgis-bam,fmaas-monitoring,llama3-mig3g-40gb,openshift-user-workload-monitoring/user-workload,0,tgis-bam,7.0
2024-05-20 15:22:24.285000086,tgi_batch_next_tokens,http,10.128.2.18:3000,tgis-bam,fmaas-monitoring,llama3-mig3g-40gb,openshift-user-workload-monitoring/user-workload,0,tgis-bam,7.0
2024-05-20 15:22:29.285000086,tgi_batch_next_tokens,http,10.128.2.18:3000,tgis-bam,fmaas-monitoring,llama3-mig3g-40gb,openshift-user-workload-monitoring/user-workload,0,tgis-bam,1264.0
2024-05-20 15:22:34.285000086,tgi_batch_next_tokens,http,10.128.2.18:3000,tgis-bam,fmaas-monitoring,llama3-mig3g-40gb,openshift-user-workload-monitoring/user-workload,0,tgis-bam,1264.0
2024-05-20 15:22:39.308000088,tgi_batch_next_tokens,http,10.128.2.18:3000,tgis-bam,fmaas-monitoring,llama3-mig3g-40gb,openshift-user-workload-monitoring/user-workload,0,tgis-bam,99.0
2024-05-20 15:22:44.285000086,tgi_batch_next_tokens,http,10.128.2.18:3000,tgis-bam,fmaas-monitoring,llama3-mig3g-40gb,openshift-user-workload-monitoring/user-workload,0,tgis-bam,99.0
2024-05-20 15:22:49.285000086,tgi_batch_next_tokens,http,10.128.2.18:3000,tgis-bam,fmaas-monitoring,llama3-mig3g-40gb,openshift-user-workload-monitoring/user-workload,0,tgis-bam,99.0
2024-05-20 15:22:54.285000086,tgi_batch_next_tokens,http,10.128.2.18:3000,tgis-bam,fmaas-monitoring,llama3-mig3g-40gb,openshift-user-workload-monitoring/user-workload,0,tgis-bam,73.0
2024-05-20 15:22:59.285000086,tgi_batch_next_tokens,http,10.128.2.18:3000,tgis-bam,fmaas-monitoring,llama3-mig3g-40gb,openshift-user-workload-monitoring/user-workload,0,tgis-bam,9.0
2024-05-20 15:23:04.285000086,tgi_batch_next_tokens,http,10.128.2.18:3000,tgis-bam,fmaas-monitoring,llama3-mig3g-40gb,openshift-user-workload-monitoring/user-workload,0,tgis-bam,9.0
2024-05-20 15:23:09.285000086,tgi_batch_next_tokens,http,10.128.2.18:3000,tgis-bam,fmaas-monitoring,llama3-mig3g-40gb,openshift-user-workload-monitoring/user-workload,0,tgis-bam,9.0
2024-05-20 15:23:14.285000086,tgi_batch_next_tokens,http,10.128.2.18:3000,tgis-bam,fmaas-monitoring,llama3-mig3g-40gb,openshift-user-workload-monitoring/user-workload,0,tgis-bam,9.0
2024-05-20 15:23:19.326999903,tgi_batch_next_tokens,http,10.128.2.18:3000,tgis-bam,fmaas-monitoring,llama3-mig3g-40gb,openshift-user-workload-monitoring/user-workload,0,tgis-bam,9.0
2024-05-20 15:23:24.285000086,tgi_batch_next_tokens,http,10.128.2.18:3000,tgis-bam,fmaas-monitoring,llama3-mig3g-40gb,openshift-user-workload-monitoring/user-workload,0,tgis-bam,9.0
2024-05-20 15:13:29.285000086,tgi_batch_next_tokens,http,10.128.2.18:3000,tgis-bam,fmaas-monitoring,llama3-mig3g-40gb,openshift-user-workload-monitoring/user-workload,0.5,tgis-bam,1420.1247788935589
2024-05-20 15:13:34.285000086,tgi_batch_next_tokens,http,10.128.2.18:3000,tgis-bam,fmaas-monitoring,llama3-mig3g-40gb,openshift-user-workload-monitoring/user-workload,0.5,tgis-bam,1420.1247788935589
2024-05-20 15:13:39.285000086,tgi_batch_next_tokens,http,10.128.2.18:3000,tgis-bam,fmaas-monitoring,llama3-mig3g-40gb,openshift-user-workload-monitoring/user-workload,0.5,tgis-bam,2416.076013174247
2024-05-20 15:13:44.285000086,tgi_batch_next_tokens,http,10.128.2.18:3000,tgis-bam,fmaas-monitoring,llama3-mig3g-40gb,openshift-user-workload-monitoring/user-workload,0.5,tgis-bam,2232.104230586547
2024-05-20 15:13:49.285000086,tgi_batch_next_tokens,http,10.128.2.18:3000,tgis-bam,fmaas-monitoring,llama3-mig3g-40gb,openshift-user-workload-monitoring/user-workload,0.5,tgis-bam,535.017799235152
2024-05-20 15:13:54.285000086,tgi_batch_next_tokens,http,10.128.2.18:3000,tgis-bam,fmaas-monitoring,llama3-mig3g-40gb,openshift-user-workload-monitoring/user-workload,0.5,tgis-bam,740.0368757286137
2024-05-20 15:13:59.285000086,tgi_batch_next_tokens,http,10.128.2.18:3000,tgis-bam,fmaas-monitoring,llama3-mig3g-40gb,openshift-user-workload-monitoring/user-workload,0.5,tgis-bam,946.054348115611
2024-05-20 15:14:04.285000086,tgi_batch_next_tokens,http,10.128.2.18:3000,tgis-bam,fmaas-monitoring,llama3-mig3g-40gb,openshift-user-workload-monitoring/user-workload,0.5,tgis-bam,1200.9882261218888
2024-05-20 15:14:09.285000086,tgi_batch_next_tokens,http,10.128.2.18:3000,tgis-bam,fmaas-monitoring,llama3-mig3g-40gb,openshift-user-workload-monitoring/user-workload,0.5,tgis-bam,1400.9418216185372
2024-05-20 15:14:14.285000086,tgi_batch_next_tokens,http,10.128.2.18:3000,tgis-bam,fmaas-monitoring,llama3-mig3g-40gb,openshift-user-workload-monitoring/user-workload,0.5,tgis-bam,1200.9882261218888
2024-05-20 15:14:19.285000086,tgi_batch_next_tokens,http,10.128.2.18:3000,tgis-bam,fmaas-monitoring,llama3-mig3g-40gb,openshift-user-workload-monitoring/user-workload,0.5,tgis-bam,1200.9882261218888
2024-05-20 15:14:24.285000086,tgi_batch_next_tokens,http,10.128.2.18:3000,tgis-bam,fmaas-monitoring,llama3-mig3g-40gb,openshift-user-workload-monitoring/user-workload,0.5,tgis-bam,1200.9882261218888
2024-05-20 15:14:29.285000086,tgi_batch_next_tokens,http,10.128.2.18:3000,tgis-bam,fmaas-monitoring,llama3-mig3g-40gb,openshift-user-workload-monitoring/user-workload,0.5,tgis-bam,1200.9882261218888
2024-05-20 15:14:34.285000086,tgi_batch_next_tokens,http,10.128.2.18:3000,tgis-bam,fmaas-monitoring,llama3-mig3g-40gb,openshift-user-workload-monitoring/user-workload,0.5,tgis-bam,1400.9418216185372
2024-05-20 15:14:39.285000086,tgi_batch_next_tokens,http,10.128.2.18:3000,tgis-bam,fmaas-monitoring,llama3-mig3g-40gb,openshift-user-workload-monitoring/user-workload,0.5,tgis-bam,1400.9418216185372
2024-05-20 15:14:44.285000086,tgi_batch_next_tokens,http,10.128.2.18:3000,tgis-bam,fmaas-monitoring,llama3-mig3g-40gb,openshift-user-workload-monitoring/user-workload,0.5,tgis-bam,1673.8807630398048
2024-05-20 15:14:49.295000076,tgi_batch_next_tokens,http,10.128.2.18:3000,tgis-bam,fmaas-monitoring,llama3-mig3g-40gb,openshift-user-workload-monitoring/user-workload,0.5,tgis-bam,1587.1575953997087
2024-05-20 15:14:54.285000086,tgi_batch_next_tokens,http,10.128.2.18:3000,tgis-bam,fmaas-monitoring,llama3-mig3g-40gb,openshift-user-workload-monitoring/user-workload,0.5,tgis-bam,1695.1050932077665
2024-05-20 15:14:59.285000086,tgi_batch_next_tokens,http,10.128.2.18:3000,tgis-bam,fmaas-monitoring,llama3-mig3g-40gb,openshift-user-workload-monitoring/user-workload,0.5,tgis-bam,1587.1575953997087
2024-05-20 15:15:04.285000086,tgi_batch_next_tokens,http,10.128.2.18:3000,tgis-bam,fmaas-monitoring,llama3-mig3g-40gb,openshift-user-workload-monitoring/user-workload,0.5,tgis-bam,1587.1575953997087
2024-05-20 15:15:09.285000086,tgi_batch_next_tokens,http,10.128.2.18:3000,tgis-bam,fmaas-monitoring,llama3-mig3g-40gb,openshift-user-workload-monitoring/user-workload,0.5,tgis-bam,1695.1050932077665
2024-05-20 15:15:14.285000086,tgi_batch_next_tokens,http,10.128.2.18:3000,tgis-bam,fmaas-monitoring,llama3-mig3g-40gb,openshift-user-workload-monitoring/user-workload,0.5,tgis-bam,1695.1050932077665
2024-05-20 15:15:19.285000086,tgi_batch_next_tokens,http,10.128.2.18:3000,tgis-bam,fmaas-monitoring,llama3-mig3g-40gb,openshift-user-workload-monitoring/user-workload,0.5,tgis-bam,1695.1050932077665
2024-05-20 15:15:24.285000086,tgi_batch_next_tokens,http,10.128.2.18:3000,tgis-bam,fmaas-monitoring,llama3-mig3g-40gb,openshift-user-workload-monitoring/user-workload,0.5,tgis-bam,1695.1050932077665
2024-05-20 15:15:29.285000086,tgi_batch_next_tokens,http,10.128.2.18:3000,tgis-bam,fmaas-monitoring,llama3-mig3g-40gb,openshift-user-workload-monitoring/user-workload,0.5,tgis-bam,469.9846410292619
2024-05-20 15:15:34.285000086,tgi_batch_next_tokens,http,10.128.2.18:3000,tgis-bam,fmaas-monitoring,llama3-mig3g-40gb,openshift-user-workload-monitoring/user-workload,0.5,tgis-bam,469.9846410292619
2024-05-20 15:15:39.285000086,tgi_batch_next_tokens,http,10.128.2.18:3000,tgis-bam,fmaas-monitoring,llama3-mig3g-40gb,openshift-user-workload-monitoring/user-workload,0.5,tgis-bam,528.9532300272833
2024-05-20 15:15:44.285000086,tgi_batch_next_tokens,http,10.128.2.18:3000,tgis-bam,fmaas-monitoring,llama3-mig3g-40gb,openshift-user-workload-monitoring/user-workload,0.5,tgis-bam,1695.1050932077665
2024-05-20 15:15:49.352999926,tgi_batch_next_tokens,http,10.128.2.18:3000,tgis-bam,fmaas-monitoring,llama3-mig3g-40gb,openshift-user-workload-monitoring/user-workload,0.5,tgis-bam,2051.8559836508416
2024-05-20 15:15:54.285000086,tgi_batch_next_tokens,http,10.128.2.18:3000,tgis-bam,fmaas-monitoring,llama3-mig3g-40gb,openshift-user-workload-monitoring/user-workload,0.5,tgis-bam,1933.911703719889
2024-05-20 15:15:59.285000086,tgi_batch_next_tokens,http,10.128.2.18:3000,tgis-bam,fmaas-monitoring,llama3-mig3g-40gb,openshift-user-workload-monitoring/user-workload,0.5,tgis-bam,2412.213382468885
2024-05-20 15:16:04.285000086,tgi_batch_next_tokens,http,10.128.2.18:3000,tgis-bam,fmaas-monitoring,llama3-mig3g-40gb,openshift-user-workload-monitoring/user-workload,0.5,tgis-bam,2379.1534756964033
2024-05-20 15:16:09.285000086,tgi_batch_next_tokens,http,10.128.2.18:3000,tgis-bam,fmaas-monitoring,llama3-mig3g-40gb,openshift-user-workload-monitoring/user-workload,0.5,tgis-bam,2051.8559836508416
2024-05-20 15:16:14.285000086,tgi_batch_next_tokens,http,10.128.2.18:3000,tgis-bam,fmaas-monitoring,llama3-mig3g-40gb,openshift-user-workload-monitoring/user-workload,0.5,tgis-bam,2051.8559836508416
2024-05-20 15:16:19.285000086,tgi_batch_next_tokens,http,10.128.2.18:3000,tgis-bam,fmaas-monitoring,llama3-mig3g-40gb,openshift-user-workload-monitoring/user-workload,0.5,tgis-bam,2051.8559836508416
2024-05-20 15:16:24.285000086,tgi_batch_next_tokens,http,10.128.2.18:3000,tgis-bam,fmaas-monitoring,llama3-mig3g-40gb,openshift-user-workload-monitoring/user-workload,0.5,tgis-bam,2051.8559836508416
2024-05-20 15:16:29.285000086,tgi_batch_next_tokens,http,10.128.2.18:3000,tgis-bam,fmaas-monitoring,llama3-mig3g-40gb,openshift-user-workload-monitoring/user-workload,0.5,tgis-bam,1933.911703719889
2024-05-20 15:16:34.285000086,tgi_batch_next_tokens,http,10.128.2.18:3000,tgis-bam,fmaas-monitoring,llama3-mig3g-40gb,openshift-user-workload-monitoring/user-workload,0.5,tgis-bam,2379.1534756964033
2024-05-20 15:16:39.285000086,tgi_batch_next_tokens,http,10.128.2.18:3000,tgis-bam,fmaas-monitoring,llama3-mig3g-40gb,openshift-user-workload-monitoring/user-workload,0.5,tgis-bam,1933.911703719889
2024-05-20 15:16:44.285000086,tgi_batch_next_tokens,http,10.128.2.18:3000,tgis-bam,fmaas-monitoring,llama3-mig3g-40gb,openshift-user-workload-monitoring/user-workload,0.5,tgis-bam,1436.9815104631298
2024-05-20 15:16:49.285000086,tgi_batch_next_tokens,http,10.128.2.18:3000,tgis-bam,fmaas-monitoring,llama3-mig3g-40gb,openshift-user-workload-monitoring/user-workload,0.5,tgis-bam,1126.9836635598003
2024-05-20 15:16:54.285000086,tgi_batch_next_tokens,http,10.128.2.18:3000,tgis-bam,fmaas-monitoring,llama3-mig3g-40gb,openshift-user-workload-monitoring/user-workload,0.5,tgis-bam,964.0084092912473
2024-05-20 15:16:59.285000086,tgi_batch_next_tokens,http,10.128.2.18:3000,tgis-bam,fmaas-monitoring,llama3-mig3g-40gb,openshift-user-workload-monitoring/user-workload,0.5,tgis-bam,964.0084092912473
2024-05-20 15:17:04.285000086,tgi_batch_next_tokens,http,10.128.2.18:3000,tgis-bam,fmaas-monitoring,llama3-mig3g-40gb,openshift-user-workload-monitoring/user-workload,0.5,tgis-bam,964.0084092912473
2024-05-20 15:17:09.285000086,tgi_batch_next_tokens,http,10.128.2.18:3000,tgis-bam,fmaas-monitoring,llama3-mig3g-40gb,openshift-user-workload-monitoring/user-workload,0.5,tgis-bam,964.0084092912473
2024-05-20 15:17:14.285000086,tgi_batch_next_tokens,http,10.128.2.18:3000,tgis-bam,fmaas-monitoring,llama3-mig3g-40gb,openshift-user-workload-monitoring/user-workload,0.5,tgis-bam,964.0084092912473
2024-05-20 15:17:19.285000086,tgi_batch_next_tokens,http,10.128.2.18:3000,tgis-bam,fmaas-monitoring,llama3-mig3g-40gb,openshift-user-workload-monitoring/user-workload,0.5,tgis-bam,964.0084092912473
2024-05-20 15:17:24.285000086,tgi_batch_next_tokens,http,10.128.2.18:3000,tgis-bam,fmaas-monitoring,llama3-mig3g-40gb,openshift-user-workload-monitoring/user-workload,0.5,tgis-bam,964.0084092912473
2024-05-20 15:17:29.296999931,tgi_batch_next_tokens,http,10.128.2.18:3000,tgis-bam,fmaas-monitoring,llama3-mig3g-40gb,openshift-user-workload-monitoring/user-workload,0.5,tgis-bam,473.00218859422694
2024-05-20 15:17:34.285000086,tgi_batch_next_tokens,http,10.128.2.18:3000,tgis-bam,fmaas-monitoring,llama3-mig3g-40gb,openshift-user-workload-monitoring/user-workload,0.5,tgis-bam,473.00218859422694
2024-05-20 15:17:39.285000086,tgi_batch_next_tokens,http,10.128.2.18:3000,tgis-bam,fmaas-monitoring,llama3-mig3g-40gb,openshift-user-workload-monitoring/user-workload,0.5,tgis-bam,473.00218859422694
2024-05-20 15:17:44.285000086,tgi_batch_next_tokens,http,10.128.2.18:3000,tgis-bam,fmaas-monitoring,llama3-mig3g-40gb,openshift-user-workload-monitoring/user-workload,0.5,tgis-bam,1215.9731949757347
2024-05-20 15:17:49.285000086,tgi_batch_next_tokens,http,10.128.2.18:3000,tgis-bam,fmaas-monitoring,llama3-mig3g-40gb,openshift-user-workload-monitoring/user-workload,0.5,tgis-bam,1215.9731949757347
2024-05-20 15:17:54.285000086,tgi_batch_next_tokens,http,10.128.2.18:3000,tgis-bam,fmaas-monitoring,llama3-mig3g-40gb,openshift-user-workload-monitoring/user-workload,0.5,tgis-bam,1215.9731949757347
2024-05-20 15:17:59.285000086,tgi_batch_next_tokens,http,10.128.2.18:3000,tgis-bam,fmaas-monitoring,llama3-mig3g-40gb,openshift-user-workload-monitoring/user-workload,0.5,tgis-bam,1215.9731949757347
2024-05-20 15:18:04.285000086,tgi_batch_next_tokens,http,10.128.2.18:3000,tgis-bam,fmaas-monitoring,llama3-mig3g-40gb,openshift-user-workload-monitoring/user-workload,0.5,tgis-bam,1215.9731949757347
2024-05-20 15:18:09.285000086,tgi_batch_next_tokens,http,10.128.2.18:3000,tgis-bam,fmaas-monitoring,llama3-mig3g-40gb,openshift-user-workload-monitoring/user-workload,0.5,tgis-bam,1215.9731949757347
2024-05-20 15:18:14.285000086,tgi_batch_next_tokens,http,10.128.2.18:3000,tgis-bam,fmaas-monitoring,llama3-mig3g-40gb,openshift-user-workload-monitoring/user-workload,0.5,tgis-bam,1195.9546534573442
2024-05-20 15:18:19.285000086,tgi_batch_next_tokens,http,10.128.2.18:3000,tgis-bam,fmaas-monitoring,llama3-mig3g-40gb,openshift-user-workload-monitoring/user-workload,0.5,tgis-bam,1215.9731949757347
2024-05-20 15:18:24.285000086,tgi_batch_next_tokens,http,10.128.2.18:3000,tgis-bam,fmaas-monitoring,llama3-mig3g-40gb,openshift-user-workload-monitoring/user-workload,0.5,tgis-bam,1215.9731949757347
2024-05-20 15:18:29.285000086,tgi_batch_next_tokens,http,10.128.2.18:3000,tgis-bam,fmaas-monitoring,llama3-mig3g-40gb,openshift-user-workload-monitoring/user-workload,0.5,tgis-bam,1133.9926677580859
2024-05-20 15:18:34.285000086,tgi_batch_next_tokens,http,10.128.2.18:3000,tgis-bam,fmaas-monitoring,llama3-mig3g-40gb,openshift-user-workload-monitoring/user-workload,0.5,tgis-bam,1133.9926677580859
2024-05-20 15:18:39.285000086,tgi_batch_next_tokens,http,10.128.2.18:3000,tgis-bam,fmaas-monitoring,llama3-mig3g-40gb,openshift-user-workload-monitoring/user-workload,0.5,tgis-bam,1241.0337972846635
2024-05-20 15:18:44.285000086,tgi_batch_next_tokens,http,10.128.2.18:3000,tgis-bam,fmaas-monitoring,llama3-mig3g-40gb,openshift-user-workload-monitoring/user-workload,0.5,tgis-bam,1383.9541667359738
2024-05-20 15:18:49.285000086,tgi_batch_next_tokens,http,10.128.2.18:3000,tgis-bam,fmaas-monitoring,llama3-mig3g-40gb,openshift-user-workload-monitoring/user-workload,0.5,tgis-bam,1567.9119100622981
2024-05-20 15:18:54.285000086,tgi_batch_next_tokens,http,10.128.2.18:3000,tgis-bam,fmaas-monitoring,llama3-mig3g-40gb,openshift-user-workload-monitoring/user-workload,0.5,tgis-bam,1390.8912658883744
2024-05-20 15:18:59.285000086,tgi_batch_next_tokens,http,10.128.2.18:3000,tgis-bam,fmaas-monitoring,llama3-mig3g-40gb,openshift-user-workload-monitoring/user-workload,0.5,tgis-bam,1390.8912658883744
2024-05-20 15:19:04.285000086,tgi_batch_next_tokens,http,10.128.2.18:3000,tgis-bam,fmaas-monitoring,llama3-mig3g-40gb,openshift-user-workload-monitoring/user-workload,0.5,tgis-bam,1390.8912658883744
2024-05-20 15:19:09.285000086,tgi_batch_next_tokens,http,10.128.2.18:3000,tgis-bam,fmaas-monitoring,llama3-mig3g-40gb,openshift-user-workload-monitoring/user-workload,0.5,tgis-bam,1567.9119100622981
2024-05-20 15:19:14.285000086,tgi_batch_next_tokens,http,10.128.2.18:3000,tgis-bam,fmaas-monitoring,llama3-mig3g-40gb,openshift-user-workload-monitoring/user-workload,0.5,tgis-bam,1629.942504155312
2024-05-20 15:19:19.285000086,tgi_batch_next_tokens,http,10.128.2.18:3000,tgis-bam,fmaas-monitoring,llama3-mig3g-40gb,openshift-user-workload-monitoring/user-workload,0.5,tgis-bam,1629.942504155312
2024-05-20 15:19:24.285000086,tgi_batch_next_tokens,http,10.128.2.18:3000,tgis-bam,fmaas-monitoring,llama3-mig3g-40gb,openshift-user-workload-monitoring/user-workload,0.5,tgis-bam,1629.942504155312
2024-05-20 15:19:29.285000086,tgi_batch_next_tokens,http,10.128.2.18:3000,tgis-bam,fmaas-monitoring,llama3-mig3g-40gb,openshift-user-workload-monitoring/user-workload,0.5,tgis-bam,2457.991964559649
2024-05-20 15:19:34.285000086,tgi_batch_next_tokens,http,10.128.2.18:3000,tgis-bam,fmaas-monitoring,llama3-mig3g-40gb,openshift-user-workload-monitoring/user-workload,0.5,tgis-bam,2457.991964559649
2024-05-20 15:19:39.285000086,tgi_batch_next_tokens,http,10.128.2.18:3000,tgis-bam,fmaas-monitoring,llama3-mig3g-40gb,openshift-user-workload-monitoring/user-workload,0.5,tgis-bam,819.9964552346103
2024-05-20 15:19:44.302000046,tgi_batch_next_tokens,http,10.128.2.18:3000,tgis-bam,fmaas-monitoring,llama3-mig3g-40gb,openshift-user-workload-monitoring/user-workload,0.5,tgis-bam,825.9217351425323
2024-05-20 15:19:49.285000086,tgi_batch_next_tokens,http,10.128.2.18:3000,tgis-bam,fmaas-monitoring,llama3-mig3g-40gb,openshift-user-workload-monitoring/user-workload,0.5,tgis-bam,819.9964552346103
2024-05-20 15:19:54.285000086,tgi_batch_next_tokens,http,10.128.2.18:3000,tgis-bam,fmaas-monitoring,llama3-mig3g-40gb,openshift-user-workload-monitoring/user-workload,0.5,tgis-bam,825.9217351425323
2024-05-20 15:19:59.285000086,tgi_batch_next_tokens,http,10.128.2.18:3000,tgis-bam,fmaas-monitoring,llama3-mig3g-40gb,openshift-user-workload-monitoring/user-workload,0.5,tgis-bam,1615.9851014287945
2024-05-20 15:20:04.285000086,tgi_batch_next_tokens,http,10.128.2.18:3000,tgis-bam,fmaas-monitoring,llama3-mig3g-40gb,openshift-user-workload-monitoring/user-workload,0.5,tgis-bam,825.9217351425323
2024-05-20 15:20:09.285000086,tgi_batch_next_tokens,http,10.128.2.18:3000,tgis-bam,fmaas-monitoring,llama3-mig3g-40gb,openshift-user-workload-monitoring/user-workload,0.5,tgis-bam,819.9964552346103
2024-05-20 15:20:14.285000086,tgi_batch_next_tokens,http,10.128.2.18:3000,tgis-bam,fmaas-monitoring,llama3-mig3g-40gb,openshift-user-workload-monitoring/user-workload,0.5,tgis-bam,819.9964552346103
2024-05-20 15:20:19.285000086,tgi_batch_next_tokens,http,10.128.2.18:3000,tgis-bam,fmaas-monitoring,llama3-mig3g-40gb,openshift-user-workload-monitoring/user-workload,0.5,tgis-bam,819.9964552346103
2024-05-20 15:20:24.285000086,tgi_batch_next_tokens,http,10.128.2.18:3000,tgis-bam,fmaas-monitoring,llama3-mig3g-40gb,openshift-user-workload-monitoring/user-workload,0.5,tgis-bam,819.9964552346103
2024-05-20 15:20:29.285000086,tgi_batch_next_tokens,http,10.128.2.18:3000,tgis-bam,fmaas-monitoring,llama3-mig3g-40gb,openshift-user-workload-monitoring/user-workload,0.5,tgis-bam,731.0632760749722
2024-05-20 15:20:34.285000086,tgi_batch_next_tokens,http,10.128.2.18:3000,tgis-bam,fmaas-monitoring,llama3-mig3g-40gb,openshift-user-workload-monitoring/user-workload,0.5,tgis-bam,506.99442920104076
2024-05-20 15:20:39.285000086,tgi_batch_next_tokens,http,10.128.2.18:3000,tgis-bam,fmaas-monitoring,llama3-mig3g-40gb,openshift-user-workload-monitoring/user-workload,0.5,tgis-bam,506.99442920104076
2024-05-20 15:20:44.285000086,tgi_batch_next_tokens,http,10.128.2.18:3000,tgis-bam,fmaas-monitoring,llama3-mig3g-40gb,openshift-user-workload-monitoring/user-workload,0.5,tgis-bam,488.9694512494956
2024-05-20 15:20:49.285000086,tgi_batch_next_tokens,http,10.128.2.18:3000,tgis-bam,fmaas-monitoring,llama3-mig3g-40gb,openshift-user-workload-monitoring/user-workload,0.5,tgis-bam,490.0463682201453
2024-05-20 15:20:54.285000086,tgi_batch_next_tokens,http,10.128.2.18:3000,tgis-bam,fmaas-monitoring,llama3-mig3g-40gb,openshift-user-workload-monitoring/user-workload,0.5,tgis-bam,506.99442920104076
2024-05-20 15:20:59.309000015,tgi_batch_next_tokens,http,10.128.2.18:3000,tgis-bam,fmaas-monitoring,llama3-mig3g-40gb,openshift-user-workload-monitoring/user-workload,0.5,tgis-bam,583.9994355086601
2024-05-20 15:21:04.285000086,tgi_batch_next_tokens,http,10.128.2.18:3000,tgis-bam,fmaas-monitoring,llama3-mig3g-40gb,openshift-user-workload-monitoring/user-workload,0.5,tgis-bam,582.0172091157358
2024-05-20 15:21:09.285000086,tgi_batch_next_tokens,http,10.128.2.18:3000,tgis-bam,fmaas-monitoring,llama3-mig3g-40gb,openshift-user-workload-monitoring/user-workload,0.5,tgis-bam,582.0172091157358
2024-05-20 15:21:14.285000086,tgi_batch_next_tokens,http,10.128.2.18:3000,tgis-bam,fmaas-monitoring,llama3-mig3g-40gb,openshift-user-workload-monitoring/user-workload,0.5,tgis-bam,582.0172091157358
2024-05-20 15:21:19.285000086,tgi_batch_next_tokens,http,10.128.2.18:3000,tgis-bam,fmaas-monitoring,llama3-mig3g-40gb,openshift-user-workload-monitoring/user-workload,0.5,tgis-bam,582.0172091157358
2024-05-20 15:21:24.285000086,tgi_batch_next_tokens,http,10.128.2.18:3000,tgis-bam,fmaas-monitoring,llama3-mig3g-40gb,openshift-user-workload-monitoring/user-workload,0.5,tgis-bam,582.0172091157358
2024-05-20 15:21:29.285000086,tgi_batch_next_tokens,http,10.128.2.18:3000,tgis-bam,fmaas-monitoring,llama3-mig3g-40gb,openshift-user-workload-monitoring/user-workload,0.5,tgis-bam,819.9964552346103
2024-05-20 15:21:34.285000086,tgi_batch_next_tokens,http,10.128.2.18:3000,tgis-bam,fmaas-monitoring,llama3-mig3g-40gb,openshift-user-workload-monitoring/user-workload,0.5,tgis-bam,955.9446538141523
2024-05-20 15:21:39.285000086,tgi_batch_next_tokens,http,10.128.2.18:3000,tgis-bam,fmaas-monitoring,llama3-mig3g-40gb,openshift-user-workload-monitoring/user-workload,0.5,tgis-bam,819.9964552346103
2024-05-20 15:21:44.285000086,tgi_batch_next_tokens,http,10.128.2.18:3000,tgis-bam,fmaas-monitoring,llama3-mig3g-40gb,openshift-user-workload-monitoring/user-workload,0.5,tgis-bam,955.9446538141523
2024-05-20 15:21:49.285000086,tgi_batch_next_tokens,http,10.128.2.18:3000,tgis-bam,fmaas-monitoring,llama3-mig3g-40gb,openshift-user-workload-monitoring/user-workload,0.5,tgis-bam,1328.0938782240992
2024-05-20 15:21:54.285000086,tgi_batch_next_tokens,http,10.128.2.18:3000,tgis-bam,fmaas-monitoring,llama3-mig3g-40gb,openshift-user-workload-monitoring/user-workload,0.5,tgis-bam,1328.0938782240992
2024-05-20 15:21:59.301000118,tgi_batch_next_tokens,http,10.128.2.18:3000,tgis-bam,fmaas-monitoring,llama3-mig3g-40gb,openshift-user-workload-monitoring/user-workload,0.5,tgis-bam,1328.0938782240992
2024-05-20 15:22:04.285000086,tgi_batch_next_tokens,http,10.128.2.18:3000,tgis-bam,fmaas-monitoring,llama3-mig3g-40gb,openshift-user-workload-monitoring/user-workload,0.5,tgis-bam,1328.0938782240992
2024-05-20 15:22:09.285000086,tgi_batch_next_tokens,http,10.128.2.18:3000,tgis-bam,fmaas-monitoring,llama3-mig3g-40gb,openshift-user-workload-monitoring/user-workload,0.5,tgis-bam,1713.8541802212096
2024-05-20 15:22:14.285000086,tgi_batch_next_tokens,http,10.128.2.18:3000,tgis-bam,fmaas-monitoring,llama3-mig3g-40gb,openshift-user-workload-monitoring/user-workload,0.5,tgis-bam,1826.0309671739703
2024-05-20 15:22:19.285000086,tgi_batch_next_tokens,http,10.128.2.18:3000,tgis-bam,fmaas-monitoring,llama3-mig3g-40gb,openshift-user-workload-monitoring/user-workload,0.5,tgis-bam,1826.0309671739703
2024-05-20 15:22:24.285000086,tgi_batch_next_tokens,http,10.128.2.18:3000,tgis-bam,fmaas-monitoring,llama3-mig3g-40gb,openshift-user-workload-monitoring/user-workload,0.5,tgis-bam,1826.0309671739703
2024-05-20 15:22:29.285000086,tgi_batch_next_tokens,http,10.128.2.18:3000,tgis-bam,fmaas-monitoring,llama3-mig3g-40gb,openshift-user-workload-monitoring/user-workload,0.5,tgis-bam,5999.911655379252
2024-05-20 15:22:34.285000086,tgi_batch_next_tokens,http,10.128.2.18:3000,tgis-bam,fmaas-monitoring,llama3-mig3g-40gb,openshift-user-workload-monitoring/user-workload,0.5,tgis-bam,5999.911655379252
2024-05-20 15:22:39.308000088,tgi_batch_next_tokens,http,10.128.2.18:3000,tgis-bam,fmaas-monitoring,llama3-mig3g-40gb,openshift-user-workload-monitoring/user-workload,0.5,tgis-bam,3300.073506837276
2024-05-20 15:22:44.285000086,tgi_batch_next_tokens,http,10.128.2.18:3000,tgis-bam,fmaas-monitoring,llama3-mig3g-40gb,openshift-user-workload-monitoring/user-workload,0.5,tgis-bam,2829.060683240511
2024-05-20 15:22:49.285000086,tgi_batch_next_tokens,http,10.128.2.18:3000,tgis-bam,fmaas-monitoring,llama3-mig3g-40gb,openshift-user-workload-monitoring/user-workload,0.5,tgis-bam,3300.073506837276
2024-05-20 15:22:54.285000086,tgi_batch_next_tokens,http,10.128.2.18:3000,tgis-bam,fmaas-monitoring,llama3-mig3g-40gb,openshift-user-workload-monitoring/user-workload,0.5,tgis-bam,2829.060683240511
2024-05-20 15:22:59.285000086,tgi_batch_next_tokens,http,10.128.2.18:3000,tgis-bam,fmaas-monitoring,llama3-mig3g-40gb,openshift-user-workload-monitoring/user-workload,0.5,tgis-bam,2829.060683240511
2024-05-20 15:23:04.285000086,tgi_batch_next_tokens,http,10.128.2.18:3000,tgis-bam,fmaas-monitoring,llama3-mig3g-40gb,openshift-user-workload-monitoring/user-workload,0.5,tgis-bam,2829.060683240511
2024-05-20 15:23:09.285000086,tgi_batch_next_tokens,http,10.128.2.18:3000,tgis-bam,fmaas-monitoring,llama3-mig3g-40gb,openshift-user-workload-monitoring/user-workload,0.5,tgis-bam,2259.9546388140147
2024-05-20 15:23:14.285000086,tgi_batch_next_tokens,http,10.128.2.18:3000,tgis-bam,fmaas-monitoring,llama3-mig3g-40gb,openshift-user-workload-monitoring/user-workload,0.5,tgis-bam,2259.9546388140147
2024-05-20 15:23:19.326999903,tgi_batch_next_tokens,http,10.128.2.18:3000,tgis-bam,fmaas-monitoring,llama3-mig3g-40gb,openshift-user-workload-monitoring/user-workload,0.5,tgis-bam,2259.9546388140147
2024-05-20 15:23:24.285000086,tgi_batch_next_tokens,http,10.128.2.18:3000,tgis-bam,fmaas-monitoring,llama3-mig3g-40gb,openshift-user-workload-monitoring/user-workload,0.5,tgis-bam,2259.9546388140147
2024-05-20 15:13:29.285000086,tgi_batch_next_tokens,http,10.128.2.18:3000,tgis-bam,fmaas-monitoring,llama3-mig3g-40gb,openshift-user-workload-monitoring/user-workload,0.9,tgis-bam,4331.633592373122
2024-05-20 15:13:34.285000086,tgi_batch_next_tokens,http,10.128.2.18:3000,tgis-bam,fmaas-monitoring,llama3-mig3g-40gb,openshift-user-workload-monitoring/user-workload,0.9,tgis-bam,4331.633592373122
2024-05-20 15:13:39.285000086,tgi_batch_next_tokens,http,10.128.2.18:3000,tgis-bam,fmaas-monitoring,llama3-mig3g-40gb,openshift-user-workload-monitoring/user-workload,0.9,tgis-bam,4331.633592373122
2024-05-20 15:13:44.285000086,tgi_batch_next_tokens,http,10.128.2.18:3000,tgis-bam,fmaas-monitoring,llama3-mig3g-40gb,openshift-user-workload-monitoring/user-workload,0.9,tgis-bam,4698.976618214094
2024-05-20 15:13:49.285000086,tgi_batch_next_tokens,http,10.128.2.18:3000,tgis-bam,fmaas-monitoring,llama3-mig3g-40gb,openshift-user-workload-monitoring/user-workload,0.9,tgis-bam,4698.976618214094
2024-05-20 15:13:54.285000086,tgi_batch_next_tokens,http,10.128.2.18:3000,tgis-bam,fmaas-monitoring,llama3-mig3g-40gb,openshift-user-workload-monitoring/user-workload,0.9,tgis-bam,4698.976618214094
2024-05-20 15:13:59.285000086,tgi_batch_next_tokens,http,10.128.2.18:3000,tgis-bam,fmaas-monitoring,llama3-mig3g-40gb,openshift-user-workload-monitoring/user-workload,0.9,tgis-bam,5124.047963199535
2024-05-20 15:14:04.285000086,tgi_batch_next_tokens,http,10.128.2.18:3000,tgis-bam,fmaas-monitoring,llama3-mig3g-40gb,openshift-user-workload-monitoring/user-workload,0.9,tgis-bam,5502.182021413583
2024-05-20 15:14:09.285000086,tgi_batch_next_tokens,http,10.128.2.18:3000,tgis-bam,fmaas-monitoring,llama3-mig3g-40gb,openshift-user-workload-monitoring/user-workload,0.9,tgis-bam,5502.182021413583
2024-05-20 15:14:14.285000086,tgi_batch_next_tokens,http,10.128.2.18:3000,tgis-bam,fmaas-monitoring,llama3-mig3g-40gb,openshift-user-workload-monitoring/user-workload,0.9,tgis-bam,5502.182021413583
2024-05-20 15:14:19.285000086,tgi_batch_next_tokens,http,10.128.2.18:3000,tgis-bam,fmaas-monitoring,llama3-mig3g-40gb,openshift-user-workload-monitoring/user-workload,0.9,tgis-bam,5502.182021413583
2024-05-20 15:14:24.285000086,tgi_batch_next_tokens,http,10.128.2.18:3000,tgis-bam,fmaas-monitoring,llama3-mig3g-40gb,openshift-user-workload-monitoring/user-workload,0.9,tgis-bam,5502.182021413583
2024-05-20 15:14:29.285000086,tgi_batch_next_tokens,http,10.128.2.18:3000,tgis-bam,fmaas-monitoring,llama3-mig3g-40gb,openshift-user-workload-monitoring/user-workload,0.9,tgis-bam,6549.212053977405
2024-05-20 15:14:34.285000086,tgi_batch_next_tokens,http,10.128.2.18:3000,tgis-bam,fmaas-monitoring,llama3-mig3g-40gb,openshift-user-workload-monitoring/user-workload,0.9,tgis-bam,6549.212053977405
2024-05-20 15:14:39.285000086,tgi_batch_next_tokens,http,10.128.2.18:3000,tgis-bam,fmaas-monitoring,llama3-mig3g-40gb,openshift-user-workload-monitoring/user-workload,0.9,tgis-bam,6549.212053977405
2024-05-20 15:14:44.285000086,tgi_batch_next_tokens,http,10.128.2.18:3000,tgis-bam,fmaas-monitoring,llama3-mig3g-40gb,openshift-user-workload-monitoring/user-workload,0.9,tgis-bam,6600.495654202663
2024-05-20 15:14:49.295000076,tgi_batch_next_tokens,http,10.128.2.18:3000,tgis-bam,fmaas-monitoring,llama3-mig3g-40gb,openshift-user-workload-monitoring/user-workload,0.9,tgis-bam,4646.641702516732
2024-05-20 15:14:54.285000086,tgi_batch_next_tokens,http,10.128.2.18:3000,tgis-bam,fmaas-monitoring,llama3-mig3g-40gb,openshift-user-workload-monitoring/user-workload,0.9,tgis-bam,6689.537544571746
2024-05-20 15:14:59.285000086,tgi_batch_next_tokens,http,10.128.2.18:3000,tgis-bam,fmaas-monitoring,llama3-mig3g-40gb,openshift-user-workload-monitoring/user-workload,0.9,tgis-bam,6689.537544571746
2024-05-20 15:15:04.285000086,tgi_batch_next_tokens,http,10.128.2.18:3000,tgis-bam,fmaas-monitoring,llama3-mig3g-40gb,openshift-user-workload-monitoring/user-workload,0.9,tgis-bam,6689.537544571746
2024-05-20 15:15:09.285000086,tgi_batch_next_tokens,http,10.128.2.18:3000,tgis-bam,fmaas-monitoring,llama3-mig3g-40gb,openshift-user-workload-monitoring/user-workload,0.9,tgis-bam,6689.537544571746
2024-05-20 15:15:14.285000086,tgi_batch_next_tokens,http,10.128.2.18:3000,tgis-bam,fmaas-monitoring,llama3-mig3g-40gb,openshift-user-workload-monitoring/user-workload,0.9,tgis-bam,6689.537544571746
2024-05-20 15:15:19.285000086,tgi_batch_next_tokens,http,10.128.2.18:3000,tgis-bam,fmaas-monitoring,llama3-mig3g-40gb,openshift-user-workload-monitoring/user-workload,0.9,tgis-bam,6689.537544571746
2024-05-20 15:15:24.285000086,tgi_batch_next_tokens,http,10.128.2.18:3000,tgis-bam,fmaas-monitoring,llama3-mig3g-40gb,openshift-user-workload-monitoring/user-workload,0.9,tgis-bam,6689.537544571746
2024-05-20 15:15:29.285000086,tgi_batch_next_tokens,http,10.128.2.18:3000,tgis-bam,fmaas-monitoring,llama3-mig3g-40gb,openshift-user-workload-monitoring/user-workload,0.9,tgis-bam,1695.1050932077665
2024-05-20 15:15:34.285000086,tgi_batch_next_tokens,http,10.128.2.18:3000,tgis-bam,fmaas-monitoring,llama3-mig3g-40gb,openshift-user-workload-monitoring/user-workload,0.9,tgis-bam,5750.833178235392
2024-05-20 15:15:39.285000086,tgi_batch_next_tokens,http,10.128.2.18:3000,tgis-bam,fmaas-monitoring,llama3-mig3g-40gb,openshift-user-workload-monitoring/user-workload,0.9,tgis-bam,4141.859094901296
2024-05-20 15:15:44.285000086,tgi_batch_next_tokens,http,10.128.2.18:3000,tgis-bam,fmaas-monitoring,llama3-mig3g-40gb,openshift-user-workload-monitoring/user-workload,0.9,tgis-bam,4930.02837867485
2024-05-20 15:15:49.352999926,tgi_batch_next_tokens,http,10.128.2.18:3000,tgis-bam,fmaas-monitoring,llama3-mig3g-40gb,openshift-user-workload-monitoring/user-workload,0.9,tgis-bam,4930.02837867485
2024-05-20 15:15:54.285000086,tgi_batch_next_tokens,http,10.128.2.18:3000,tgis-bam,fmaas-monitoring,llama3-mig3g-40gb,openshift-user-workload-monitoring/user-workload,0.9,tgis-bam,5750.833178235392
2024-05-20 15:15:59.285000086,tgi_batch_next_tokens,http,10.128.2.18:3000,tgis-bam,fmaas-monitoring,llama3-mig3g-40gb,openshift-user-workload-monitoring/user-workload,0.9,tgis-bam,6196.252941799788
2024-05-20 15:16:04.285000086,tgi_batch_next_tokens,http,10.128.2.18:3000,tgis-bam,fmaas-monitoring,llama3-mig3g-40gb,openshift-user-workload-monitoring/user-workload,0.9,tgis-bam,6196.252941799788
2024-05-20 15:16:09.285000086,tgi_batch_next_tokens,http,10.128.2.18:3000,tgis-bam,fmaas-monitoring,llama3-mig3g-40gb,openshift-user-workload-monitoring/user-workload,0.9,tgis-bam,6196.252941799788
2024-05-20 15:16:14.285000086,tgi_batch_next_tokens,http,10.128.2.18:3000,tgis-bam,fmaas-monitoring,llama3-mig3g-40gb,openshift-user-workload-monitoring/user-workload,0.9,tgis-bam,6196.252941799788
2024-05-20 15:16:19.285000086,tgi_batch_next_tokens,http,10.128.2.18:3000,tgis-bam,fmaas-monitoring,llama3-mig3g-40gb,openshift-user-workload-monitoring/user-workload,0.9,tgis-bam,6196.252941799788
2024-05-20 15:16:24.285000086,tgi_batch_next_tokens,http,10.128.2.18:3000,tgis-bam,fmaas-monitoring,llama3-mig3g-40gb,openshift-user-workload-monitoring/user-workload,0.9,tgis-bam,6196.252941799788
2024-05-20 15:16:29.285000086,tgi_batch_next_tokens,http,10.128.2.18:3000,tgis-bam,fmaas-monitoring,llama3-mig3g-40gb,openshift-user-workload-monitoring/user-workload,0.9,tgis-bam,6196.252941799788
2024-05-20 15:16:34.285000086,tgi_batch_next_tokens,http,10.128.2.18:3000,tgis-bam,fmaas-monitoring,llama3-mig3g-40gb,openshift-user-workload-monitoring/user-workload,0.9,tgis-bam,6339.150349535239
2024-05-20 15:16:39.285000086,tgi_batch_next_tokens,http,10.128.2.18:3000,tgis-bam,fmaas-monitoring,llama3-mig3g-40gb,openshift-user-workload-monitoring/user-workload,0.9,tgis-bam,6786.563797953485
2024-05-20 15:16:44.285000086,tgi_batch_next_tokens,http,10.128.2.18:3000,tgis-bam,fmaas-monitoring,llama3-mig3g-40gb,openshift-user-workload-monitoring/user-workload,0.9,tgis-bam,6339.150349535239
2024-05-20 15:16:49.285000086,tgi_batch_next_tokens,http,10.128.2.18:3000,tgis-bam,fmaas-monitoring,llama3-mig3g-40gb,openshift-user-workload-monitoring/user-workload,0.9,tgis-bam,5760.041876345234
2024-05-20 15:16:54.285000086,tgi_batch_next_tokens,http,10.128.2.18:3000,tgis-bam,fmaas-monitoring,llama3-mig3g-40gb,openshift-user-workload-monitoring/user-workload,0.9,tgis-bam,5760.041876345234
2024-05-20 15:16:59.285000086,tgi_batch_next_tokens,http,10.128.2.18:3000,tgis-bam,fmaas-monitoring,llama3-mig3g-40gb,openshift-user-workload-monitoring/user-workload,0.9,tgis-bam,5760.041876345234
2024-05-20 15:17:04.285000086,tgi_batch_next_tokens,http,10.128.2.18:3000,tgis-bam,fmaas-monitoring,llama3-mig3g-40gb,openshift-user-workload-monitoring/user-workload,0.9,tgis-bam,5760.041876345234
2024-05-20 15:17:09.285000086,tgi_batch_next_tokens,http,10.128.2.18:3000,tgis-bam,fmaas-monitoring,llama3-mig3g-40gb,openshift-user-workload-monitoring/user-workload,0.9,tgis-bam,5760.041876345234
2024-05-20 15:17:14.285000086,tgi_batch_next_tokens,http,10.128.2.18:3000,tgis-bam,fmaas-monitoring,llama3-mig3g-40gb,openshift-user-workload-monitoring/user-workload,0.9,tgis-bam,5760.041876345234
2024-05-20 15:17:19.285000086,tgi_batch_next_tokens,http,10.128.2.18:3000,tgis-bam,fmaas-monitoring,llama3-mig3g-40gb,openshift-user-workload-monitoring/user-workload,0.9,tgis-bam,5760.041876345234
2024-05-20 15:17:24.285000086,tgi_batch_next_tokens,http,10.128.2.18:3000,tgis-bam,fmaas-monitoring,llama3-mig3g-40gb,openshift-user-workload-monitoring/user-workload,0.9,tgis-bam,5760.041876345234
2024-05-20 15:17:29.296999931,tgi_batch_next_tokens,http,10.128.2.18:3000,tgis-bam,fmaas-monitoring,llama3-mig3g-40gb,openshift-user-workload-monitoring/user-workload,0.9,tgis-bam,4207.820189261125
2024-05-20 15:17:34.285000086,tgi_batch_next_tokens,http,10.128.2.18:3000,tgis-bam,fmaas-monitoring,llama3-mig3g-40gb,openshift-user-workload-monitoring/user-workload,0.9,tgis-bam,4207.820189261125
2024-05-20 15:17:39.285000086,tgi_batch_next_tokens,http,10.128.2.18:3000,tgis-bam,fmaas-monitoring,llama3-mig3g-40gb,openshift-user-workload-monitoring/user-workload,0.9,tgis-bam,4207.820189261125
2024-05-20 15:17:44.285000086,tgi_batch_next_tokens,http,10.128.2.18:3000,tgis-bam,fmaas-monitoring,llama3-mig3g-40gb,openshift-user-workload-monitoring/user-workload,0.9,tgis-bam,5457.248607462031
2024-05-20 15:17:49.285000086,tgi_batch_next_tokens,http,10.128.2.18:3000,tgis-bam,fmaas-monitoring,llama3-mig3g-40gb,openshift-user-workload-monitoring/user-workload,0.9,tgis-bam,5457.248607462031
2024-05-20 15:17:54.285000086,tgi_batch_next_tokens,http,10.128.2.18:3000,tgis-bam,fmaas-monitoring,llama3-mig3g-40gb,openshift-user-workload-monitoring/user-workload,0.9,tgis-bam,5457.248607462031
2024-05-20 15:17:59.285000086,tgi_batch_next_tokens,http,10.128.2.18:3000,tgis-bam,fmaas-monitoring,llama3-mig3g-40gb,openshift-user-workload-monitoring/user-workload,0.9,tgis-bam,5457.248607462031
2024-05-20 15:18:04.285000086,tgi_batch_next_tokens,http,10.128.2.18:3000,tgis-bam,fmaas-monitoring,llama3-mig3g-40gb,openshift-user-workload-monitoring/user-workload,0.9,tgis-bam,5457.248607462031
2024-05-20 15:18:09.285000086,tgi_batch_next_tokens,http,10.128.2.18:3000,tgis-bam,fmaas-monitoring,llama3-mig3g-40gb,openshift-user-workload-monitoring/user-workload,0.9,tgis-bam,4945.829738230745
2024-05-20 15:18:14.285000086,tgi_batch_next_tokens,http,10.128.2.18:3000,tgis-bam,fmaas-monitoring,llama3-mig3g-40gb,openshift-user-workload-monitoring/user-workload,0.9,tgis-bam,4945.829738230745
2024-05-20 15:18:19.285000086,tgi_batch_next_tokens,http,10.128.2.18:3000,tgis-bam,fmaas-monitoring,llama3-mig3g-40gb,openshift-user-workload-monitoring/user-workload,0.9,tgis-bam,4945.829738230745
2024-05-20 15:18:24.285000086,tgi_batch_next_tokens,http,10.128.2.18:3000,tgis-bam,fmaas-monitoring,llama3-mig3g-40gb,openshift-user-workload-monitoring/user-workload,0.9,tgis-bam,4945.829738230745
2024-05-20 15:18:29.285000086,tgi_batch_next_tokens,http,10.128.2.18:3000,tgis-bam,fmaas-monitoring,llama3-mig3g-40gb,openshift-user-workload-monitoring/user-workload,0.9,tgis-bam,4728.200774614626
2024-05-20 15:18:34.285000086,tgi_batch_next_tokens,http,10.128.2.18:3000,tgis-bam,fmaas-monitoring,llama3-mig3g-40gb,openshift-user-workload-monitoring/user-workload,0.9,tgis-bam,4728.200774614626
2024-05-20 15:18:39.285000086,tgi_batch_next_tokens,http,10.128.2.18:3000,tgis-bam,fmaas-monitoring,llama3-mig3g-40gb,openshift-user-workload-monitoring/user-workload,0.9,tgis-bam,4362.0614007035365
2024-05-20 15:18:44.285000086,tgi_batch_next_tokens,http,10.128.2.18:3000,tgis-bam,fmaas-monitoring,llama3-mig3g-40gb,openshift-user-workload-monitoring/user-workload,0.9,tgis-bam,4728.200774614626
2024-05-20 15:18:49.285000086,tgi_batch_next_tokens,http,10.128.2.18:3000,tgis-bam,fmaas-monitoring,llama3-mig3g-40gb,openshift-user-workload-monitoring/user-workload,0.9,tgis-bam,5577.522853564786
2024-05-20 15:18:54.285000086,tgi_batch_next_tokens,http,10.128.2.18:3000,tgis-bam,fmaas-monitoring,llama3-mig3g-40gb,openshift-user-workload-monitoring/user-workload,0.9,tgis-bam,5677.691617919575
2024-05-20 15:18:59.285000086,tgi_batch_next_tokens,http,10.128.2.18:3000,tgis-bam,fmaas-monitoring,llama3-mig3g-40gb,openshift-user-workload-monitoring/user-workload,0.9,tgis-bam,6303.750320054413
2024-05-20 15:19:04.285000086,tgi_batch_next_tokens,http,10.128.2.18:3000,tgis-bam,fmaas-monitoring,llama3-mig3g-40gb,openshift-user-workload-monitoring/user-workload,0.9,tgis-bam,6303.750320054413
2024-05-20 15:19:09.285000086,tgi_batch_next_tokens,http,10.128.2.18:3000,tgis-bam,fmaas-monitoring,llama3-mig3g-40gb,openshift-user-workload-monitoring/user-workload,0.9,tgis-bam,6119.893810096005
2024-05-20 15:19:14.285000086,tgi_batch_next_tokens,http,10.128.2.18:3000,tgis-bam,fmaas-monitoring,llama3-mig3g-40gb,openshift-user-workload-monitoring/user-workload,0.9,tgis-bam,6119.893810096005
2024-05-20 15:19:19.285000086,tgi_batch_next_tokens,http,10.128.2.18:3000,tgis-bam,fmaas-monitoring,llama3-mig3g-40gb,openshift-user-workload-monitoring/user-workload,0.9,tgis-bam,6119.893810096005
2024-05-20 15:19:24.285000086,tgi_batch_next_tokens,http,10.128.2.18:3000,tgis-bam,fmaas-monitoring,llama3-mig3g-40gb,openshift-user-workload-monitoring/user-workload,0.9,tgis-bam,6119.893810096005
2024-05-20 15:19:29.285000086,tgi_batch_next_tokens,http,10.128.2.18:3000,tgis-bam,fmaas-monitoring,llama3-mig3g-40gb,openshift-user-workload-monitoring/user-workload,0.9,tgis-bam,6303.750320054413
2024-05-20 15:19:34.285000086,tgi_batch_next_tokens,http,10.128.2.18:3000,tgis-bam,fmaas-monitoring,llama3-mig3g-40gb,openshift-user-workload-monitoring/user-workload,0.9,tgis-bam,6303.750320054413
2024-05-20 15:19:39.285000086,tgi_batch_next_tokens,http,10.128.2.18:3000,tgis-bam,fmaas-monitoring,llama3-mig3g-40gb,openshift-user-workload-monitoring/user-workload,0.9,tgis-bam,6119.893810096005
2024-05-20 15:19:44.302000046,tgi_batch_next_tokens,http,10.128.2.18:3000,tgis-bam,fmaas-monitoring,llama3-mig3g-40gb,openshift-user-workload-monitoring/user-workload,0.9,tgis-bam,5577.522853564786
2024-05-20 15:19:49.285000086,tgi_batch_next_tokens,http,10.128.2.18:3000,tgis-bam,fmaas-monitoring,llama3-mig3g-40gb,openshift-user-workload-monitoring/user-workload,0.9,tgis-bam,4256.06380571607
2024-05-20 15:19:54.285000086,tgi_batch_next_tokens,http,10.128.2.18:3000,tgis-bam,fmaas-monitoring,llama3-mig3g-40gb,openshift-user-workload-monitoring/user-workload,0.9,tgis-bam,4816.9682880405435
2024-05-20 15:19:59.285000086,tgi_batch_next_tokens,http,10.128.2.18:3000,tgis-bam,fmaas-monitoring,llama3-mig3g-40gb,openshift-user-workload-monitoring/user-workload,0.9,tgis-bam,4816.9682880405435
2024-05-20 15:20:04.285000086,tgi_batch_next_tokens,http,10.128.2.18:3000,tgis-bam,fmaas-monitoring,llama3-mig3g-40gb,openshift-user-workload-monitoring/user-workload,0.9,tgis-bam,5229.652041273128
2024-05-20 15:20:09.285000086,tgi_batch_next_tokens,http,10.128.2.18:3000,tgis-bam,fmaas-monitoring,llama3-mig3g-40gb,openshift-user-workload-monitoring/user-workload,0.9,tgis-bam,5229.652041273128
2024-05-20 15:20:14.285000086,tgi_batch_next_tokens,http,10.128.2.18:3000,tgis-bam,fmaas-monitoring,llama3-mig3g-40gb,openshift-user-workload-monitoring/user-workload,0.9,tgis-bam,5229.652041273128
2024-05-20 15:20:19.285000086,tgi_batch_next_tokens,http,10.128.2.18:3000,tgis-bam,fmaas-monitoring,llama3-mig3g-40gb,openshift-user-workload-monitoring/user-workload,0.9,tgis-bam,5229.652041273128
2024-05-20 15:20:24.285000086,tgi_batch_next_tokens,http,10.128.2.18:3000,tgis-bam,fmaas-monitoring,llama3-mig3g-40gb,openshift-user-workload-monitoring/user-workload,0.9,tgis-bam,5229.652041273128
2024-05-20 15:20:29.285000086,tgi_batch_next_tokens,http,10.128.2.18:3000,tgis-bam,fmaas-monitoring,llama3-mig3g-40gb,openshift-user-workload-monitoring/user-workload,0.9,tgis-bam,6763.528662883782
2024-05-20 15:20:34.285000086,tgi_batch_next_tokens,http,10.128.2.18:3000,tgis-bam,fmaas-monitoring,llama3-mig3g-40gb,openshift-user-workload-monitoring/user-workload,0.9,tgis-bam,6763.528662883782
2024-05-20 15:20:39.285000086,tgi_batch_next_tokens,http,10.128.2.18:3000,tgis-bam,fmaas-monitoring,llama3-mig3g-40gb,openshift-user-workload-monitoring/user-workload,0.9,tgis-bam,4816.9682880405435
2024-05-20 15:20:44.285000086,tgi_batch_next_tokens,http,10.128.2.18:3000,tgis-bam,fmaas-monitoring,llama3-mig3g-40gb,openshift-user-workload-monitoring/user-workload,0.9,tgis-bam,4593.9707816065
2024-05-20 15:20:49.285000086,tgi_batch_next_tokens,http,10.128.2.18:3000,tgis-bam,fmaas-monitoring,llama3-mig3g-40gb,openshift-user-workload-monitoring/user-workload,0.9,tgis-bam,1755.8353751792315
2024-05-20 15:20:54.285000086,tgi_batch_next_tokens,http,10.128.2.18:3000,tgis-bam,fmaas-monitoring,llama3-mig3g-40gb,openshift-user-workload-monitoring/user-workload,0.9,tgis-bam,2935.109446291058
2024-05-20 15:20:59.309000015,tgi_batch_next_tokens,http,10.128.2.18:3000,tgis-bam,fmaas-monitoring,llama3-mig3g-40gb,openshift-user-workload-monitoring/user-workload,0.9,tgis-bam,3161.81029863462
2024-05-20 15:21:04.285000086,tgi_batch_next_tokens,http,10.128.2.18:3000,tgis-bam,fmaas-monitoring,llama3-mig3g-40gb,openshift-user-workload-monitoring/user-workload,0.9,tgis-bam,3443.694036922158
2024-05-20 15:21:09.285000086,tgi_batch_next_tokens,http,10.128.2.18:3000,tgis-bam,fmaas-monitoring,llama3-mig3g-40gb,openshift-user-workload-monitoring/user-workload,0.9,tgis-bam,3443.694036922158
2024-05-20 15:21:14.285000086,tgi_batch_next_tokens,http,10.128.2.18:3000,tgis-bam,fmaas-monitoring,llama3-mig3g-40gb,openshift-user-workload-monitoring/user-workload,0.9,tgis-bam,3443.694036922158
2024-05-20 15:21:19.285000086,tgi_batch_next_tokens,http,10.128.2.18:3000,tgis-bam,fmaas-monitoring,llama3-mig3g-40gb,openshift-user-workload-monitoring/user-workload,0.9,tgis-bam,3443.694036922158
2024-05-20 15:21:24.285000086,tgi_batch_next_tokens,http,10.128.2.18:3000,tgis-bam,fmaas-monitoring,llama3-mig3g-40gb,openshift-user-workload-monitoring/user-workload,0.9,tgis-bam,3443.694036922158
2024-05-20 15:21:29.285000086,tgi_batch_next_tokens,http,10.128.2.18:3000,tgis-bam,fmaas-monitoring,llama3-mig3g-40gb,openshift-user-workload-monitoring/user-workload,0.9,tgis-bam,5166.237898971058
2024-05-20 15:21:34.285000086,tgi_batch_next_tokens,http,10.128.2.18:3000,tgis-bam,fmaas-monitoring,llama3-mig3g-40gb,openshift-user-workload-monitoring/user-workload,0.9,tgis-bam,4967.639335078583
2024-05-20 15:21:39.285000086,tgi_batch_next_tokens,http,10.128.2.18:3000,tgis-bam,fmaas-monitoring,llama3-mig3g-40gb,openshift-user-workload-monitoring/user-workload,0.9,tgis-bam,4967.639335078583
2024-05-20 15:21:44.285000086,tgi_batch_next_tokens,http,10.128.2.18:3000,tgis-bam,fmaas-monitoring,llama3-mig3g-40gb,openshift-user-workload-monitoring/user-workload,0.9,tgis-bam,5166.237898971058
2024-05-20 15:21:49.285000086,tgi_batch_next_tokens,http,10.128.2.18:3000,tgis-bam,fmaas-monitoring,llama3-mig3g-40gb,openshift-user-workload-monitoring/user-workload,0.9,tgis-bam,3885.0845375404197
2024-05-20 15:21:54.285000086,tgi_batch_next_tokens,http,10.128.2.18:3000,tgis-bam,fmaas-monitoring,llama3-mig3g-40gb,openshift-user-workload-monitoring/user-workload,0.9,tgis-bam,5928.342986113712
2024-05-20 15:21:59.301000118,tgi_batch_next_tokens,http,10.128.2.18:3000,tgis-bam,fmaas-monitoring,llama3-mig3g-40gb,openshift-user-workload-monitoring/user-workload,0.9,tgis-bam,5928.342986113712
2024-05-20 15:22:04.285000086,tgi_batch_next_tokens,http,10.128.2.18:3000,tgis-bam,fmaas-monitoring,llama3-mig3g-40gb,openshift-user-workload-monitoring/user-workload,0.9,tgis-bam,5928.342986113712
2024-05-20 15:22:09.285000086,tgi_batch_next_tokens,http,10.128.2.18:3000,tgis-bam,fmaas-monitoring,llama3-mig3g-40gb,openshift-user-workload-monitoring/user-workload,0.9,tgis-bam,5928.342986113712
2024-05-20 15:22:14.285000086,tgi_batch_next_tokens,http,10.128.2.18:3000,tgis-bam,fmaas-monitoring,llama3-mig3g-40gb,openshift-user-workload-monitoring/user-workload,0.9,tgis-bam,5999.911655379252
2024-05-20 15:22:19.285000086,tgi_batch_next_tokens,http,10.128.2.18:3000,tgis-bam,fmaas-monitoring,llama3-mig3g-40gb,openshift-user-workload-monitoring/user-workload,0.9,tgis-bam,5999.911655379252
2024-05-20 15:22:24.285000086,tgi_batch_next_tokens,http,10.128.2.18:3000,tgis-bam,fmaas-monitoring,llama3-mig3g-40gb,openshift-user-workload-monitoring/user-workload,0.9,tgis-bam,5999.911655379252
2024-05-20 15:22:29.285000086,tgi_batch_next_tokens,http,10.128.2.18:3000,tgis-bam,fmaas-monitoring,llama3-mig3g-40gb,openshift-user-workload-monitoring/user-workload,0.9,tgis-bam,6227.311789024472
2024-05-20 15:22:34.285000086,tgi_batch_next_tokens,http,10.128.2.18:3000,tgis-bam,fmaas-monitoring,llama3-mig3g-40gb,openshift-user-workload-monitoring/user-workload,0.9,tgis-bam,6227.311789024472
2024-05-20 15:22:39.308000088,tgi_batch_next_tokens,http,10.128.2.18:3000,tgis-bam,fmaas-monitoring,llama3-mig3g-40gb,openshift-user-workload-monitoring/user-workload,0.9,tgis-bam,6227.311789024472
2024-05-20 15:22:44.285000086,tgi_batch_next_tokens,http,10.128.2.18:3000,tgis-bam,fmaas-monitoring,llama3-mig3g-40gb,openshift-user-workload-monitoring/user-workload,0.9,tgis-bam,5999.911655379252
2024-05-20 15:22:49.285000086,tgi_batch_next_tokens,http,10.128.2.18:3000,tgis-bam,fmaas-monitoring,llama3-mig3g-40gb,openshift-user-workload-monitoring/user-workload,0.9,tgis-bam,6227.311789024472
2024-05-20 15:22:54.285000086,tgi_batch_next_tokens,http,10.128.2.18:3000,tgis-bam,fmaas-monitoring,llama3-mig3g-40gb,openshift-user-workload-monitoring/user-workload,0.9,tgis-bam,6227.311789024472
2024-05-20 15:22:59.285000086,tgi_batch_next_tokens,http,10.128.2.18:3000,tgis-bam,fmaas-monitoring,llama3-mig3g-40gb,openshift-user-workload-monitoring/user-workload,0.9,tgis-bam,6227.311789024472
2024-05-20 15:23:04.285000086,tgi_batch_next_tokens,http,10.128.2.18:3000,tgis-bam,fmaas-monitoring,llama3-mig3g-40gb,openshift-user-workload-monitoring/user-workload,0.9,tgis-bam,6227.311789024472
2024-05-20 15:23:09.285000086,tgi_batch_next_tokens,http,10.128.2.18:3000,tgis-bam,fmaas-monitoring,llama3-mig3g-40gb,openshift-user-workload-monitoring/user-workload,0.9,tgis-bam,5928.342986113712
2024-05-20 15:23:14.285000086,tgi_batch_next_tokens,http,10.128.2.18:3000,tgis-bam,fmaas-monitoring,llama3-mig3g-40gb,openshift-user-workload-monitoring/user-workload,0.9,tgis-bam,5928.342986113712
2024-05-20 15:23:19.326999903,tgi_batch_next_tokens,http,10.128.2.18:3000,tgis-bam,fmaas-monitoring,llama3-mig3g-40gb,openshift-user-workload-monitoring/user-workload,0.9,tgis-bam,5928.342986113712
2024-05-20 15:23:24.285000086,tgi_batch_next_tokens,http,10.128.2.18:3000,tgis-bam,fmaas-monitoring,llama3-mig3g-40gb,openshift-user-workload-monitoring/user-workload,0.9,tgis-bam,5928.342986113712
2024-05-20 15:13:29.285000086,tgi_batch_next_tokens,http,10.128.2.18:3000,tgis-bam,fmaas-monitoring,llama3-mig3g-40gb,openshift-user-workload-monitoring/user-workload,0.95,tgis-bam,4331.633592373122
2024-05-20 15:13:34.285000086,tgi_batch_next_tokens,http,10.128.2.18:3000,tgis-bam,fmaas-monitoring,llama3-mig3g-40gb,openshift-user-workload-monitoring/user-workload,0.95,tgis-bam,4331.633592373122
2024-05-20 15:13:39.285000086,tgi_batch_next_tokens,http,10.128.2.18:3000,tgis-bam,fmaas-monitoring,llama3-mig3g-40gb,openshift-user-workload-monitoring/user-workload,0.95,tgis-bam,4904.458769620872
2024-05-20 15:13:44.285000086,tgi_batch_next_tokens,http,10.128.2.18:3000,tgis-bam,fmaas-monitoring,llama3-mig3g-40gb,openshift-user-workload-monitoring/user-workload,0.95,tgis-bam,4904.458769620872
2024-05-20 15:13:49.285000086,tgi_batch_next_tokens,http,10.128.2.18:3000,tgis-bam,fmaas-monitoring,llama3-mig3g-40gb,openshift-user-workload-monitoring/user-workload,0.95,tgis-bam,5124.047963199535
2024-05-20 15:13:54.285000086,tgi_batch_next_tokens,http,10.128.2.18:3000,tgis-bam,fmaas-monitoring,llama3-mig3g-40gb,openshift-user-workload-monitoring/user-workload,0.95,tgis-bam,5124.047963199535
2024-05-20 15:13:59.285000086,tgi_batch_next_tokens,http,10.128.2.18:3000,tgis-bam,fmaas-monitoring,llama3-mig3g-40gb,openshift-user-workload-monitoring/user-workload,0.95,tgis-bam,5160.042131675504
2024-05-20 15:14:04.285000086,tgi_batch_next_tokens,http,10.128.2.18:3000,tgis-bam,fmaas-monitoring,llama3-mig3g-40gb,openshift-user-workload-monitoring/user-workload,0.95,tgis-bam,6549.212053977405
2024-05-20 15:14:09.285000086,tgi_batch_next_tokens,http,10.128.2.18:3000,tgis-bam,fmaas-monitoring,llama3-mig3g-40gb,openshift-user-workload-monitoring/user-workload,0.95,tgis-bam,6549.212053977405
2024-05-20 15:14:14.285000086,tgi_batch_next_tokens,http,10.128.2.18:3000,tgis-bam,fmaas-monitoring,llama3-mig3g-40gb,openshift-user-workload-monitoring/user-workload,0.95,tgis-bam,6549.212053977405
2024-05-20 15:14:19.285000086,tgi_batch_next_tokens,http,10.128.2.18:3000,tgis-bam,fmaas-monitoring,llama3-mig3g-40gb,openshift-user-workload-monitoring/user-workload,0.95,tgis-bam,6549.212053977405
2024-05-20 15:14:24.285000086,tgi_batch_next_tokens,http,10.128.2.18:3000,tgis-bam,fmaas-monitoring,llama3-mig3g-40gb,openshift-user-workload-monitoring/user-workload,0.95,tgis-bam,6549.212053977405
2024-05-20 15:14:29.285000086,tgi_batch_next_tokens,http,10.128.2.18:3000,tgis-bam,fmaas-monitoring,llama3-mig3g-40gb,openshift-user-workload-monitoring/user-workload,0.95,tgis-bam,6600.495654202663
2024-05-20 15:14:34.285000086,tgi_batch_next_tokens,http,10.128.2.18:3000,tgis-bam,fmaas-monitoring,llama3-mig3g-40gb,openshift-user-workload-monitoring/user-workload,0.95,tgis-bam,6600.495654202663
2024-05-20 15:14:39.285000086,tgi_batch_next_tokens,http,10.128.2.18:3000,tgis-bam,fmaas-monitoring,llama3-mig3g-40gb,openshift-user-workload-monitoring/user-workload,0.95,tgis-bam,6600.495654202663
2024-05-20 15:14:44.285000086,tgi_batch_next_tokens,http,10.128.2.18:3000,tgis-bam,fmaas-monitoring,llama3-mig3g-40gb,openshift-user-workload-monitoring/user-workload,0.95,tgis-bam,6689.537544571746
2024-05-20 15:14:49.295000076,tgi_batch_next_tokens,http,10.128.2.18:3000,tgis-bam,fmaas-monitoring,llama3-mig3g-40gb,openshift-user-workload-monitoring/user-workload,0.95,tgis-bam,6689.537544571746
2024-05-20 15:14:54.285000086,tgi_batch_next_tokens,http,10.128.2.18:3000,tgis-bam,fmaas-monitoring,llama3-mig3g-40gb,openshift-user-workload-monitoring/user-workload,0.95,tgis-bam,7294.675844341036
2024-05-20 15:14:59.285000086,tgi_batch_next_tokens,http,10.128.2.18:3000,tgis-bam,fmaas-monitoring,llama3-mig3g-40gb,openshift-user-workload-monitoring/user-workload,0.95,tgis-bam,7294.675844341036
2024-05-20 15:15:04.285000086,tgi_batch_next_tokens,http,10.128.2.18:3000,tgis-bam,fmaas-monitoring,llama3-mig3g-40gb,openshift-user-workload-monitoring/user-workload,0.95,tgis-bam,7294.675844341036
2024-05-20 15:15:09.285000086,tgi_batch_next_tokens,http,10.128.2.18:3000,tgis-bam,fmaas-monitoring,llama3-mig3g-40gb,openshift-user-workload-monitoring/user-workload,0.95,tgis-bam,7294.675844341036
2024-05-20 15:15:14.285000086,tgi_batch_next_tokens,http,10.128.2.18:3000,tgis-bam,fmaas-monitoring,llama3-mig3g-40gb,openshift-user-workload-monitoring/user-workload,0.95,tgis-bam,7294.675844341036
2024-05-20 15:15:19.285000086,tgi_batch_next_tokens,http,10.128.2.18:3000,tgis-bam,fmaas-monitoring,llama3-mig3g-40gb,openshift-user-workload-monitoring/user-workload,0.95,tgis-bam,7294.675844341036
2024-05-20 15:15:24.285000086,tgi_batch_next_tokens,http,10.128.2.18:3000,tgis-bam,fmaas-monitoring,llama3-mig3g-40gb,openshift-user-workload-monitoring/user-workload,0.95,tgis-bam,7294.675844341036
2024-05-20 15:15:29.285000086,tgi_batch_next_tokens,http,10.128.2.18:3000,tgis-bam,fmaas-monitoring,llama3-mig3g-40gb,openshift-user-workload-monitoring/user-workload,0.95,tgis-bam,1695.1050932077665
2024-05-20 15:15:34.285000086,tgi_batch_next_tokens,http,10.128.2.18:3000,tgis-bam,fmaas-monitoring,llama3-mig3g-40gb,openshift-user-workload-monitoring/user-workload,0.95,tgis-bam,5750.833178235392
2024-05-20 15:15:39.285000086,tgi_batch_next_tokens,http,10.128.2.18:3000,tgis-bam,fmaas-monitoring,llama3-mig3g-40gb,openshift-user-workload-monitoring/user-workload,0.95,tgis-bam,5750.833178235392
2024-05-20 15:15:44.285000086,tgi_batch_next_tokens,http,10.128.2.18:3000,tgis-bam,fmaas-monitoring,llama3-mig3g-40gb,openshift-user-workload-monitoring/user-workload,0.95,tgis-bam,5750.833178235392
2024-05-20 15:15:49.352999926,tgi_batch_next_tokens,http,10.128.2.18:3000,tgis-bam,fmaas-monitoring,llama3-mig3g-40gb,openshift-user-workload-monitoring/user-workload,0.95,tgis-bam,5750.833178235392
2024-05-20 15:15:54.285000086,tgi_batch_next_tokens,http,10.128.2.18:3000,tgis-bam,fmaas-monitoring,llama3-mig3g-40gb,openshift-user-workload-monitoring/user-workload,0.95,tgis-bam,6339.150349535239
2024-05-20 15:15:59.285000086,tgi_batch_next_tokens,http,10.128.2.18:3000,tgis-bam,fmaas-monitoring,llama3-mig3g-40gb,openshift-user-workload-monitoring/user-workload,0.95,tgis-bam,6339.150349535239
2024-05-20 15:16:04.285000086,tgi_batch_next_tokens,http,10.128.2.18:3000,tgis-bam,fmaas-monitoring,llama3-mig3g-40gb,openshift-user-workload-monitoring/user-workload,0.95,tgis-bam,6339.150349535239
2024-05-20 15:16:09.285000086,tgi_batch_next_tokens,http,10.128.2.18:3000,tgis-bam,fmaas-monitoring,llama3-mig3g-40gb,openshift-user-workload-monitoring/user-workload,0.95,tgis-bam,6339.150349535239
2024-05-20 15:16:14.285000086,tgi_batch_next_tokens,http,10.128.2.18:3000,tgis-bam,fmaas-monitoring,llama3-mig3g-40gb,openshift-user-workload-monitoring/user-workload,0.95,tgis-bam,6339.150349535239
2024-05-20 15:16:19.285000086,tgi_batch_next_tokens,http,10.128.2.18:3000,tgis-bam,fmaas-monitoring,llama3-mig3g-40gb,openshift-user-workload-monitoring/user-workload,0.95,tgis-bam,6339.150349535239
2024-05-20 15:16:24.285000086,tgi_batch_next_tokens,http,10.128.2.18:3000,tgis-bam,fmaas-monitoring,llama3-mig3g-40gb,openshift-user-workload-monitoring/user-workload,0.95,tgis-bam,6339.150349535239
2024-05-20 15:16:29.285000086,tgi_batch_next_tokens,http,10.128.2.18:3000,tgis-bam,fmaas-monitoring,llama3-mig3g-40gb,openshift-user-workload-monitoring/user-workload,0.95,tgis-bam,6339.150349535239
2024-05-20 15:16:34.285000086,tgi_batch_next_tokens,http,10.128.2.18:3000,tgis-bam,fmaas-monitoring,llama3-mig3g-40gb,openshift-user-workload-monitoring/user-workload,0.95,tgis-bam,6786.563797953485
2024-05-20 15:16:39.285000086,tgi_batch_next_tokens,http,10.128.2.18:3000,tgis-bam,fmaas-monitoring,llama3-mig3g-40gb,openshift-user-workload-monitoring/user-workload,0.95,tgis-bam,7495.814107667275
2024-05-20 15:16:44.285000086,tgi_batch_next_tokens,http,10.128.2.18:3000,tgis-bam,fmaas-monitoring,llama3-mig3g-40gb,openshift-user-workload-monitoring/user-workload,0.95,tgis-bam,6786.563797953485
2024-05-20 15:16:49.285000086,tgi_batch_next_tokens,http,10.128.2.18:3000,tgis-bam,fmaas-monitoring,llama3-mig3g-40gb,openshift-user-workload-monitoring/user-workload,0.95,tgis-bam,7495.814107667275
2024-05-20 15:16:54.285000086,tgi_batch_next_tokens,http,10.128.2.18:3000,tgis-bam,fmaas-monitoring,llama3-mig3g-40gb,openshift-user-workload-monitoring/user-workload,0.95,tgis-bam,7495.814107667275
2024-05-20 15:16:59.285000086,tgi_batch_next_tokens,http,10.128.2.18:3000,tgis-bam,fmaas-monitoring,llama3-mig3g-40gb,openshift-user-workload-monitoring/user-workload,0.95,tgis-bam,7495.814107667275
2024-05-20 15:17:04.285000086,tgi_batch_next_tokens,http,10.128.2.18:3000,tgis-bam,fmaas-monitoring,llama3-mig3g-40gb,openshift-user-workload-monitoring/user-workload,0.95,tgis-bam,7495.814107667275
2024-05-20 15:17:09.285000086,tgi_batch_next_tokens,http,10.128.2.18:3000,tgis-bam,fmaas-monitoring,llama3-mig3g-40gb,openshift-user-workload-monitoring/user-workload,0.95,tgis-bam,7495.814107667275
2024-05-20 15:17:14.285000086,tgi_batch_next_tokens,http,10.128.2.18:3000,tgis-bam,fmaas-monitoring,llama3-mig3g-40gb,openshift-user-workload-monitoring/user-workload,0.95,tgis-bam,7495.814107667275
2024-05-20 15:17:19.285000086,tgi_batch_next_tokens,http,10.128.2.18:3000,tgis-bam,fmaas-monitoring,llama3-mig3g-40gb,openshift-user-workload-monitoring/user-workload,0.95,tgis-bam,7495.814107667275
2024-05-20 15:17:24.285000086,tgi_batch_next_tokens,http,10.128.2.18:3000,tgis-bam,fmaas-monitoring,llama3-mig3g-40gb,openshift-user-workload-monitoring/user-workload,0.95,tgis-bam,7495.814107667275
2024-05-20 15:17:29.296999931,tgi_batch_next_tokens,http,10.128.2.18:3000,tgis-bam,fmaas-monitoring,llama3-mig3g-40gb,openshift-user-workload-monitoring/user-workload,0.95,tgis-bam,4207.820189261125
2024-05-20 15:17:34.285000086,tgi_batch_next_tokens,http,10.128.2.18:3000,tgis-bam,fmaas-monitoring,llama3-mig3g-40gb,openshift-user-workload-monitoring/user-workload,0.95,tgis-bam,4207.820189261125
2024-05-20 15:17:39.285000086,tgi_batch_next_tokens,http,10.128.2.18:3000,tgis-bam,fmaas-monitoring,llama3-mig3g-40gb,openshift-user-workload-monitoring/user-workload,0.95,tgis-bam,5457.248607462031
2024-05-20 15:17:44.285000086,tgi_batch_next_tokens,http,10.128.2.18:3000,tgis-bam,fmaas-monitoring,llama3-mig3g-40gb,openshift-user-workload-monitoring/user-workload,0.95,tgis-bam,5529.761823660302
2024-05-20 15:17:49.285000086,tgi_batch_next_tokens,http,10.128.2.18:3000,tgis-bam,fmaas-monitoring,llama3-mig3g-40gb,openshift-user-workload-monitoring/user-workload,0.95,tgis-bam,5529.761823660302
2024-05-20 15:17:54.285000086,tgi_batch_next_tokens,http,10.128.2.18:3000,tgis-bam,fmaas-monitoring,llama3-mig3g-40gb,openshift-user-workload-monitoring/user-workload,0.95,tgis-bam,5529.761823660302
2024-05-20 15:17:59.285000086,tgi_batch_next_tokens,http,10.128.2.18:3000,tgis-bam,fmaas-monitoring,llama3-mig3g-40gb,openshift-user-workload-monitoring/user-workload,0.95,tgis-bam,5539.724358567631
2024-05-20 15:18:04.285000086,tgi_batch_next_tokens,http,10.128.2.18:3000,tgis-bam,fmaas-monitoring,llama3-mig3g-40gb,openshift-user-workload-monitoring/user-workload,0.95,tgis-bam,5539.724358567631
2024-05-20 15:18:09.285000086,tgi_batch_next_tokens,http,10.128.2.18:3000,tgis-bam,fmaas-monitoring,llama3-mig3g-40gb,openshift-user-workload-monitoring/user-workload,0.95,tgis-bam,5539.724358567631
2024-05-20 15:18:14.285000086,tgi_batch_next_tokens,http,10.128.2.18:3000,tgis-bam,fmaas-monitoring,llama3-mig3g-40gb,openshift-user-workload-monitoring/user-workload,0.95,tgis-bam,5539.724358567631
2024-05-20 15:18:19.285000086,tgi_batch_next_tokens,http,10.128.2.18:3000,tgis-bam,fmaas-monitoring,llama3-mig3g-40gb,openshift-user-workload-monitoring/user-workload,0.95,tgis-bam,5539.724358567631
2024-05-20 15:18:24.285000086,tgi_batch_next_tokens,http,10.128.2.18:3000,tgis-bam,fmaas-monitoring,llama3-mig3g-40gb,openshift-user-workload-monitoring/user-workload,0.95,tgis-bam,5539.724358567631
2024-05-20 15:18:29.285000086,tgi_batch_next_tokens,http,10.128.2.18:3000,tgis-bam,fmaas-monitoring,llama3-mig3g-40gb,openshift-user-workload-monitoring/user-workload,0.95,tgis-bam,5539.724358567631
2024-05-20 15:18:34.285000086,tgi_batch_next_tokens,http,10.128.2.18:3000,tgis-bam,fmaas-monitoring,llama3-mig3g-40gb,openshift-user-workload-monitoring/user-workload,0.95,tgis-bam,5539.724358567631
2024-05-20 15:18:39.285000086,tgi_batch_next_tokens,http,10.128.2.18:3000,tgis-bam,fmaas-monitoring,llama3-mig3g-40gb,openshift-user-workload-monitoring/user-workload,0.95,tgis-bam,4728.200774614626
2024-05-20 15:18:44.285000086,tgi_batch_next_tokens,http,10.128.2.18:3000,tgis-bam,fmaas-monitoring,llama3-mig3g-40gb,openshift-user-workload-monitoring/user-workload,0.95,tgis-bam,5539.724358567631
2024-05-20 15:18:49.285000086,tgi_batch_next_tokens,http,10.128.2.18:3000,tgis-bam,fmaas-monitoring,llama3-mig3g-40gb,openshift-user-workload-monitoring/user-workload,0.95,tgis-bam,5677.691617919575
2024-05-20 15:18:54.285000086,tgi_batch_next_tokens,http,10.128.2.18:3000,tgis-bam,fmaas-monitoring,llama3-mig3g-40gb,openshift-user-workload-monitoring/user-workload,0.95,tgis-bam,6303.750320054413
2024-05-20 15:18:59.285000086,tgi_batch_next_tokens,http,10.128.2.18:3000,tgis-bam,fmaas-monitoring,llama3-mig3g-40gb,openshift-user-workload-monitoring/user-workload,0.95,tgis-bam,6770.295574461104
2024-05-20 15:19:04.285000086,tgi_batch_next_tokens,http,10.128.2.18:3000,tgis-bam,fmaas-monitoring,llama3-mig3g-40gb,openshift-user-workload-monitoring/user-workload,0.95,tgis-bam,6770.295574461104
2024-05-20 15:19:09.285000086,tgi_batch_next_tokens,http,10.128.2.18:3000,tgis-bam,fmaas-monitoring,llama3-mig3g-40gb,openshift-user-workload-monitoring/user-workload,0.95,tgis-bam,6770.295574461104
2024-05-20 15:19:14.285000086,tgi_batch_next_tokens,http,10.128.2.18:3000,tgis-bam,fmaas-monitoring,llama3-mig3g-40gb,openshift-user-workload-monitoring/user-workload,0.95,tgis-bam,6770.295574461104
2024-05-20 15:19:19.285000086,tgi_batch_next_tokens,http,10.128.2.18:3000,tgis-bam,fmaas-monitoring,llama3-mig3g-40gb,openshift-user-workload-monitoring/user-workload,0.95,tgis-bam,6770.295574461104
2024-05-20 15:19:24.285000086,tgi_batch_next_tokens,http,10.128.2.18:3000,tgis-bam,fmaas-monitoring,llama3-mig3g-40gb,openshift-user-workload-monitoring/user-workload,0.95,tgis-bam,6770.295574461104
2024-05-20 15:19:29.285000086,tgi_batch_next_tokens,http,10.128.2.18:3000,tgis-bam,fmaas-monitoring,llama3-mig3g-40gb,openshift-user-workload-monitoring/user-workload,0.95,tgis-bam,6770.295574461104
2024-05-20 15:19:34.285000086,tgi_batch_next_tokens,http,10.128.2.18:3000,tgis-bam,fmaas-monitoring,llama3-mig3g-40gb,openshift-user-workload-monitoring/user-workload,0.95,tgis-bam,6770.295574461104
2024-05-20 15:19:39.285000086,tgi_batch_next_tokens,http,10.128.2.18:3000,tgis-bam,fmaas-monitoring,llama3-mig3g-40gb,openshift-user-workload-monitoring/user-workload,0.95,tgis-bam,6303.750320054413
2024-05-20 15:19:44.302000046,tgi_batch_next_tokens,http,10.128.2.18:3000,tgis-bam,fmaas-monitoring,llama3-mig3g-40gb,openshift-user-workload-monitoring/user-workload,0.95,tgis-bam,6303.750320054413
2024-05-20 15:19:49.285000086,tgi_batch_next_tokens,http,10.128.2.18:3000,tgis-bam,fmaas-monitoring,llama3-mig3g-40gb,openshift-user-workload-monitoring/user-workload,0.95,tgis-bam,5229.652041273128
2024-05-20 15:19:54.285000086,tgi_batch_next_tokens,http,10.128.2.18:3000,tgis-bam,fmaas-monitoring,llama3-mig3g-40gb,openshift-user-workload-monitoring/user-workload,0.95,tgis-bam,5229.652041273128
2024-05-20 15:19:59.285000086,tgi_batch_next_tokens,http,10.128.2.18:3000,tgis-bam,fmaas-monitoring,llama3-mig3g-40gb,openshift-user-workload-monitoring/user-workload,0.95,tgis-bam,5229.652041273128
2024-05-20 15:20:04.285000086,tgi_batch_next_tokens,http,10.128.2.18:3000,tgis-bam,fmaas-monitoring,llama3-mig3g-40gb,openshift-user-workload-monitoring/user-workload,0.95,tgis-bam,7580.23912352237
2024-05-20 15:20:09.285000086,tgi_batch_next_tokens,http,10.128.2.18:3000,tgis-bam,fmaas-monitoring,llama3-mig3g-40gb,openshift-user-workload-monitoring/user-workload,0.95,tgis-bam,7580.23912352237
2024-05-20 15:20:14.285000086,tgi_batch_next_tokens,http,10.128.2.18:3000,tgis-bam,fmaas-monitoring,llama3-mig3g-40gb,openshift-user-workload-monitoring/user-workload,0.95,tgis-bam,7580.23912352237
2024-05-20 15:20:19.285000086,tgi_batch_next_tokens,http,10.128.2.18:3000,tgis-bam,fmaas-monitoring,llama3-mig3g-40gb,openshift-user-workload-monitoring/user-workload,0.95,tgis-bam,7580.23912352237
2024-05-20 15:20:24.285000086,tgi_batch_next_tokens,http,10.128.2.18:3000,tgis-bam,fmaas-monitoring,llama3-mig3g-40gb,openshift-user-workload-monitoring/user-workload,0.95,tgis-bam,7580.23912352237
2024-05-20 15:20:29.285000086,tgi_batch_next_tokens,http,10.128.2.18:3000,tgis-bam,fmaas-monitoring,llama3-mig3g-40gb,openshift-user-workload-monitoring/user-workload,0.95,tgis-bam,7580.23912352237
2024-05-20 15:20:34.285000086,tgi_batch_next_tokens,http,10.128.2.18:3000,tgis-bam,fmaas-monitoring,llama3-mig3g-40gb,openshift-user-workload-monitoring/user-workload,0.95,tgis-bam,7580.23912352237
2024-05-20 15:20:39.285000086,tgi_batch_next_tokens,http,10.128.2.18:3000,tgis-bam,fmaas-monitoring,llama3-mig3g-40gb,openshift-user-workload-monitoring/user-workload,0.95,tgis-bam,6763.528662883782
2024-05-20 15:20:44.285000086,tgi_batch_next_tokens,http,10.128.2.18:3000,tgis-bam,fmaas-monitoring,llama3-mig3g-40gb,openshift-user-workload-monitoring/user-workload,0.95,tgis-bam,6763.528662883782
2024-05-20 15:20:49.285000086,tgi_batch_next_tokens,http,10.128.2.18:3000,tgis-bam,fmaas-monitoring,llama3-mig3g-40gb,openshift-user-workload-monitoring/user-workload,0.95,tgis-bam,2237.915252660595
2024-05-20 15:20:54.285000086,tgi_batch_next_tokens,http,10.128.2.18:3000,tgis-bam,fmaas-monitoring,llama3-mig3g-40gb,openshift-user-workload-monitoring/user-workload,0.95,tgis-bam,3443.694036922158
2024-05-20 15:20:59.309000015,tgi_batch_next_tokens,http,10.128.2.18:3000,tgis-bam,fmaas-monitoring,llama3-mig3g-40gb,openshift-user-workload-monitoring/user-workload,0.95,tgis-bam,5166.237898971058
2024-05-20 15:21:04.285000086,tgi_batch_next_tokens,http,10.128.2.18:3000,tgis-bam,fmaas-monitoring,llama3-mig3g-40gb,openshift-user-workload-monitoring/user-workload,0.95,tgis-bam,5166.237898971058
2024-05-20 15:21:09.285000086,tgi_batch_next_tokens,http,10.128.2.18:3000,tgis-bam,fmaas-monitoring,llama3-mig3g-40gb,openshift-user-workload-monitoring/user-workload,0.95,tgis-bam,5166.237898971058
2024-05-20 15:21:14.285000086,tgi_batch_next_tokens,http,10.128.2.18:3000,tgis-bam,fmaas-monitoring,llama3-mig3g-40gb,openshift-user-workload-monitoring/user-workload,0.95,tgis-bam,5166.237898971058
2024-05-20 15:21:19.285000086,tgi_batch_next_tokens,http,10.128.2.18:3000,tgis-bam,fmaas-monitoring,llama3-mig3g-40gb,openshift-user-workload-monitoring/user-workload,0.95,tgis-bam,5166.237898971058
2024-05-20 15:21:24.285000086,tgi_batch_next_tokens,http,10.128.2.18:3000,tgis-bam,fmaas-monitoring,llama3-mig3g-40gb,openshift-user-workload-monitoring/user-workload,0.95,tgis-bam,5166.237898971058
2024-05-20 15:21:29.285000086,tgi_batch_next_tokens,http,10.128.2.18:3000,tgis-bam,fmaas-monitoring,llama3-mig3g-40gb,openshift-user-workload-monitoring/user-workload,0.95,tgis-bam,5571.948118524719
2024-05-20 15:21:34.285000086,tgi_batch_next_tokens,http,10.128.2.18:3000,tgis-bam,fmaas-monitoring,llama3-mig3g-40gb,openshift-user-workload-monitoring/user-workload,0.95,tgis-bam,5166.237898971058
2024-05-20 15:21:39.285000086,tgi_batch_next_tokens,http,10.128.2.18:3000,tgis-bam,fmaas-monitoring,llama3-mig3g-40gb,openshift-user-workload-monitoring/user-workload,0.95,tgis-bam,5166.237898971058
2024-05-20 15:21:44.285000086,tgi_batch_next_tokens,http,10.128.2.18:3000,tgis-bam,fmaas-monitoring,llama3-mig3g-40gb,openshift-user-workload-monitoring/user-workload,0.95,tgis-bam,5928.342986113712
2024-05-20 15:21:49.285000086,tgi_batch_next_tokens,http,10.128.2.18:3000,tgis-bam,fmaas-monitoring,llama3-mig3g-40gb,openshift-user-workload-monitoring/user-workload,0.95,tgis-bam,5928.342986113712
2024-05-20 15:21:54.285000086,tgi_batch_next_tokens,http,10.128.2.18:3000,tgis-bam,fmaas-monitoring,llama3-mig3g-40gb,openshift-user-workload-monitoring/user-workload,0.95,tgis-bam,5999.911655379252
2024-05-20 15:21:59.301000118,tgi_batch_next_tokens,http,10.128.2.18:3000,tgis-bam,fmaas-monitoring,llama3-mig3g-40gb,openshift-user-workload-monitoring/user-workload,0.95,tgis-bam,5999.911655379252
2024-05-20 15:22:04.285000086,tgi_batch_next_tokens,http,10.128.2.18:3000,tgis-bam,fmaas-monitoring,llama3-mig3g-40gb,openshift-user-workload-monitoring/user-workload,0.95,tgis-bam,5999.911655379252
2024-05-20 15:22:09.285000086,tgi_batch_next_tokens,http,10.128.2.18:3000,tgis-bam,fmaas-monitoring,llama3-mig3g-40gb,openshift-user-workload-monitoring/user-workload,0.95,tgis-bam,5999.911655379252
2024-05-20 15:22:14.285000086,tgi_batch_next_tokens,http,10.128.2.18:3000,tgis-bam,fmaas-monitoring,llama3-mig3g-40gb,openshift-user-workload-monitoring/user-workload,0.95,tgis-bam,6227.311789024472
2024-05-20 15:22:19.285000086,tgi_batch_next_tokens,http,10.128.2.18:3000,tgis-bam,fmaas-monitoring,llama3-mig3g-40gb,openshift-user-workload-monitoring/user-workload,0.95,tgis-bam,6227.311789024472
2024-05-20 15:22:24.285000086,tgi_batch_next_tokens,http,10.128.2.18:3000,tgis-bam,fmaas-monitoring,llama3-mig3g-40gb,openshift-user-workload-monitoring/user-workload,0.95,tgis-bam,6227.311789024472
2024-05-20 15:22:29.285000086,tgi_batch_next_tokens,http,10.128.2.18:3000,tgis-bam,fmaas-monitoring,llama3-mig3g-40gb,openshift-user-workload-monitoring/user-workload,0.95,tgis-bam,6227.311789024472
2024-05-20 15:22:34.285000086,tgi_batch_next_tokens,http,10.128.2.18:3000,tgis-bam,fmaas-monitoring,llama3-mig3g-40gb,openshift-user-workload-monitoring/user-workload,0.95,tgis-bam,6227.311789024472
2024-05-20 15:22:39.308000088,tgi_batch_next_tokens,http,10.128.2.18:3000,tgis-bam,fmaas-monitoring,llama3-mig3g-40gb,openshift-user-workload-monitoring/user-workload,0.95,tgis-bam,6227.311789024472
2024-05-20 15:22:44.285000086,tgi_batch_next_tokens,http,10.128.2.18:3000,tgis-bam,fmaas-monitoring,llama3-mig3g-40gb,openshift-user-workload-monitoring/user-workload,0.95,tgis-bam,6227.311789024472
2024-05-20 15:22:49.285000086,tgi_batch_next_tokens,http,10.128.2.18:3000,tgis-bam,fmaas-monitoring,llama3-mig3g-40gb,openshift-user-workload-monitoring/user-workload,0.95,tgis-bam,6236.036131172716
2024-05-20 15:22:54.285000086,tgi_batch_next_tokens,http,10.128.2.18:3000,tgis-bam,fmaas-monitoring,llama3-mig3g-40gb,openshift-user-workload-monitoring/user-workload,0.95,tgis-bam,6236.036131172716
2024-05-20 15:22:59.285000086,tgi_batch_next_tokens,http,10.128.2.18:3000,tgis-bam,fmaas-monitoring,llama3-mig3g-40gb,openshift-user-workload-monitoring/user-workload,0.95,tgis-bam,6236.036131172716
2024-05-20 15:23:04.285000086,tgi_batch_next_tokens,http,10.128.2.18:3000,tgis-bam,fmaas-monitoring,llama3-mig3g-40gb,openshift-user-workload-monitoring/user-workload,0.95,tgis-bam,6236.036131172716
2024-05-20 15:23:09.285000086,tgi_batch_next_tokens,http,10.128.2.18:3000,tgis-bam,fmaas-monitoring,llama3-mig3g-40gb,openshift-user-workload-monitoring/user-workload,0.95,tgis-bam,6236.036131172716
2024-05-20 15:23:14.285000086,tgi_batch_next_tokens,http,10.128.2.18:3000,tgis-bam,fmaas-monitoring,llama3-mig3g-40gb,openshift-user-workload-monitoring/user-workload,0.95,tgis-bam,6236.036131172716
2024-05-20 15:23:19.326999903,tgi_batch_next_tokens,http,10.128.2.18:3000,tgis-bam,fmaas-monitoring,llama3-mig3g-40gb,openshift-user-workload-monitoring/user-workload,0.95,tgis-bam,6236.036131172716
2024-05-20 15:23:24.285000086,tgi_batch_next_tokens,http,10.128.2.18:3000,tgis-bam,fmaas-monitoring,llama3-mig3g-40gb,openshift-user-workload-monitoring/user-workload,0.95,tgis-bam,6236.036131172716
2024-05-20 15:13:29.285000086,tgi_batch_next_tokens,http,10.128.2.18:3000,tgis-bam,fmaas-monitoring,llama3-mig3g-40gb,openshift-user-workload-monitoring/user-workload,0.99,tgis-bam,4331.633592373122
2024-05-20 15:13:34.285000086,tgi_batch_next_tokens,http,10.128.2.18:3000,tgis-bam,fmaas-monitoring,llama3-mig3g-40gb,openshift-user-workload-monitoring/user-workload,0.99,tgis-bam,4331.633592373122
2024-05-20 15:13:39.285000086,tgi_batch_next_tokens,http,10.128.2.18:3000,tgis-bam,fmaas-monitoring,llama3-mig3g-40gb,openshift-user-workload-monitoring/user-workload,0.99,tgis-bam,4904.458769620872
2024-05-20 15:13:44.285000086,tgi_batch_next_tokens,http,10.128.2.18:3000,tgis-bam,fmaas-monitoring,llama3-mig3g-40gb,openshift-user-workload-monitoring/user-workload,0.99,tgis-bam,4904.458769620872
2024-05-20 15:13:49.285000086,tgi_batch_next_tokens,http,10.128.2.18:3000,tgis-bam,fmaas-monitoring,llama3-mig3g-40gb,openshift-user-workload-monitoring/user-workload,0.99,tgis-bam,5124.047963199535
2024-05-20 15:13:54.285000086,tgi_batch_next_tokens,http,10.128.2.18:3000,tgis-bam,fmaas-monitoring,llama3-mig3g-40gb,openshift-user-workload-monitoring/user-workload,0.99,tgis-bam,6549.212053977405
2024-05-20 15:13:59.285000086,tgi_batch_next_tokens,http,10.128.2.18:3000,tgis-bam,fmaas-monitoring,llama3-mig3g-40gb,openshift-user-workload-monitoring/user-workload,0.99,tgis-bam,6549.212053977405
2024-05-20 15:14:04.285000086,tgi_batch_next_tokens,http,10.128.2.18:3000,tgis-bam,fmaas-monitoring,llama3-mig3g-40gb,openshift-user-workload-monitoring/user-workload,0.99,tgis-bam,6600.495654202663
2024-05-20 15:14:09.285000086,tgi_batch_next_tokens,http,10.128.2.18:3000,tgis-bam,fmaas-monitoring,llama3-mig3g-40gb,openshift-user-workload-monitoring/user-workload,0.99,tgis-bam,6600.495654202663
2024-05-20 15:14:14.285000086,tgi_batch_next_tokens,http,10.128.2.18:3000,tgis-bam,fmaas-monitoring,llama3-mig3g-40gb,openshift-user-workload-monitoring/user-workload,0.99,tgis-bam,6600.495654202663
2024-05-20 15:14:19.285000086,tgi_batch_next_tokens,http,10.128.2.18:3000,tgis-bam,fmaas-monitoring,llama3-mig3g-40gb,openshift-user-workload-monitoring/user-workload,0.99,tgis-bam,6600.495654202663
2024-05-20 15:14:24.285000086,tgi_batch_next_tokens,http,10.128.2.18:3000,tgis-bam,fmaas-monitoring,llama3-mig3g-40gb,openshift-user-workload-monitoring/user-workload,0.99,tgis-bam,6600.495654202663
2024-05-20 15:14:29.285000086,tgi_batch_next_tokens,http,10.128.2.18:3000,tgis-bam,fmaas-monitoring,llama3-mig3g-40gb,openshift-user-workload-monitoring/user-workload,0.99,tgis-bam,6600.495654202663
2024-05-20 15:14:34.285000086,tgi_batch_next_tokens,http,10.128.2.18:3000,tgis-bam,fmaas-monitoring,llama3-mig3g-40gb,openshift-user-workload-monitoring/user-workload,0.99,tgis-bam,6600.495654202663
2024-05-20 15:14:39.285000086,tgi_batch_next_tokens,http,10.128.2.18:3000,tgis-bam,fmaas-monitoring,llama3-mig3g-40gb,openshift-user-workload-monitoring/user-workload,0.99,tgis-bam,7294.675844341036
2024-05-20 15:14:44.285000086,tgi_batch_next_tokens,http,10.128.2.18:3000,tgis-bam,fmaas-monitoring,llama3-mig3g-40gb,openshift-user-workload-monitoring/user-workload,0.99,tgis-bam,7294.675844341036
2024-05-20 15:14:49.295000076,tgi_batch_next_tokens,http,10.128.2.18:3000,tgis-bam,fmaas-monitoring,llama3-mig3g-40gb,openshift-user-workload-monitoring/user-workload,0.99,tgis-bam,6689.537544571746
2024-05-20 15:14:54.285000086,tgi_batch_next_tokens,http,10.128.2.18:3000,tgis-bam,fmaas-monitoring,llama3-mig3g-40gb,openshift-user-workload-monitoring/user-workload,0.99,tgis-bam,7294.675844341036
2024-05-20 15:14:59.285000086,tgi_batch_next_tokens,http,10.128.2.18:3000,tgis-bam,fmaas-monitoring,llama3-mig3g-40gb,openshift-user-workload-monitoring/user-workload,0.99,tgis-bam,7294.675844341036
2024-05-20 15:15:04.285000086,tgi_batch_next_tokens,http,10.128.2.18:3000,tgis-bam,fmaas-monitoring,llama3-mig3g-40gb,openshift-user-workload-monitoring/user-workload,0.99,tgis-bam,7294.675844341036
2024-05-20 15:15:09.285000086,tgi_batch_next_tokens,http,10.128.2.18:3000,tgis-bam,fmaas-monitoring,llama3-mig3g-40gb,openshift-user-workload-monitoring/user-workload,0.99,tgis-bam,7294.675844341036
2024-05-20 15:15:14.285000086,tgi_batch_next_tokens,http,10.128.2.18:3000,tgis-bam,fmaas-monitoring,llama3-mig3g-40gb,openshift-user-workload-monitoring/user-workload,0.99,tgis-bam,7294.675844341036
2024-05-20 15:15:19.285000086,tgi_batch_next_tokens,http,10.128.2.18:3000,tgis-bam,fmaas-monitoring,llama3-mig3g-40gb,openshift-user-workload-monitoring/user-workload,0.99,tgis-bam,7294.675844341036
2024-05-20 15:15:24.285000086,tgi_batch_next_tokens,http,10.128.2.18:3000,tgis-bam,fmaas-monitoring,llama3-mig3g-40gb,openshift-user-workload-monitoring/user-workload,0.99,tgis-bam,7294.675844341036
2024-05-20 15:15:29.285000086,tgi_batch_next_tokens,http,10.128.2.18:3000,tgis-bam,fmaas-monitoring,llama3-mig3g-40gb,openshift-user-workload-monitoring/user-workload,0.99,tgis-bam,1695.1050932077665
2024-05-20 15:15:34.285000086,tgi_batch_next_tokens,http,10.128.2.18:3000,tgis-bam,fmaas-monitoring,llama3-mig3g-40gb,openshift-user-workload-monitoring/user-workload,0.99,tgis-bam,5750.833178235392
2024-05-20 15:15:39.285000086,tgi_batch_next_tokens,http,10.128.2.18:3000,tgis-bam,fmaas-monitoring,llama3-mig3g-40gb,openshift-user-workload-monitoring/user-workload,0.99,tgis-bam,5750.833178235392
2024-05-20 15:15:44.285000086,tgi_batch_next_tokens,http,10.128.2.18:3000,tgis-bam,fmaas-monitoring,llama3-mig3g-40gb,openshift-user-workload-monitoring/user-workload,0.99,tgis-bam,5750.833178235392
2024-05-20 15:15:49.352999926,tgi_batch_next_tokens,http,10.128.2.18:3000,tgis-bam,fmaas-monitoring,llama3-mig3g-40gb,openshift-user-workload-monitoring/user-workload,0.99,tgis-bam,5750.833178235392
2024-05-20 15:15:54.285000086,tgi_batch_next_tokens,http,10.128.2.18:3000,tgis-bam,fmaas-monitoring,llama3-mig3g-40gb,openshift-user-workload-monitoring/user-workload,0.99,tgis-bam,6339.150349535239
2024-05-20 15:15:59.285000086,tgi_batch_next_tokens,http,10.128.2.18:3000,tgis-bam,fmaas-monitoring,llama3-mig3g-40gb,openshift-user-workload-monitoring/user-workload,0.99,tgis-bam,6786.563797953485
2024-05-20 15:16:04.285000086,tgi_batch_next_tokens,http,10.128.2.18:3000,tgis-bam,fmaas-monitoring,llama3-mig3g-40gb,openshift-user-workload-monitoring/user-workload,0.99,tgis-bam,6786.563797953485
2024-05-20 15:16:09.285000086,tgi_batch_next_tokens,http,10.128.2.18:3000,tgis-bam,fmaas-monitoring,llama3-mig3g-40gb,openshift-user-workload-monitoring/user-workload,0.99,tgis-bam,6786.563797953485
2024-05-20 15:16:14.285000086,tgi_batch_next_tokens,http,10.128.2.18:3000,tgis-bam,fmaas-monitoring,llama3-mig3g-40gb,openshift-user-workload-monitoring/user-workload,0.99,tgis-bam,6786.563797953485
2024-05-20 15:16:19.285000086,tgi_batch_next_tokens,http,10.128.2.18:3000,tgis-bam,fmaas-monitoring,llama3-mig3g-40gb,openshift-user-workload-monitoring/user-workload,0.99,tgis-bam,6786.563797953485
2024-05-20 15:16:24.285000086,tgi_batch_next_tokens,http,10.128.2.18:3000,tgis-bam,fmaas-monitoring,llama3-mig3g-40gb,openshift-user-workload-monitoring/user-workload,0.99,tgis-bam,6786.563797953485
2024-05-20 15:16:29.285000086,tgi_batch_next_tokens,http,10.128.2.18:3000,tgis-bam,fmaas-monitoring,llama3-mig3g-40gb,openshift-user-workload-monitoring/user-workload,0.99,tgis-bam,6339.150349535239
2024-05-20 15:16:34.285000086,tgi_batch_next_tokens,http,10.128.2.18:3000,tgis-bam,fmaas-monitoring,llama3-mig3g-40gb,openshift-user-workload-monitoring/user-workload,0.99,tgis-bam,6786.563797953485
2024-05-20 15:16:39.285000086,tgi_batch_next_tokens,http,10.128.2.18:3000,tgis-bam,fmaas-monitoring,llama3-mig3g-40gb,openshift-user-workload-monitoring/user-workload,0.99,tgis-bam,7495.814107667275
2024-05-20 15:16:44.285000086,tgi_batch_next_tokens,http,10.128.2.18:3000,tgis-bam,fmaas-monitoring,llama3-mig3g-40gb,openshift-user-workload-monitoring/user-workload,0.99,tgis-bam,7495.814107667275
2024-05-20 15:16:49.285000086,tgi_batch_next_tokens,http,10.128.2.18:3000,tgis-bam,fmaas-monitoring,llama3-mig3g-40gb,openshift-user-workload-monitoring/user-workload,0.99,tgis-bam,7495.814107667275
2024-05-20 15:16:54.285000086,tgi_batch_next_tokens,http,10.128.2.18:3000,tgis-bam,fmaas-monitoring,llama3-mig3g-40gb,openshift-user-workload-monitoring/user-workload,0.99,tgis-bam,7495.814107667275
2024-05-20 15:16:59.285000086,tgi_batch_next_tokens,http,10.128.2.18:3000,tgis-bam,fmaas-monitoring,llama3-mig3g-40gb,openshift-user-workload-monitoring/user-workload,0.99,tgis-bam,7495.814107667275
2024-05-20 15:17:04.285000086,tgi_batch_next_tokens,http,10.128.2.18:3000,tgis-bam,fmaas-monitoring,llama3-mig3g-40gb,openshift-user-workload-monitoring/user-workload,0.99,tgis-bam,7495.814107667275
2024-05-20 15:17:09.285000086,tgi_batch_next_tokens,http,10.128.2.18:3000,tgis-bam,fmaas-monitoring,llama3-mig3g-40gb,openshift-user-workload-monitoring/user-workload,0.99,tgis-bam,7495.814107667275
2024-05-20 15:17:14.285000086,tgi_batch_next_tokens,http,10.128.2.18:3000,tgis-bam,fmaas-monitoring,llama3-mig3g-40gb,openshift-user-workload-monitoring/user-workload,0.99,tgis-bam,7495.814107667275
2024-05-20 15:17:19.285000086,tgi_batch_next_tokens,http,10.128.2.18:3000,tgis-bam,fmaas-monitoring,llama3-mig3g-40gb,openshift-user-workload-monitoring/user-workload,0.99,tgis-bam,7495.814107667275
2024-05-20 15:17:24.285000086,tgi_batch_next_tokens,http,10.128.2.18:3000,tgis-bam,fmaas-monitoring,llama3-mig3g-40gb,openshift-user-workload-monitoring/user-workload,0.99,tgis-bam,7495.814107667275
2024-05-20 15:17:29.296999931,tgi_batch_next_tokens,http,10.128.2.18:3000,tgis-bam,fmaas-monitoring,llama3-mig3g-40gb,openshift-user-workload-monitoring/user-workload,0.99,tgis-bam,4207.820189261125
2024-05-20 15:17:34.285000086,tgi_batch_next_tokens,http,10.128.2.18:3000,tgis-bam,fmaas-monitoring,llama3-mig3g-40gb,openshift-user-workload-monitoring/user-workload,0.99,tgis-bam,4207.820189261125
2024-05-20 15:17:39.285000086,tgi_batch_next_tokens,http,10.128.2.18:3000,tgis-bam,fmaas-monitoring,llama3-mig3g-40gb,openshift-user-workload-monitoring/user-workload,0.99,tgis-bam,5457.248607462031
2024-05-20 15:17:44.285000086,tgi_batch_next_tokens,http,10.128.2.18:3000,tgis-bam,fmaas-monitoring,llama3-mig3g-40gb,openshift-user-workload-monitoring/user-workload,0.99,tgis-bam,5529.761823660302
2024-05-20 15:17:49.285000086,tgi_batch_next_tokens,http,10.128.2.18:3000,tgis-bam,fmaas-monitoring,llama3-mig3g-40gb,openshift-user-workload-monitoring/user-workload,0.99,tgis-bam,5529.761823660302
2024-05-20 15:17:54.285000086,tgi_batch_next_tokens,http,10.128.2.18:3000,tgis-bam,fmaas-monitoring,llama3-mig3g-40gb,openshift-user-workload-monitoring/user-workload,0.99,tgis-bam,5940.2115367199185
2024-05-20 15:17:59.285000086,tgi_batch_next_tokens,http,10.128.2.18:3000,tgis-bam,fmaas-monitoring,llama3-mig3g-40gb,openshift-user-workload-monitoring/user-workload,0.99,tgis-bam,5940.2115367199185
2024-05-20 15:18:04.285000086,tgi_batch_next_tokens,http,10.128.2.18:3000,tgis-bam,fmaas-monitoring,llama3-mig3g-40gb,openshift-user-workload-monitoring/user-workload,0.99,tgis-bam,5940.2115367199185
2024-05-20 15:18:09.285000086,tgi_batch_next_tokens,http,10.128.2.18:3000,tgis-bam,fmaas-monitoring,llama3-mig3g-40gb,openshift-user-workload-monitoring/user-workload,0.99,tgis-bam,5940.2115367199185
2024-05-20 15:18:14.285000086,tgi_batch_next_tokens,http,10.128.2.18:3000,tgis-bam,fmaas-monitoring,llama3-mig3g-40gb,openshift-user-workload-monitoring/user-workload,0.99,tgis-bam,5940.2115367199185
2024-05-20 15:18:19.285000086,tgi_batch_next_tokens,http,10.128.2.18:3000,tgis-bam,fmaas-monitoring,llama3-mig3g-40gb,openshift-user-workload-monitoring/user-workload,0.99,tgis-bam,5940.2115367199185
2024-05-20 15:18:24.285000086,tgi_batch_next_tokens,http,10.128.2.18:3000,tgis-bam,fmaas-monitoring,llama3-mig3g-40gb,openshift-user-workload-monitoring/user-workload,0.99,tgis-bam,5940.2115367199185
2024-05-20 15:18:29.285000086,tgi_batch_next_tokens,http,10.128.2.18:3000,tgis-bam,fmaas-monitoring,llama3-mig3g-40gb,openshift-user-workload-monitoring/user-workload,0.99,tgis-bam,5539.724358567631
2024-05-20 15:18:34.285000086,tgi_batch_next_tokens,http,10.128.2.18:3000,tgis-bam,fmaas-monitoring,llama3-mig3g-40gb,openshift-user-workload-monitoring/user-workload,0.99,tgis-bam,5539.724358567631
2024-05-20 15:18:39.285000086,tgi_batch_next_tokens,http,10.128.2.18:3000,tgis-bam,fmaas-monitoring,llama3-mig3g-40gb,openshift-user-workload-monitoring/user-workload,0.99,tgis-bam,5539.724358567631
2024-05-20 15:18:44.285000086,tgi_batch_next_tokens,http,10.128.2.18:3000,tgis-bam,fmaas-monitoring,llama3-mig3g-40gb,openshift-user-workload-monitoring/user-workload,0.99,tgis-bam,5677.691617919575
2024-05-20 15:18:49.285000086,tgi_batch_next_tokens,http,10.128.2.18:3000,tgis-bam,fmaas-monitoring,llama3-mig3g-40gb,openshift-user-workload-monitoring/user-workload,0.99,tgis-bam,5677.691617919575
2024-05-20 15:18:54.285000086,tgi_batch_next_tokens,http,10.128.2.18:3000,tgis-bam,fmaas-monitoring,llama3-mig3g-40gb,openshift-user-workload-monitoring/user-workload,0.99,tgis-bam,6770.295574461104
2024-05-20 15:18:59.285000086,tgi_batch_next_tokens,http,10.128.2.18:3000,tgis-bam,fmaas-monitoring,llama3-mig3g-40gb,openshift-user-workload-monitoring/user-workload,0.99,tgis-bam,8970.529876116654
2024-05-20 15:19:04.285000086,tgi_batch_next_tokens,http,10.128.2.18:3000,tgis-bam,fmaas-monitoring,llama3-mig3g-40gb,openshift-user-workload-monitoring/user-workload,0.99,tgis-bam,8970.529876116654
2024-05-20 15:19:09.285000086,tgi_batch_next_tokens,http,10.128.2.18:3000,tgis-bam,fmaas-monitoring,llama3-mig3g-40gb,openshift-user-workload-monitoring/user-workload,0.99,tgis-bam,8970.529876116654
2024-05-20 15:19:14.285000086,tgi_batch_next_tokens,http,10.128.2.18:3000,tgis-bam,fmaas-monitoring,llama3-mig3g-40gb,openshift-user-workload-monitoring/user-workload,0.99,tgis-bam,8970.529876116654
2024-05-20 15:19:19.285000086,tgi_batch_next_tokens,http,10.128.2.18:3000,tgis-bam,fmaas-monitoring,llama3-mig3g-40gb,openshift-user-workload-monitoring/user-workload,0.99,tgis-bam,8970.529876116654
2024-05-20 15:19:24.285000086,tgi_batch_next_tokens,http,10.128.2.18:3000,tgis-bam,fmaas-monitoring,llama3-mig3g-40gb,openshift-user-workload-monitoring/user-workload,0.99,tgis-bam,8970.529876116654
2024-05-20 15:19:29.285000086,tgi_batch_next_tokens,http,10.128.2.18:3000,tgis-bam,fmaas-monitoring,llama3-mig3g-40gb,openshift-user-workload-monitoring/user-workload,0.99,tgis-bam,6770.295574461104
2024-05-20 15:19:34.285000086,tgi_batch_next_tokens,http,10.128.2.18:3000,tgis-bam,fmaas-monitoring,llama3-mig3g-40gb,openshift-user-workload-monitoring/user-workload,0.99,tgis-bam,6770.295574461104
2024-05-20 15:19:39.285000086,tgi_batch_next_tokens,http,10.128.2.18:3000,tgis-bam,fmaas-monitoring,llama3-mig3g-40gb,openshift-user-workload-monitoring/user-workload,0.99,tgis-bam,6770.295574461104
2024-05-20 15:19:44.302000046,tgi_batch_next_tokens,http,10.128.2.18:3000,tgis-bam,fmaas-monitoring,llama3-mig3g-40gb,openshift-user-workload-monitoring/user-workload,0.99,tgis-bam,6770.295574461104
2024-05-20 15:19:49.285000086,tgi_batch_next_tokens,http,10.128.2.18:3000,tgis-bam,fmaas-monitoring,llama3-mig3g-40gb,openshift-user-workload-monitoring/user-workload,0.99,tgis-bam,6763.528662883782
2024-05-20 15:19:54.285000086,tgi_batch_next_tokens,http,10.128.2.18:3000,tgis-bam,fmaas-monitoring,llama3-mig3g-40gb,openshift-user-workload-monitoring/user-workload,0.99,tgis-bam,6763.528662883782
2024-05-20 15:19:59.285000086,tgi_batch_next_tokens,http,10.128.2.18:3000,tgis-bam,fmaas-monitoring,llama3-mig3g-40gb,openshift-user-workload-monitoring/user-workload,0.99,tgis-bam,6763.528662883782
2024-05-20 15:20:04.285000086,tgi_batch_next_tokens,http,10.128.2.18:3000,tgis-bam,fmaas-monitoring,llama3-mig3g-40gb,openshift-user-workload-monitoring/user-workload,0.99,tgis-bam,8565.519178300056
2024-05-20 15:20:09.285000086,tgi_batch_next_tokens,http,10.128.2.18:3000,tgis-bam,fmaas-monitoring,llama3-mig3g-40gb,openshift-user-workload-monitoring/user-workload,0.99,tgis-bam,8565.519178300056
2024-05-20 15:20:14.285000086,tgi_batch_next_tokens,http,10.128.2.18:3000,tgis-bam,fmaas-monitoring,llama3-mig3g-40gb,openshift-user-workload-monitoring/user-workload,0.99,tgis-bam,8565.519178300056
2024-05-20 15:20:19.285000086,tgi_batch_next_tokens,http,10.128.2.18:3000,tgis-bam,fmaas-monitoring,llama3-mig3g-40gb,openshift-user-workload-monitoring/user-workload,0.99,tgis-bam,8565.519178300056
2024-05-20 15:20:24.285000086,tgi_batch_next_tokens,http,10.128.2.18:3000,tgis-bam,fmaas-monitoring,llama3-mig3g-40gb,openshift-user-workload-monitoring/user-workload,0.99,tgis-bam,8565.519178300056
2024-05-20 15:20:29.285000086,tgi_batch_next_tokens,http,10.128.2.18:3000,tgis-bam,fmaas-monitoring,llama3-mig3g-40gb,openshift-user-workload-monitoring/user-workload,0.99,tgis-bam,7580.23912352237
2024-05-20 15:20:34.285000086,tgi_batch_next_tokens,http,10.128.2.18:3000,tgis-bam,fmaas-monitoring,llama3-mig3g-40gb,openshift-user-workload-monitoring/user-workload,0.99,tgis-bam,7580.23912352237
2024-05-20 15:20:39.285000086,tgi_batch_next_tokens,http,10.128.2.18:3000,tgis-bam,fmaas-monitoring,llama3-mig3g-40gb,openshift-user-workload-monitoring/user-workload,0.99,tgis-bam,7580.23912352237
2024-05-20 15:20:44.285000086,tgi_batch_next_tokens,http,10.128.2.18:3000,tgis-bam,fmaas-monitoring,llama3-mig3g-40gb,openshift-user-workload-monitoring/user-workload,0.99,tgis-bam,7580.23912352237
2024-05-20 15:20:49.285000086,tgi_batch_next_tokens,http,10.128.2.18:3000,tgis-bam,fmaas-monitoring,llama3-mig3g-40gb,openshift-user-workload-monitoring/user-workload,0.99,tgis-bam,2935.109446291058
2024-05-20 15:20:54.285000086,tgi_batch_next_tokens,http,10.128.2.18:3000,tgis-bam,fmaas-monitoring,llama3-mig3g-40gb,openshift-user-workload-monitoring/user-workload,0.99,tgis-bam,5166.237898971058
2024-05-20 15:20:59.309000015,tgi_batch_next_tokens,http,10.128.2.18:3000,tgis-bam,fmaas-monitoring,llama3-mig3g-40gb,openshift-user-workload-monitoring/user-workload,0.99,tgis-bam,5571.948118524719
2024-05-20 15:21:04.285000086,tgi_batch_next_tokens,http,10.128.2.18:3000,tgis-bam,fmaas-monitoring,llama3-mig3g-40gb,openshift-user-workload-monitoring/user-workload,0.99,tgis-bam,5571.948118524719
2024-05-20 15:21:09.285000086,tgi_batch_next_tokens,http,10.128.2.18:3000,tgis-bam,fmaas-monitoring,llama3-mig3g-40gb,openshift-user-workload-monitoring/user-workload,0.99,tgis-bam,5571.948118524719
2024-05-20 15:21:14.285000086,tgi_batch_next_tokens,http,10.128.2.18:3000,tgis-bam,fmaas-monitoring,llama3-mig3g-40gb,openshift-user-workload-monitoring/user-workload,0.99,tgis-bam,5571.948118524719
2024-05-20 15:21:19.285000086,tgi_batch_next_tokens,http,10.128.2.18:3000,tgis-bam,fmaas-monitoring,llama3-mig3g-40gb,openshift-user-workload-monitoring/user-workload,0.99,tgis-bam,5571.948118524719
2024-05-20 15:21:24.285000086,tgi_batch_next_tokens,http,10.128.2.18:3000,tgis-bam,fmaas-monitoring,llama3-mig3g-40gb,openshift-user-workload-monitoring/user-workload,0.99,tgis-bam,5571.948118524719
2024-05-20 15:21:29.285000086,tgi_batch_next_tokens,http,10.128.2.18:3000,tgis-bam,fmaas-monitoring,llama3-mig3g-40gb,openshift-user-workload-monitoring/user-workload,0.99,tgis-bam,5571.948118524719
2024-05-20 15:21:34.285000086,tgi_batch_next_tokens,http,10.128.2.18:3000,tgis-bam,fmaas-monitoring,llama3-mig3g-40gb,openshift-user-workload-monitoring/user-workload,0.99,tgis-bam,5571.948118524719
2024-05-20 15:21:39.285000086,tgi_batch_next_tokens,http,10.128.2.18:3000,tgis-bam,fmaas-monitoring,llama3-mig3g-40gb,openshift-user-workload-monitoring/user-workload,0.99,tgis-bam,5571.948118524719
2024-05-20 15:21:44.285000086,tgi_batch_next_tokens,http,10.128.2.18:3000,tgis-bam,fmaas-monitoring,llama3-mig3g-40gb,openshift-user-workload-monitoring/user-workload,0.99,tgis-bam,6532.206219744824
2024-05-20 15:21:49.285000086,tgi_batch_next_tokens,http,10.128.2.18:3000,tgis-bam,fmaas-monitoring,llama3-mig3g-40gb,openshift-user-workload-monitoring/user-workload,0.99,tgis-bam,5999.911655379252
2024-05-20 15:21:54.285000086,tgi_batch_next_tokens,http,10.128.2.18:3000,tgis-bam,fmaas-monitoring,llama3-mig3g-40gb,openshift-user-workload-monitoring/user-workload,0.99,tgis-bam,6276.074749459142
2024-05-20 15:21:59.301000118,tgi_batch_next_tokens,http,10.128.2.18:3000,tgis-bam,fmaas-monitoring,llama3-mig3g-40gb,openshift-user-workload-monitoring/user-workload,0.99,tgis-bam,6276.074749459142
2024-05-20 15:22:04.285000086,tgi_batch_next_tokens,http,10.128.2.18:3000,tgis-bam,fmaas-monitoring,llama3-mig3g-40gb,openshift-user-workload-monitoring/user-workload,0.99,tgis-bam,6276.074749459142
2024-05-20 15:22:09.285000086,tgi_batch_next_tokens,http,10.128.2.18:3000,tgis-bam,fmaas-monitoring,llama3-mig3g-40gb,openshift-user-workload-monitoring/user-workload,0.99,tgis-bam,6276.074749459142
2024-05-20 15:22:14.285000086,tgi_batch_next_tokens,http,10.128.2.18:3000,tgis-bam,fmaas-monitoring,llama3-mig3g-40gb,openshift-user-workload-monitoring/user-workload,0.99,tgis-bam,6276.074749459142
2024-05-20 15:22:19.285000086,tgi_batch_next_tokens,http,10.128.2.18:3000,tgis-bam,fmaas-monitoring,llama3-mig3g-40gb,openshift-user-workload-monitoring/user-workload,0.99,tgis-bam,6276.074749459142
2024-05-20 15:22:24.285000086,tgi_batch_next_tokens,http,10.128.2.18:3000,tgis-bam,fmaas-monitoring,llama3-mig3g-40gb,openshift-user-workload-monitoring/user-workload,0.99,tgis-bam,6276.074749459142
2024-05-20 15:22:29.285000086,tgi_batch_next_tokens,http,10.128.2.18:3000,tgis-bam,fmaas-monitoring,llama3-mig3g-40gb,openshift-user-workload-monitoring/user-workload,0.99,tgis-bam,6227.311789024472
2024-05-20 15:22:34.285000086,tgi_batch_next_tokens,http,10.128.2.18:3000,tgis-bam,fmaas-monitoring,llama3-mig3g-40gb,openshift-user-workload-monitoring/user-workload,0.99,tgis-bam,6227.311789024472
2024-05-20 15:22:39.308000088,tgi_batch_next_tokens,http,10.128.2.18:3000,tgis-bam,fmaas-monitoring,llama3-mig3g-40gb,openshift-user-workload-monitoring/user-workload,0.99,tgis-bam,6227.311789024472
2024-05-20 15:22:44.285000086,tgi_batch_next_tokens,http,10.128.2.18:3000,tgis-bam,fmaas-monitoring,llama3-mig3g-40gb,openshift-user-workload-monitoring/user-workload,0.99,tgis-bam,6227.311789024472
2024-05-20 15:22:49.285000086,tgi_batch_next_tokens,http,10.128.2.18:3000,tgis-bam,fmaas-monitoring,llama3-mig3g-40gb,openshift-user-workload-monitoring/user-workload,0.99,tgis-bam,6236.036131172716
2024-05-20 15:22:54.285000086,tgi_batch_next_tokens,http,10.128.2.18:3000,tgis-bam,fmaas-monitoring,llama3-mig3g-40gb,openshift-user-workload-monitoring/user-workload,0.99,tgis-bam,6236.036131172716
2024-05-20 15:22:59.285000086,tgi_batch_next_tokens,http,10.128.2.18:3000,tgis-bam,fmaas-monitoring,llama3-mig3g-40gb,openshift-user-workload-monitoring/user-workload,0.99,tgis-bam,6287.381857390077
2024-05-20 15:23:04.285000086,tgi_batch_next_tokens,http,10.128.2.18:3000,tgis-bam,fmaas-monitoring,llama3-mig3g-40gb,openshift-user-workload-monitoring/user-workload,0.99,tgis-bam,6287.381857390077
2024-05-20 15:23:09.285000086,tgi_batch_next_tokens,http,10.128.2.18:3000,tgis-bam,fmaas-monitoring,llama3-mig3g-40gb,openshift-user-workload-monitoring/user-workload,0.99,tgis-bam,6287.381857390077
2024-05-20 15:23:14.285000086,tgi_batch_next_tokens,http,10.128.2.18:3000,tgis-bam,fmaas-monitoring,llama3-mig3g-40gb,openshift-user-workload-monitoring/user-workload,0.99,tgis-bam,6287.381857390077
2024-05-20 15:23:19.326999903,tgi_batch_next_tokens,http,10.128.2.18:3000,tgis-bam,fmaas-monitoring,llama3-mig3g-40gb,openshift-user-workload-monitoring/user-workload,0.99,tgis-bam,6287.381857390077
2024-05-20 15:23:24.285000086,tgi_batch_next_tokens,http,10.128.2.18:3000,tgis-bam,fmaas-monitoring,llama3-mig3g-40gb,openshift-user-workload-monitoring/user-workload,0.99,tgis-bam,6287.381857390077
2024-05-20 15:13:29.285000086,tgi_batch_next_tokens,http,10.128.2.18:3000,tgis-bam,fmaas-monitoring,llama3-mig3g-40gb,openshift-user-workload-monitoring/user-workload,0.999,tgis-bam,4331.633592373122
2024-05-20 15:13:34.285000086,tgi_batch_next_tokens,http,10.128.2.18:3000,tgis-bam,fmaas-monitoring,llama3-mig3g-40gb,openshift-user-workload-monitoring/user-workload,0.999,tgis-bam,4331.633592373122
2024-05-20 15:13:39.285000086,tgi_batch_next_tokens,http,10.128.2.18:3000,tgis-bam,fmaas-monitoring,llama3-mig3g-40gb,openshift-user-workload-monitoring/user-workload,0.999,tgis-bam,4904.458769620872
2024-05-20 15:13:44.285000086,tgi_batch_next_tokens,http,10.128.2.18:3000,tgis-bam,fmaas-monitoring,llama3-mig3g-40gb,openshift-user-workload-monitoring/user-workload,0.999,tgis-bam,4904.458769620872
2024-05-20 15:13:49.285000086,tgi_batch_next_tokens,http,10.128.2.18:3000,tgis-bam,fmaas-monitoring,llama3-mig3g-40gb,openshift-user-workload-monitoring/user-workload,0.999,tgis-bam,5124.047963199535
2024-05-20 15:13:54.285000086,tgi_batch_next_tokens,http,10.128.2.18:3000,tgis-bam,fmaas-monitoring,llama3-mig3g-40gb,openshift-user-workload-monitoring/user-workload,0.999,tgis-bam,6549.212053977405
2024-05-20 15:13:59.285000086,tgi_batch_next_tokens,http,10.128.2.18:3000,tgis-bam,fmaas-monitoring,llama3-mig3g-40gb,openshift-user-workload-monitoring/user-workload,0.999,tgis-bam,6549.212053977405
2024-05-20 15:14:04.285000086,tgi_batch_next_tokens,http,10.128.2.18:3000,tgis-bam,fmaas-monitoring,llama3-mig3g-40gb,openshift-user-workload-monitoring/user-workload,0.999,tgis-bam,6600.495654202663
2024-05-20 15:14:09.285000086,tgi_batch_next_tokens,http,10.128.2.18:3000,tgis-bam,fmaas-monitoring,llama3-mig3g-40gb,openshift-user-workload-monitoring/user-workload,0.999,tgis-bam,6600.495654202663
2024-05-20 15:14:14.285000086,tgi_batch_next_tokens,http,10.128.2.18:3000,tgis-bam,fmaas-monitoring,llama3-mig3g-40gb,openshift-user-workload-monitoring/user-workload,0.999,tgis-bam,6600.495654202663
2024-05-20 15:14:19.285000086,tgi_batch_next_tokens,http,10.128.2.18:3000,tgis-bam,fmaas-monitoring,llama3-mig3g-40gb,openshift-user-workload-monitoring/user-workload,0.999,tgis-bam,6600.495654202663
2024-05-20 15:14:24.285000086,tgi_batch_next_tokens,http,10.128.2.18:3000,tgis-bam,fmaas-monitoring,llama3-mig3g-40gb,openshift-user-workload-monitoring/user-workload,0.999,tgis-bam,6600.495654202663
2024-05-20 15:14:29.285000086,tgi_batch_next_tokens,http,10.128.2.18:3000,tgis-bam,fmaas-monitoring,llama3-mig3g-40gb,openshift-user-workload-monitoring/user-workload,0.999,tgis-bam,6600.495654202663
2024-05-20 15:14:34.285000086,tgi_batch_next_tokens,http,10.128.2.18:3000,tgis-bam,fmaas-monitoring,llama3-mig3g-40gb,openshift-user-workload-monitoring/user-workload,0.999,tgis-bam,6600.495654202663
2024-05-20 15:14:39.285000086,tgi_batch_next_tokens,http,10.128.2.18:3000,tgis-bam,fmaas-monitoring,llama3-mig3g-40gb,openshift-user-workload-monitoring/user-workload,0.999,tgis-bam,7294.675844341036
2024-05-20 15:14:44.285000086,tgi_batch_next_tokens,http,10.128.2.18:3000,tgis-bam,fmaas-monitoring,llama3-mig3g-40gb,openshift-user-workload-monitoring/user-workload,0.999,tgis-bam,7294.675844341036
2024-05-20 15:14:49.295000076,tgi_batch_next_tokens,http,10.128.2.18:3000,tgis-bam,fmaas-monitoring,llama3-mig3g-40gb,openshift-user-workload-monitoring/user-workload,0.999,tgis-bam,6689.537544571746
2024-05-20 15:14:54.285000086,tgi_batch_next_tokens,http,10.128.2.18:3000,tgis-bam,fmaas-monitoring,llama3-mig3g-40gb,openshift-user-workload-monitoring/user-workload,0.999,tgis-bam,7294.675844341036
2024-05-20 15:14:59.285000086,tgi_batch_next_tokens,http,10.128.2.18:3000,tgis-bam,fmaas-monitoring,llama3-mig3g-40gb,openshift-user-workload-monitoring/user-workload,0.999,tgis-bam,7294.675844341036
2024-05-20 15:15:04.285000086,tgi_batch_next_tokens,http,10.128.2.18:3000,tgis-bam,fmaas-monitoring,llama3-mig3g-40gb,openshift-user-workload-monitoring/user-workload,0.999,tgis-bam,7294.675844341036
2024-05-20 15:15:09.285000086,tgi_batch_next_tokens,http,10.128.2.18:3000,tgis-bam,fmaas-monitoring,llama3-mig3g-40gb,openshift-user-workload-monitoring/user-workload,0.999,tgis-bam,7294.675844341036
2024-05-20 15:15:14.285000086,tgi_batch_next_tokens,http,10.128.2.18:3000,tgis-bam,fmaas-monitoring,llama3-mig3g-40gb,openshift-user-workload-monitoring/user-workload,0.999,tgis-bam,7294.675844341036
2024-05-20 15:15:19.285000086,tgi_batch_next_tokens,http,10.128.2.18:3000,tgis-bam,fmaas-monitoring,llama3-mig3g-40gb,openshift-user-workload-monitoring/user-workload,0.999,tgis-bam,7294.675844341036
2024-05-20 15:15:24.285000086,tgi_batch_next_tokens,http,10.128.2.18:3000,tgis-bam,fmaas-monitoring,llama3-mig3g-40gb,openshift-user-workload-monitoring/user-workload,0.999,tgis-bam,7294.675844341036
2024-05-20 15:15:29.285000086,tgi_batch_next_tokens,http,10.128.2.18:3000,tgis-bam,fmaas-monitoring,llama3-mig3g-40gb,openshift-user-workload-monitoring/user-workload,0.999,tgis-bam,1695.1050932077665
2024-05-20 15:15:34.285000086,tgi_batch_next_tokens,http,10.128.2.18:3000,tgis-bam,fmaas-monitoring,llama3-mig3g-40gb,openshift-user-workload-monitoring/user-workload,0.999,tgis-bam,5750.833178235392
2024-05-20 15:15:39.285000086,tgi_batch_next_tokens,http,10.128.2.18:3000,tgis-bam,fmaas-monitoring,llama3-mig3g-40gb,openshift-user-workload-monitoring/user-workload,0.999,tgis-bam,5750.833178235392
2024-05-20 15:15:44.285000086,tgi_batch_next_tokens,http,10.128.2.18:3000,tgis-bam,fmaas-monitoring,llama3-mig3g-40gb,openshift-user-workload-monitoring/user-workload,0.999,tgis-bam,5750.833178235392
2024-05-20 15:15:49.352999926,tgi_batch_next_tokens,http,10.128.2.18:3000,tgis-bam,fmaas-monitoring,llama3-mig3g-40gb,openshift-user-workload-monitoring/user-workload,0.999,tgis-bam,5750.833178235392
2024-05-20 15:15:54.285000086,tgi_batch_next_tokens,http,10.128.2.18:3000,tgis-bam,fmaas-monitoring,llama3-mig3g-40gb,openshift-user-workload-monitoring/user-workload,0.999,tgis-bam,6339.150349535239
2024-05-20 15:15:59.285000086,tgi_batch_next_tokens,http,10.128.2.18:3000,tgis-bam,fmaas-monitoring,llama3-mig3g-40gb,openshift-user-workload-monitoring/user-workload,0.999,tgis-bam,6786.563797953485
2024-05-20 15:16:04.285000086,tgi_batch_next_tokens,http,10.128.2.18:3000,tgis-bam,fmaas-monitoring,llama3-mig3g-40gb,openshift-user-workload-monitoring/user-workload,0.999,tgis-bam,6786.563797953485
2024-05-20 15:16:09.285000086,tgi_batch_next_tokens,http,10.128.2.18:3000,tgis-bam,fmaas-monitoring,llama3-mig3g-40gb,openshift-user-workload-monitoring/user-workload,0.999,tgis-bam,6786.563797953485
2024-05-20 15:16:14.285000086,tgi_batch_next_tokens,http,10.128.2.18:3000,tgis-bam,fmaas-monitoring,llama3-mig3g-40gb,openshift-user-workload-monitoring/user-workload,0.999,tgis-bam,6786.563797953485
2024-05-20 15:16:19.285000086,tgi_batch_next_tokens,http,10.128.2.18:3000,tgis-bam,fmaas-monitoring,llama3-mig3g-40gb,openshift-user-workload-monitoring/user-workload,0.999,tgis-bam,6786.563797953485
2024-05-20 15:16:24.285000086,tgi_batch_next_tokens,http,10.128.2.18:3000,tgis-bam,fmaas-monitoring,llama3-mig3g-40gb,openshift-user-workload-monitoring/user-workload,0.999,tgis-bam,6786.563797953485
2024-05-20 15:16:29.285000086,tgi_batch_next_tokens,http,10.128.2.18:3000,tgis-bam,fmaas-monitoring,llama3-mig3g-40gb,openshift-user-workload-monitoring/user-workload,0.999,tgis-bam,6339.150349535239
2024-05-20 15:16:34.285000086,tgi_batch_next_tokens,http,10.128.2.18:3000,tgis-bam,fmaas-monitoring,llama3-mig3g-40gb,openshift-user-workload-monitoring/user-workload,0.999,tgis-bam,6786.563797953485
2024-05-20 15:16:39.285000086,tgi_batch_next_tokens,http,10.128.2.18:3000,tgis-bam,fmaas-monitoring,llama3-mig3g-40gb,openshift-user-workload-monitoring/user-workload,0.999,tgis-bam,7495.814107667275
2024-05-20 15:16:44.285000086,tgi_batch_next_tokens,http,10.128.2.18:3000,tgis-bam,fmaas-monitoring,llama3-mig3g-40gb,openshift-user-workload-monitoring/user-workload,0.999,tgis-bam,7495.814107667275
2024-05-20 15:16:49.285000086,tgi_batch_next_tokens,http,10.128.2.18:3000,tgis-bam,fmaas-monitoring,llama3-mig3g-40gb,openshift-user-workload-monitoring/user-workload,0.999,tgis-bam,7495.814107667275
2024-05-20 15:16:54.285000086,tgi_batch_next_tokens,http,10.128.2.18:3000,tgis-bam,fmaas-monitoring,llama3-mig3g-40gb,openshift-user-workload-monitoring/user-workload,0.999,tgis-bam,7495.814107667275
2024-05-20 15:16:59.285000086,tgi_batch_next_tokens,http,10.128.2.18:3000,tgis-bam,fmaas-monitoring,llama3-mig3g-40gb,openshift-user-workload-monitoring/user-workload,0.999,tgis-bam,7495.814107667275
2024-05-20 15:17:04.285000086,tgi_batch_next_tokens,http,10.128.2.18:3000,tgis-bam,fmaas-monitoring,llama3-mig3g-40gb,openshift-user-workload-monitoring/user-workload,0.999,tgis-bam,7495.814107667275
2024-05-20 15:17:09.285000086,tgi_batch_next_tokens,http,10.128.2.18:3000,tgis-bam,fmaas-monitoring,llama3-mig3g-40gb,openshift-user-workload-monitoring/user-workload,0.999,tgis-bam,7495.814107667275
2024-05-20 15:17:14.285000086,tgi_batch_next_tokens,http,10.128.2.18:3000,tgis-bam,fmaas-monitoring,llama3-mig3g-40gb,openshift-user-workload-monitoring/user-workload,0.999,tgis-bam,7495.814107667275
2024-05-20 15:17:19.285000086,tgi_batch_next_tokens,http,10.128.2.18:3000,tgis-bam,fmaas-monitoring,llama3-mig3g-40gb,openshift-user-workload-monitoring/user-workload,0.999,tgis-bam,7495.814107667275
2024-05-20 15:17:24.285000086,tgi_batch_next_tokens,http,10.128.2.18:3000,tgis-bam,fmaas-monitoring,llama3-mig3g-40gb,openshift-user-workload-monitoring/user-workload,0.999,tgis-bam,7495.814107667275
2024-05-20 15:17:29.296999931,tgi_batch_next_tokens,http,10.128.2.18:3000,tgis-bam,fmaas-monitoring,llama3-mig3g-40gb,openshift-user-workload-monitoring/user-workload,0.999,tgis-bam,4207.820189261125
2024-05-20 15:17:34.285000086,tgi_batch_next_tokens,http,10.128.2.18:3000,tgis-bam,fmaas-monitoring,llama3-mig3g-40gb,openshift-user-workload-monitoring/user-workload,0.999,tgis-bam,4207.820189261125
2024-05-20 15:17:39.285000086,tgi_batch_next_tokens,http,10.128.2.18:3000,tgis-bam,fmaas-monitoring,llama3-mig3g-40gb,openshift-user-workload-monitoring/user-workload,0.999,tgis-bam,5457.248607462031
2024-05-20 15:17:44.285000086,tgi_batch_next_tokens,http,10.128.2.18:3000,tgis-bam,fmaas-monitoring,llama3-mig3g-40gb,openshift-user-workload-monitoring/user-workload,0.999,tgis-bam,5529.761823660302
2024-05-20 15:17:49.285000086,tgi_batch_next_tokens,http,10.128.2.18:3000,tgis-bam,fmaas-monitoring,llama3-mig3g-40gb,openshift-user-workload-monitoring/user-workload,0.999,tgis-bam,5529.761823660302
2024-05-20 15:17:54.285000086,tgi_batch_next_tokens,http,10.128.2.18:3000,tgis-bam,fmaas-monitoring,llama3-mig3g-40gb,openshift-user-workload-monitoring/user-workload,0.999,tgis-bam,5940.2115367199185
2024-05-20 15:17:59.285000086,tgi_batch_next_tokens,http,10.128.2.18:3000,tgis-bam,fmaas-monitoring,llama3-mig3g-40gb,openshift-user-workload-monitoring/user-workload,0.999,tgis-bam,5940.2115367199185
2024-05-20 15:18:04.285000086,tgi_batch_next_tokens,http,10.128.2.18:3000,tgis-bam,fmaas-monitoring,llama3-mig3g-40gb,openshift-user-workload-monitoring/user-workload,0.999,tgis-bam,5940.2115367199185
2024-05-20 15:18:09.285000086,tgi_batch_next_tokens,http,10.128.2.18:3000,tgis-bam,fmaas-monitoring,llama3-mig3g-40gb,openshift-user-workload-monitoring/user-workload,0.999,tgis-bam,5940.2115367199185
2024-05-20 15:18:14.285000086,tgi_batch_next_tokens,http,10.128.2.18:3000,tgis-bam,fmaas-monitoring,llama3-mig3g-40gb,openshift-user-workload-monitoring/user-workload,0.999,tgis-bam,5940.2115367199185
2024-05-20 15:18:19.285000086,tgi_batch_next_tokens,http,10.128.2.18:3000,tgis-bam,fmaas-monitoring,llama3-mig3g-40gb,openshift-user-workload-monitoring/user-workload,0.999,tgis-bam,5940.2115367199185
2024-05-20 15:18:24.285000086,tgi_batch_next_tokens,http,10.128.2.18:3000,tgis-bam,fmaas-monitoring,llama3-mig3g-40gb,openshift-user-workload-monitoring/user-workload,0.999,tgis-bam,5940.2115367199185
2024-05-20 15:18:29.285000086,tgi_batch_next_tokens,http,10.128.2.18:3000,tgis-bam,fmaas-monitoring,llama3-mig3g-40gb,openshift-user-workload-monitoring/user-workload,0.999,tgis-bam,5539.724358567631
2024-05-20 15:18:34.285000086,tgi_batch_next_tokens,http,10.128.2.18:3000,tgis-bam,fmaas-monitoring,llama3-mig3g-40gb,openshift-user-workload-monitoring/user-workload,0.999,tgis-bam,5539.724358567631
2024-05-20 15:18:39.285000086,tgi_batch_next_tokens,http,10.128.2.18:3000,tgis-bam,fmaas-monitoring,llama3-mig3g-40gb,openshift-user-workload-monitoring/user-workload,0.999,tgis-bam,5539.724358567631
2024-05-20 15:18:44.285000086,tgi_batch_next_tokens,http,10.128.2.18:3000,tgis-bam,fmaas-monitoring,llama3-mig3g-40gb,openshift-user-workload-monitoring/user-workload,0.999,tgis-bam,5677.691617919575
2024-05-20 15:18:49.285000086,tgi_batch_next_tokens,http,10.128.2.18:3000,tgis-bam,fmaas-monitoring,llama3-mig3g-40gb,openshift-user-workload-monitoring/user-workload,0.999,tgis-bam,5677.691617919575
2024-05-20 15:18:54.285000086,tgi_batch_next_tokens,http,10.128.2.18:3000,tgis-bam,fmaas-monitoring,llama3-mig3g-40gb,openshift-user-workload-monitoring/user-workload,0.999,tgis-bam,6770.295574461104
2024-05-20 15:18:59.285000086,tgi_batch_next_tokens,http,10.128.2.18:3000,tgis-bam,fmaas-monitoring,llama3-mig3g-40gb,openshift-user-workload-monitoring/user-workload,0.999,tgis-bam,8970.529876116654
2024-05-20 15:19:04.285000086,tgi_batch_next_tokens,http,10.128.2.18:3000,tgis-bam,fmaas-monitoring,llama3-mig3g-40gb,openshift-user-workload-monitoring/user-workload,0.999,tgis-bam,8970.529876116654
2024-05-20 15:19:09.285000086,tgi_batch_next_tokens,http,10.128.2.18:3000,tgis-bam,fmaas-monitoring,llama3-mig3g-40gb,openshift-user-workload-monitoring/user-workload,0.999,tgis-bam,8970.529876116654
2024-05-20 15:19:14.285000086,tgi_batch_next_tokens,http,10.128.2.18:3000,tgis-bam,fmaas-monitoring,llama3-mig3g-40gb,openshift-user-workload-monitoring/user-workload,0.999,tgis-bam,8970.529876116654
2024-05-20 15:19:19.285000086,tgi_batch_next_tokens,http,10.128.2.18:3000,tgis-bam,fmaas-monitoring,llama3-mig3g-40gb,openshift-user-workload-monitoring/user-workload,0.999,tgis-bam,8970.529876116654
2024-05-20 15:19:24.285000086,tgi_batch_next_tokens,http,10.128.2.18:3000,tgis-bam,fmaas-monitoring,llama3-mig3g-40gb,openshift-user-workload-monitoring/user-workload,0.999,tgis-bam,8970.529876116654
2024-05-20 15:19:29.285000086,tgi_batch_next_tokens,http,10.128.2.18:3000,tgis-bam,fmaas-monitoring,llama3-mig3g-40gb,openshift-user-workload-monitoring/user-workload,0.999,tgis-bam,6770.295574461104
2024-05-20 15:19:34.285000086,tgi_batch_next_tokens,http,10.128.2.18:3000,tgis-bam,fmaas-monitoring,llama3-mig3g-40gb,openshift-user-workload-monitoring/user-workload,0.999,tgis-bam,6770.295574461104
2024-05-20 15:19:39.285000086,tgi_batch_next_tokens,http,10.128.2.18:3000,tgis-bam,fmaas-monitoring,llama3-mig3g-40gb,openshift-user-workload-monitoring/user-workload,0.999,tgis-bam,6770.295574461104
2024-05-20 15:19:44.302000046,tgi_batch_next_tokens,http,10.128.2.18:3000,tgis-bam,fmaas-monitoring,llama3-mig3g-40gb,openshift-user-workload-monitoring/user-workload,0.999,tgis-bam,6770.295574461104
2024-05-20 15:19:49.285000086,tgi_batch_next_tokens,http,10.128.2.18:3000,tgis-bam,fmaas-monitoring,llama3-mig3g-40gb,openshift-user-workload-monitoring/user-workload,0.999,tgis-bam,6763.528662883782
2024-05-20 15:19:54.285000086,tgi_batch_next_tokens,http,10.128.2.18:3000,tgis-bam,fmaas-monitoring,llama3-mig3g-40gb,openshift-user-workload-monitoring/user-workload,0.999,tgis-bam,6763.528662883782
2024-05-20 15:19:59.285000086,tgi_batch_next_tokens,http,10.128.2.18:3000,tgis-bam,fmaas-monitoring,llama3-mig3g-40gb,openshift-user-workload-monitoring/user-workload,0.999,tgis-bam,6763.528662883782
2024-05-20 15:20:04.285000086,tgi_batch_next_tokens,http,10.128.2.18:3000,tgis-bam,fmaas-monitoring,llama3-mig3g-40gb,openshift-user-workload-monitoring/user-workload,0.999,tgis-bam,8565.519178300056
2024-05-20 15:20:09.285000086,tgi_batch_next_tokens,http,10.128.2.18:3000,tgis-bam,fmaas-monitoring,llama3-mig3g-40gb,openshift-user-workload-monitoring/user-workload,0.999,tgis-bam,8565.519178300056
2024-05-20 15:20:14.285000086,tgi_batch_next_tokens,http,10.128.2.18:3000,tgis-bam,fmaas-monitoring,llama3-mig3g-40gb,openshift-user-workload-monitoring/user-workload,0.999,tgis-bam,8565.519178300056
2024-05-20 15:20:19.285000086,tgi_batch_next_tokens,http,10.128.2.18:3000,tgis-bam,fmaas-monitoring,llama3-mig3g-40gb,openshift-user-workload-monitoring/user-workload,0.999,tgis-bam,8565.519178300056
2024-05-20 15:20:24.285000086,tgi_batch_next_tokens,http,10.128.2.18:3000,tgis-bam,fmaas-monitoring,llama3-mig3g-40gb,openshift-user-workload-monitoring/user-workload,0.999,tgis-bam,8565.519178300056
2024-05-20 15:20:29.285000086,tgi_batch_next_tokens,http,10.128.2.18:3000,tgis-bam,fmaas-monitoring,llama3-mig3g-40gb,openshift-user-workload-monitoring/user-workload,0.999,tgis-bam,7580.23912352237
2024-05-20 15:20:34.285000086,tgi_batch_next_tokens,http,10.128.2.18:3000,tgis-bam,fmaas-monitoring,llama3-mig3g-40gb,openshift-user-workload-monitoring/user-workload,0.999,tgis-bam,7580.23912352237
2024-05-20 15:20:39.285000086,tgi_batch_next_tokens,http,10.128.2.18:3000,tgis-bam,fmaas-monitoring,llama3-mig3g-40gb,openshift-user-workload-monitoring/user-workload,0.999,tgis-bam,7580.23912352237
2024-05-20 15:20:44.285000086,tgi_batch_next_tokens,http,10.128.2.18:3000,tgis-bam,fmaas-monitoring,llama3-mig3g-40gb,openshift-user-workload-monitoring/user-workload,0.999,tgis-bam,7580.23912352237
2024-05-20 15:20:49.285000086,tgi_batch_next_tokens,http,10.128.2.18:3000,tgis-bam,fmaas-monitoring,llama3-mig3g-40gb,openshift-user-workload-monitoring/user-workload,0.999,tgis-bam,2935.109446291058
2024-05-20 15:20:54.285000086,tgi_batch_next_tokens,http,10.128.2.18:3000,tgis-bam,fmaas-monitoring,llama3-mig3g-40gb,openshift-user-workload-monitoring/user-workload,0.999,tgis-bam,5166.237898971058
2024-05-20 15:20:59.309000015,tgi_batch_next_tokens,http,10.128.2.18:3000,tgis-bam,fmaas-monitoring,llama3-mig3g-40gb,openshift-user-workload-monitoring/user-workload,0.999,tgis-bam,5571.948118524719
2024-05-20 15:21:04.285000086,tgi_batch_next_tokens,http,10.128.2.18:3000,tgis-bam,fmaas-monitoring,llama3-mig3g-40gb,openshift-user-workload-monitoring/user-workload,0.999,tgis-bam,5571.948118524719
2024-05-20 15:21:09.285000086,tgi_batch_next_tokens,http,10.128.2.18:3000,tgis-bam,fmaas-monitoring,llama3-mig3g-40gb,openshift-user-workload-monitoring/user-workload,0.999,tgis-bam,5571.948118524719
2024-05-20 15:21:14.285000086,tgi_batch_next_tokens,http,10.128.2.18:3000,tgis-bam,fmaas-monitoring,llama3-mig3g-40gb,openshift-user-workload-monitoring/user-workload,0.999,tgis-bam,5571.948118524719
2024-05-20 15:21:19.285000086,tgi_batch_next_tokens,http,10.128.2.18:3000,tgis-bam,fmaas-monitoring,llama3-mig3g-40gb,openshift-user-workload-monitoring/user-workload,0.999,tgis-bam,5571.948118524719
2024-05-20 15:21:24.285000086,tgi_batch_next_tokens,http,10.128.2.18:3000,tgis-bam,fmaas-monitoring,llama3-mig3g-40gb,openshift-user-workload-monitoring/user-workload,0.999,tgis-bam,5571.948118524719
2024-05-20 15:21:29.285000086,tgi_batch_next_tokens,http,10.128.2.18:3000,tgis-bam,fmaas-monitoring,llama3-mig3g-40gb,openshift-user-workload-monitoring/user-workload,0.999,tgis-bam,5571.948118524719
2024-05-20 15:21:34.285000086,tgi_batch_next_tokens,http,10.128.2.18:3000,tgis-bam,fmaas-monitoring,llama3-mig3g-40gb,openshift-user-workload-monitoring/user-workload,0.999,tgis-bam,5571.948118524719
2024-05-20 15:21:39.285000086,tgi_batch_next_tokens,http,10.128.2.18:3000,tgis-bam,fmaas-monitoring,llama3-mig3g-40gb,openshift-user-workload-monitoring/user-workload,0.999,tgis-bam,5571.948118524719
2024-05-20 15:21:44.285000086,tgi_batch_next_tokens,http,10.128.2.18:3000,tgis-bam,fmaas-monitoring,llama3-mig3g-40gb,openshift-user-workload-monitoring/user-workload,0.999,tgis-bam,6532.206219744824
2024-05-20 15:21:49.285000086,tgi_batch_next_tokens,http,10.128.2.18:3000,tgis-bam,fmaas-monitoring,llama3-mig3g-40gb,openshift-user-workload-monitoring/user-workload,0.999,tgis-bam,5999.911655379252
2024-05-20 15:21:54.285000086,tgi_batch_next_tokens,http,10.128.2.18:3000,tgis-bam,fmaas-monitoring,llama3-mig3g-40gb,openshift-user-workload-monitoring/user-workload,0.999,tgis-bam,6276.074749459142
2024-05-20 15:21:59.301000118,tgi_batch_next_tokens,http,10.128.2.18:3000,tgis-bam,fmaas-monitoring,llama3-mig3g-40gb,openshift-user-workload-monitoring/user-workload,0.999,tgis-bam,6276.074749459142
2024-05-20 15:22:04.285000086,tgi_batch_next_tokens,http,10.128.2.18:3000,tgis-bam,fmaas-monitoring,llama3-mig3g-40gb,openshift-user-workload-monitoring/user-workload,0.999,tgis-bam,6276.074749459142
2024-05-20 15:22:09.285000086,tgi_batch_next_tokens,http,10.128.2.18:3000,tgis-bam,fmaas-monitoring,llama3-mig3g-40gb,openshift-user-workload-monitoring/user-workload,0.999,tgis-bam,6276.074749459142
2024-05-20 15:22:14.285000086,tgi_batch_next_tokens,http,10.128.2.18:3000,tgis-bam,fmaas-monitoring,llama3-mig3g-40gb,openshift-user-workload-monitoring/user-workload,0.999,tgis-bam,6276.074749459142
2024-05-20 15:22:19.285000086,tgi_batch_next_tokens,http,10.128.2.18:3000,tgis-bam,fmaas-monitoring,llama3-mig3g-40gb,openshift-user-workload-monitoring/user-workload,0.999,tgis-bam,6276.074749459142
2024-05-20 15:22:24.285000086,tgi_batch_next_tokens,http,10.128.2.18:3000,tgis-bam,fmaas-monitoring,llama3-mig3g-40gb,openshift-user-workload-monitoring/user-workload,0.999,tgis-bam,6276.074749459142
2024-05-20 15:22:29.285000086,tgi_batch_next_tokens,http,10.128.2.18:3000,tgis-bam,fmaas-monitoring,llama3-mig3g-40gb,openshift-user-workload-monitoring/user-workload,0.999,tgis-bam,6227.311789024472
2024-05-20 15:22:34.285000086,tgi_batch_next_tokens,http,10.128.2.18:3000,tgis-bam,fmaas-monitoring,llama3-mig3g-40gb,openshift-user-workload-monitoring/user-workload,0.999,tgis-bam,6227.311789024472
2024-05-20 15:22:39.308000088,tgi_batch_next_tokens,http,10.128.2.18:3000,tgis-bam,fmaas-monitoring,llama3-mig3g-40gb,openshift-user-workload-monitoring/user-workload,0.999,tgis-bam,6227.311789024472
2024-05-20 15:22:44.285000086,tgi_batch_next_tokens,http,10.128.2.18:3000,tgis-bam,fmaas-monitoring,llama3-mig3g-40gb,openshift-user-workload-monitoring/user-workload,0.999,tgis-bam,6227.311789024472
2024-05-20 15:22:49.285000086,tgi_batch_next_tokens,http,10.128.2.18:3000,tgis-bam,fmaas-monitoring,llama3-mig3g-40gb,openshift-user-workload-monitoring/user-workload,0.999,tgis-bam,6236.036131172716
2024-05-20 15:22:54.285000086,tgi_batch_next_tokens,http,10.128.2.18:3000,tgis-bam,fmaas-monitoring,llama3-mig3g-40gb,openshift-user-workload-monitoring/user-workload,0.999,tgis-bam,6236.036131172716
2024-05-20 15:22:59.285000086,tgi_batch_next_tokens,http,10.128.2.18:3000,tgis-bam,fmaas-monitoring,llama3-mig3g-40gb,openshift-user-workload-monitoring/user-workload,0.999,tgis-bam,6287.381857390077
2024-05-20 15:23:04.285000086,tgi_batch_next_tokens,http,10.128.2.18:3000,tgis-bam,fmaas-monitoring,llama3-mig3g-40gb,openshift-user-workload-monitoring/user-workload,0.999,tgis-bam,6287.381857390077
2024-05-20 15:23:09.285000086,tgi_batch_next_tokens,http,10.128.2.18:3000,tgis-bam,fmaas-monitoring,llama3-mig3g-40gb,openshift-user-workload-monitoring/user-workload,0.999,tgis-bam,6287.381857390077
2024-05-20 15:23:14.285000086,tgi_batch_next_tokens,http,10.128.2.18:3000,tgis-bam,fmaas-monitoring,llama3-mig3g-40gb,openshift-user-workload-monitoring/user-workload,0.999,tgis-bam,6287.381857390077
2024-05-20 15:23:19.326999903,tgi_batch_next_tokens,http,10.128.2.18:3000,tgis-bam,fmaas-monitoring,llama3-mig3g-40gb,openshift-user-workload-monitoring/user-workload,0.999,tgis-bam,6287.381857390077
2024-05-20 15:23:24.285000086,tgi_batch_next_tokens,http,10.128.2.18:3000,tgis-bam,fmaas-monitoring,llama3-mig3g-40gb,openshift-user-workload-monitoring/user-workload,0.999,tgis-bam,6287.381857390077
2024-05-20 15:13:29.285000086,tgi_batch_next_tokens,http,10.128.2.18:3000,tgis-bam,fmaas-monitoring,llama3-mig3g-40gb,openshift-user-workload-monitoring/user-workload,1,tgis-bam,4904.0
2024-05-20 15:13:34.285000086,tgi_batch_next_tokens,http,10.128.2.18:3000,tgis-bam,fmaas-monitoring,llama3-mig3g-40gb,openshift-user-workload-monitoring/user-workload,1,tgis-bam,4904.0
2024-05-20 15:13:39.285000086,tgi_batch_next_tokens,http,10.128.2.18:3000,tgis-bam,fmaas-monitoring,llama3-mig3g-40gb,openshift-user-workload-monitoring/user-workload,1,tgis-bam,5124.0
2024-05-20 15:13:44.285000086,tgi_batch_next_tokens,http,10.128.2.18:3000,tgis-bam,fmaas-monitoring,llama3-mig3g-40gb,openshift-user-workload-monitoring/user-workload,1,tgis-bam,5124.0
2024-05-20 15:13:49.285000086,tgi_batch_next_tokens,http,10.128.2.18:3000,tgis-bam,fmaas-monitoring,llama3-mig3g-40gb,openshift-user-workload-monitoring/user-workload,1,tgis-bam,6549.0
2024-05-20 15:13:54.285000086,tgi_batch_next_tokens,http,10.128.2.18:3000,tgis-bam,fmaas-monitoring,llama3-mig3g-40gb,openshift-user-workload-monitoring/user-workload,1,tgis-bam,6600.0
2024-05-20 15:13:59.285000086,tgi_batch_next_tokens,http,10.128.2.18:3000,tgis-bam,fmaas-monitoring,llama3-mig3g-40gb,openshift-user-workload-monitoring/user-workload,1,tgis-bam,6600.0
2024-05-20 15:14:04.285000086,tgi_batch_next_tokens,http,10.128.2.18:3000,tgis-bam,fmaas-monitoring,llama3-mig3g-40gb,openshift-user-workload-monitoring/user-workload,1,tgis-bam,7910.0
2024-05-20 15:14:09.285000086,tgi_batch_next_tokens,http,10.128.2.18:3000,tgis-bam,fmaas-monitoring,llama3-mig3g-40gb,openshift-user-workload-monitoring/user-workload,1,tgis-bam,7910.0
2024-05-20 15:14:14.285000086,tgi_batch_next_tokens,http,10.128.2.18:3000,tgis-bam,fmaas-monitoring,llama3-mig3g-40gb,openshift-user-workload-monitoring/user-workload,1,tgis-bam,7910.0
2024-05-20 15:14:19.285000086,tgi_batch_next_tokens,http,10.128.2.18:3000,tgis-bam,fmaas-monitoring,llama3-mig3g-40gb,openshift-user-workload-monitoring/user-workload,1,tgis-bam,7910.0
2024-05-20 15:14:24.285000086,tgi_batch_next_tokens,http,10.128.2.18:3000,tgis-bam,fmaas-monitoring,llama3-mig3g-40gb,openshift-user-workload-monitoring/user-workload,1,tgis-bam,7910.0
2024-05-20 15:14:29.285000086,tgi_batch_next_tokens,http,10.128.2.18:3000,tgis-bam,fmaas-monitoring,llama3-mig3g-40gb,openshift-user-workload-monitoring/user-workload,1,tgis-bam,7910.0
2024-05-20 15:14:34.285000086,tgi_batch_next_tokens,http,10.128.2.18:3000,tgis-bam,fmaas-monitoring,llama3-mig3g-40gb,openshift-user-workload-monitoring/user-workload,1,tgis-bam,7910.0
2024-05-20 15:14:39.285000086,tgi_batch_next_tokens,http,10.128.2.18:3000,tgis-bam,fmaas-monitoring,llama3-mig3g-40gb,openshift-user-workload-monitoring/user-workload,1,tgis-bam,7910.0
2024-05-20 15:14:44.285000086,tgi_batch_next_tokens,http,10.128.2.18:3000,tgis-bam,fmaas-monitoring,llama3-mig3g-40gb,openshift-user-workload-monitoring/user-workload,1,tgis-bam,7910.0
2024-05-20 15:14:49.295000076,tgi_batch_next_tokens,http,10.128.2.18:3000,tgis-bam,fmaas-monitoring,llama3-mig3g-40gb,openshift-user-workload-monitoring/user-workload,1,tgis-bam,7294.0
2024-05-20 15:14:54.285000086,tgi_batch_next_tokens,http,10.128.2.18:3000,tgis-bam,fmaas-monitoring,llama3-mig3g-40gb,openshift-user-workload-monitoring/user-workload,1,tgis-bam,11126.0
2024-05-20 15:14:59.285000086,tgi_batch_next_tokens,http,10.128.2.18:3000,tgis-bam,fmaas-monitoring,llama3-mig3g-40gb,openshift-user-workload-monitoring/user-workload,1,tgis-bam,11126.0
2024-05-20 15:15:04.285000086,tgi_batch_next_tokens,http,10.128.2.18:3000,tgis-bam,fmaas-monitoring,llama3-mig3g-40gb,openshift-user-workload-monitoring/user-workload,1,tgis-bam,11126.0
2024-05-20 15:15:09.285000086,tgi_batch_next_tokens,http,10.128.2.18:3000,tgis-bam,fmaas-monitoring,llama3-mig3g-40gb,openshift-user-workload-monitoring/user-workload,1,tgis-bam,11126.0
2024-05-20 15:15:14.285000086,tgi_batch_next_tokens,http,10.128.2.18:3000,tgis-bam,fmaas-monitoring,llama3-mig3g-40gb,openshift-user-workload-monitoring/user-workload,1,tgis-bam,11126.0
2024-05-20 15:15:19.285000086,tgi_batch_next_tokens,http,10.128.2.18:3000,tgis-bam,fmaas-monitoring,llama3-mig3g-40gb,openshift-user-workload-monitoring/user-workload,1,tgis-bam,11126.0
2024-05-20 15:15:24.285000086,tgi_batch_next_tokens,http,10.128.2.18:3000,tgis-bam,fmaas-monitoring,llama3-mig3g-40gb,openshift-user-workload-monitoring/user-workload,1,tgis-bam,11126.0
2024-05-20 15:15:29.285000086,tgi_batch_next_tokens,http,10.128.2.18:3000,tgis-bam,fmaas-monitoring,llama3-mig3g-40gb,openshift-user-workload-monitoring/user-workload,1,tgis-bam,11126.0
2024-05-20 15:15:34.285000086,tgi_batch_next_tokens,http,10.128.2.18:3000,tgis-bam,fmaas-monitoring,llama3-mig3g-40gb,openshift-user-workload-monitoring/user-workload,1,tgis-bam,11126.0
2024-05-20 15:15:39.285000086,tgi_batch_next_tokens,http,10.128.2.18:3000,tgis-bam,fmaas-monitoring,llama3-mig3g-40gb,openshift-user-workload-monitoring/user-workload,1,tgis-bam,11126.0
2024-05-20 15:15:44.285000086,tgi_batch_next_tokens,http,10.128.2.18:3000,tgis-bam,fmaas-monitoring,llama3-mig3g-40gb,openshift-user-workload-monitoring/user-workload,1,tgis-bam,11126.0
2024-05-20 15:15:49.352999926,tgi_batch_next_tokens,http,10.128.2.18:3000,tgis-bam,fmaas-monitoring,llama3-mig3g-40gb,openshift-user-workload-monitoring/user-workload,1,tgis-bam,9900.0
2024-05-20 15:15:54.285000086,tgi_batch_next_tokens,http,10.128.2.18:3000,tgis-bam,fmaas-monitoring,llama3-mig3g-40gb,openshift-user-workload-monitoring/user-workload,1,tgis-bam,9900.0
2024-05-20 15:15:59.285000086,tgi_batch_next_tokens,http,10.128.2.18:3000,tgis-bam,fmaas-monitoring,llama3-mig3g-40gb,openshift-user-workload-monitoring/user-workload,1,tgis-bam,9900.0
2024-05-20 15:16:04.285000086,tgi_batch_next_tokens,http,10.128.2.18:3000,tgis-bam,fmaas-monitoring,llama3-mig3g-40gb,openshift-user-workload-monitoring/user-workload,1,tgis-bam,9900.0
2024-05-20 15:16:09.285000086,tgi_batch_next_tokens,http,10.128.2.18:3000,tgis-bam,fmaas-monitoring,llama3-mig3g-40gb,openshift-user-workload-monitoring/user-workload,1,tgis-bam,9900.0
2024-05-20 15:16:14.285000086,tgi_batch_next_tokens,http,10.128.2.18:3000,tgis-bam,fmaas-monitoring,llama3-mig3g-40gb,openshift-user-workload-monitoring/user-workload,1,tgis-bam,9900.0
2024-05-20 15:16:19.285000086,tgi_batch_next_tokens,http,10.128.2.18:3000,tgis-bam,fmaas-monitoring,llama3-mig3g-40gb,openshift-user-workload-monitoring/user-workload,1,tgis-bam,9900.0
2024-05-20 15:16:24.285000086,tgi_batch_next_tokens,http,10.128.2.18:3000,tgis-bam,fmaas-monitoring,llama3-mig3g-40gb,openshift-user-workload-monitoring/user-workload,1,tgis-bam,9900.0
2024-05-20 15:16:29.285000086,tgi_batch_next_tokens,http,10.128.2.18:3000,tgis-bam,fmaas-monitoring,llama3-mig3g-40gb,openshift-user-workload-monitoring/user-workload,1,tgis-bam,6786.0
2024-05-20 15:16:34.285000086,tgi_batch_next_tokens,http,10.128.2.18:3000,tgis-bam,fmaas-monitoring,llama3-mig3g-40gb,openshift-user-workload-monitoring/user-workload,1,tgis-bam,7496.0
2024-05-20 15:16:39.285000086,tgi_batch_next_tokens,http,10.128.2.18:3000,tgis-bam,fmaas-monitoring,llama3-mig3g-40gb,openshift-user-workload-monitoring/user-workload,1,tgis-bam,8436.0
2024-05-20 15:16:44.285000086,tgi_batch_next_tokens,http,10.128.2.18:3000,tgis-bam,fmaas-monitoring,llama3-mig3g-40gb,openshift-user-workload-monitoring/user-workload,1,tgis-bam,8436.0
2024-05-20 15:16:49.285000086,tgi_batch_next_tokens,http,10.128.2.18:3000,tgis-bam,fmaas-monitoring,llama3-mig3g-40gb,openshift-user-workload-monitoring/user-workload,1,tgis-bam,8436.0
2024-05-20 15:16:54.285000086,tgi_batch_next_tokens,http,10.128.2.18:3000,tgis-bam,fmaas-monitoring,llama3-mig3g-40gb,openshift-user-workload-monitoring/user-workload,1,tgis-bam,8436.0
2024-05-20 15:16:59.285000086,tgi_batch_next_tokens,http,10.128.2.18:3000,tgis-bam,fmaas-monitoring,llama3-mig3g-40gb,openshift-user-workload-monitoring/user-workload,1,tgis-bam,8436.0
2024-05-20 15:17:04.285000086,tgi_batch_next_tokens,http,10.128.2.18:3000,tgis-bam,fmaas-monitoring,llama3-mig3g-40gb,openshift-user-workload-monitoring/user-workload,1,tgis-bam,8436.0
2024-05-20 15:17:09.285000086,tgi_batch_next_tokens,http,10.128.2.18:3000,tgis-bam,fmaas-monitoring,llama3-mig3g-40gb,openshift-user-workload-monitoring/user-workload,1,tgis-bam,8436.0
2024-05-20 15:17:14.285000086,tgi_batch_next_tokens,http,10.128.2.18:3000,tgis-bam,fmaas-monitoring,llama3-mig3g-40gb,openshift-user-workload-monitoring/user-workload,1,tgis-bam,8436.0
2024-05-20 15:17:19.285000086,tgi_batch_next_tokens,http,10.128.2.18:3000,tgis-bam,fmaas-monitoring,llama3-mig3g-40gb,openshift-user-workload-monitoring/user-workload,1,tgis-bam,8436.0
2024-05-20 15:17:24.285000086,tgi_batch_next_tokens,http,10.128.2.18:3000,tgis-bam,fmaas-monitoring,llama3-mig3g-40gb,openshift-user-workload-monitoring/user-workload,1,tgis-bam,8436.0
2024-05-20 15:17:29.296999931,tgi_batch_next_tokens,http,10.128.2.18:3000,tgis-bam,fmaas-monitoring,llama3-mig3g-40gb,openshift-user-workload-monitoring/user-workload,1,tgis-bam,5457.0
2024-05-20 15:17:34.285000086,tgi_batch_next_tokens,http,10.128.2.18:3000,tgis-bam,fmaas-monitoring,llama3-mig3g-40gb,openshift-user-workload-monitoring/user-workload,1,tgis-bam,5457.0
2024-05-20 15:17:39.285000086,tgi_batch_next_tokens,http,10.128.2.18:3000,tgis-bam,fmaas-monitoring,llama3-mig3g-40gb,openshift-user-workload-monitoring/user-workload,1,tgis-bam,9252.0
2024-05-20 15:17:44.285000086,tgi_batch_next_tokens,http,10.128.2.18:3000,tgis-bam,fmaas-monitoring,llama3-mig3g-40gb,openshift-user-workload-monitoring/user-workload,1,tgis-bam,9252.0
2024-05-20 15:17:49.285000086,tgi_batch_next_tokens,http,10.128.2.18:3000,tgis-bam,fmaas-monitoring,llama3-mig3g-40gb,openshift-user-workload-monitoring/user-workload,1,tgis-bam,9252.0
2024-05-20 15:17:54.285000086,tgi_batch_next_tokens,http,10.128.2.18:3000,tgis-bam,fmaas-monitoring,llama3-mig3g-40gb,openshift-user-workload-monitoring/user-workload,1,tgis-bam,9252.0
2024-05-20 15:17:59.285000086,tgi_batch_next_tokens,http,10.128.2.18:3000,tgis-bam,fmaas-monitoring,llama3-mig3g-40gb,openshift-user-workload-monitoring/user-workload,1,tgis-bam,9252.0
2024-05-20 15:18:04.285000086,tgi_batch_next_tokens,http,10.128.2.18:3000,tgis-bam,fmaas-monitoring,llama3-mig3g-40gb,openshift-user-workload-monitoring/user-workload,1,tgis-bam,9252.0
2024-05-20 15:18:09.285000086,tgi_batch_next_tokens,http,10.128.2.18:3000,tgis-bam,fmaas-monitoring,llama3-mig3g-40gb,openshift-user-workload-monitoring/user-workload,1,tgis-bam,9252.0
2024-05-20 15:18:14.285000086,tgi_batch_next_tokens,http,10.128.2.18:3000,tgis-bam,fmaas-monitoring,llama3-mig3g-40gb,openshift-user-workload-monitoring/user-workload,1,tgis-bam,9252.0
2024-05-20 15:18:19.285000086,tgi_batch_next_tokens,http,10.128.2.18:3000,tgis-bam,fmaas-monitoring,llama3-mig3g-40gb,openshift-user-workload-monitoring/user-workload,1,tgis-bam,9252.0
2024-05-20 15:18:24.285000086,tgi_batch_next_tokens,http,10.128.2.18:3000,tgis-bam,fmaas-monitoring,llama3-mig3g-40gb,openshift-user-workload-monitoring/user-workload,1,tgis-bam,9252.0
2024-05-20 15:18:29.285000086,tgi_batch_next_tokens,http,10.128.2.18:3000,tgis-bam,fmaas-monitoring,llama3-mig3g-40gb,openshift-user-workload-monitoring/user-workload,1,tgis-bam,5940.0
2024-05-20 15:18:34.285000086,tgi_batch_next_tokens,http,10.128.2.18:3000,tgis-bam,fmaas-monitoring,llama3-mig3g-40gb,openshift-user-workload-monitoring/user-workload,1,tgis-bam,5940.0
2024-05-20 15:18:39.285000086,tgi_batch_next_tokens,http,10.128.2.18:3000,tgis-bam,fmaas-monitoring,llama3-mig3g-40gb,openshift-user-workload-monitoring/user-workload,1,tgis-bam,5940.0
2024-05-20 15:18:44.285000086,tgi_batch_next_tokens,http,10.128.2.18:3000,tgis-bam,fmaas-monitoring,llama3-mig3g-40gb,openshift-user-workload-monitoring/user-workload,1,tgis-bam,5940.0
2024-05-20 15:18:49.285000086,tgi_batch_next_tokens,http,10.128.2.18:3000,tgis-bam,fmaas-monitoring,llama3-mig3g-40gb,openshift-user-workload-monitoring/user-workload,1,tgis-bam,8970.0
2024-05-20 15:18:54.285000086,tgi_batch_next_tokens,http,10.128.2.18:3000,tgis-bam,fmaas-monitoring,llama3-mig3g-40gb,openshift-user-workload-monitoring/user-workload,1,tgis-bam,8970.0
2024-05-20 15:18:59.285000086,tgi_batch_next_tokens,http,10.128.2.18:3000,tgis-bam,fmaas-monitoring,llama3-mig3g-40gb,openshift-user-workload-monitoring/user-workload,1,tgis-bam,10329.0
2024-05-20 15:19:04.285000086,tgi_batch_next_tokens,http,10.128.2.18:3000,tgis-bam,fmaas-monitoring,llama3-mig3g-40gb,openshift-user-workload-monitoring/user-workload,1,tgis-bam,10329.0
2024-05-20 15:19:09.285000086,tgi_batch_next_tokens,http,10.128.2.18:3000,tgis-bam,fmaas-monitoring,llama3-mig3g-40gb,openshift-user-workload-monitoring/user-workload,1,tgis-bam,10329.0
2024-05-20 15:19:14.285000086,tgi_batch_next_tokens,http,10.128.2.18:3000,tgis-bam,fmaas-monitoring,llama3-mig3g-40gb,openshift-user-workload-monitoring/user-workload,1,tgis-bam,10329.0
2024-05-20 15:19:19.285000086,tgi_batch_next_tokens,http,10.128.2.18:3000,tgis-bam,fmaas-monitoring,llama3-mig3g-40gb,openshift-user-workload-monitoring/user-workload,1,tgis-bam,10329.0
2024-05-20 15:19:24.285000086,tgi_batch_next_tokens,http,10.128.2.18:3000,tgis-bam,fmaas-monitoring,llama3-mig3g-40gb,openshift-user-workload-monitoring/user-workload,1,tgis-bam,10329.0
2024-05-20 15:19:29.285000086,tgi_batch_next_tokens,http,10.128.2.18:3000,tgis-bam,fmaas-monitoring,llama3-mig3g-40gb,openshift-user-workload-monitoring/user-workload,1,tgis-bam,10329.0
2024-05-20 15:19:34.285000086,tgi_batch_next_tokens,http,10.128.2.18:3000,tgis-bam,fmaas-monitoring,llama3-mig3g-40gb,openshift-user-workload-monitoring/user-workload,1,tgis-bam,10329.0
2024-05-20 15:19:39.285000086,tgi_batch_next_tokens,http,10.128.2.18:3000,tgis-bam,fmaas-monitoring,llama3-mig3g-40gb,openshift-user-workload-monitoring/user-workload,1,tgis-bam,10329.0
2024-05-20 15:19:44.302000046,tgi_batch_next_tokens,http,10.128.2.18:3000,tgis-bam,fmaas-monitoring,llama3-mig3g-40gb,openshift-user-workload-monitoring/user-workload,1,tgis-bam,10329.0
2024-05-20 15:19:49.285000086,tgi_batch_next_tokens,http,10.128.2.18:3000,tgis-bam,fmaas-monitoring,llama3-mig3g-40gb,openshift-user-workload-monitoring/user-workload,1,tgis-bam,8943.0
2024-05-20 15:19:54.285000086,tgi_batch_next_tokens,http,10.128.2.18:3000,tgis-bam,fmaas-monitoring,llama3-mig3g-40gb,openshift-user-workload-monitoring/user-workload,1,tgis-bam,8943.0
2024-05-20 15:19:59.285000086,tgi_batch_next_tokens,http,10.128.2.18:3000,tgis-bam,fmaas-monitoring,llama3-mig3g-40gb,openshift-user-workload-monitoring/user-workload,1,tgis-bam,8943.0
2024-05-20 15:20:04.285000086,tgi_batch_next_tokens,http,10.128.2.18:3000,tgis-bam,fmaas-monitoring,llama3-mig3g-40gb,openshift-user-workload-monitoring/user-workload,1,tgis-bam,8943.0
2024-05-20 15:20:09.285000086,tgi_batch_next_tokens,http,10.128.2.18:3000,tgis-bam,fmaas-monitoring,llama3-mig3g-40gb,openshift-user-workload-monitoring/user-workload,1,tgis-bam,8943.0
2024-05-20 15:20:14.285000086,tgi_batch_next_tokens,http,10.128.2.18:3000,tgis-bam,fmaas-monitoring,llama3-mig3g-40gb,openshift-user-workload-monitoring/user-workload,1,tgis-bam,8943.0
2024-05-20 15:20:19.285000086,tgi_batch_next_tokens,http,10.128.2.18:3000,tgis-bam,fmaas-monitoring,llama3-mig3g-40gb,openshift-user-workload-monitoring/user-workload,1,tgis-bam,8943.0
2024-05-20 15:20:24.285000086,tgi_batch_next_tokens,http,10.128.2.18:3000,tgis-bam,fmaas-monitoring,llama3-mig3g-40gb,openshift-user-workload-monitoring/user-workload,1,tgis-bam,8943.0
2024-05-20 15:20:29.285000086,tgi_batch_next_tokens,http,10.128.2.18:3000,tgis-bam,fmaas-monitoring,llama3-mig3g-40gb,openshift-user-workload-monitoring/user-workload,1,tgis-bam,8565.0
2024-05-20 15:20:34.285000086,tgi_batch_next_tokens,http,10.128.2.18:3000,tgis-bam,fmaas-monitoring,llama3-mig3g-40gb,openshift-user-workload-monitoring/user-workload,1,tgis-bam,8565.0
2024-05-20 15:20:39.285000086,tgi_batch_next_tokens,http,10.128.2.18:3000,tgis-bam,fmaas-monitoring,llama3-mig3g-40gb,openshift-user-workload-monitoring/user-workload,1,tgis-bam,8565.0
2024-05-20 15:20:44.285000086,tgi_batch_next_tokens,http,10.128.2.18:3000,tgis-bam,fmaas-monitoring,llama3-mig3g-40gb,openshift-user-workload-monitoring/user-workload,1,tgis-bam,8565.0
2024-05-20 15:20:49.285000086,tgi_batch_next_tokens,http,10.128.2.18:3000,tgis-bam,fmaas-monitoring,llama3-mig3g-40gb,openshift-user-workload-monitoring/user-workload,1,tgis-bam,3444.0
2024-05-20 15:20:54.285000086,tgi_batch_next_tokens,http,10.128.2.18:3000,tgis-bam,fmaas-monitoring,llama3-mig3g-40gb,openshift-user-workload-monitoring/user-workload,1,tgis-bam,6532.0
2024-05-20 15:20:59.309000015,tgi_batch_next_tokens,http,10.128.2.18:3000,tgis-bam,fmaas-monitoring,llama3-mig3g-40gb,openshift-user-workload-monitoring/user-workload,1,tgis-bam,6532.0
2024-05-20 15:21:04.285000086,tgi_batch_next_tokens,http,10.128.2.18:3000,tgis-bam,fmaas-monitoring,llama3-mig3g-40gb,openshift-user-workload-monitoring/user-workload,1,tgis-bam,6532.0
2024-05-20 15:21:09.285000086,tgi_batch_next_tokens,http,10.128.2.18:3000,tgis-bam,fmaas-monitoring,llama3-mig3g-40gb,openshift-user-workload-monitoring/user-workload,1,tgis-bam,6532.0
2024-05-20 15:21:14.285000086,tgi_batch_next_tokens,http,10.128.2.18:3000,tgis-bam,fmaas-monitoring,llama3-mig3g-40gb,openshift-user-workload-monitoring/user-workload,1,tgis-bam,6532.0
2024-05-20 15:21:19.285000086,tgi_batch_next_tokens,http,10.128.2.18:3000,tgis-bam,fmaas-monitoring,llama3-mig3g-40gb,openshift-user-workload-monitoring/user-workload,1,tgis-bam,6532.0
2024-05-20 15:21:24.285000086,tgi_batch_next_tokens,http,10.128.2.18:3000,tgis-bam,fmaas-monitoring,llama3-mig3g-40gb,openshift-user-workload-monitoring/user-workload,1,tgis-bam,6532.0
2024-05-20 15:21:29.285000086,tgi_batch_next_tokens,http,10.128.2.18:3000,tgis-bam,fmaas-monitoring,llama3-mig3g-40gb,openshift-user-workload-monitoring/user-workload,1,tgis-bam,6532.0
2024-05-20 15:21:34.285000086,tgi_batch_next_tokens,http,10.128.2.18:3000,tgis-bam,fmaas-monitoring,llama3-mig3g-40gb,openshift-user-workload-monitoring/user-workload,1,tgis-bam,6532.0
2024-05-20 15:21:39.285000086,tgi_batch_next_tokens,http,10.128.2.18:3000,tgis-bam,fmaas-monitoring,llama3-mig3g-40gb,openshift-user-workload-monitoring/user-workload,1,tgis-bam,6532.0
2024-05-20 15:21:44.285000086,tgi_batch_next_tokens,http,10.128.2.18:3000,tgis-bam,fmaas-monitoring,llama3-mig3g-40gb,openshift-user-workload-monitoring/user-workload,1,tgis-bam,6792.0
2024-05-20 15:21:49.285000086,tgi_batch_next_tokens,http,10.128.2.18:3000,tgis-bam,fmaas-monitoring,llama3-mig3g-40gb,openshift-user-workload-monitoring/user-workload,1,tgis-bam,6792.0
2024-05-20 15:21:54.285000086,tgi_batch_next_tokens,http,10.128.2.18:3000,tgis-bam,fmaas-monitoring,llama3-mig3g-40gb,openshift-user-workload-monitoring/user-workload,1,tgis-bam,6792.0
2024-05-20 15:21:59.301000118,tgi_batch_next_tokens,http,10.128.2.18:3000,tgis-bam,fmaas-monitoring,llama3-mig3g-40gb,openshift-user-workload-monitoring/user-workload,1,tgis-bam,6792.0
2024-05-20 15:22:04.285000086,tgi_batch_next_tokens,http,10.128.2.18:3000,tgis-bam,fmaas-monitoring,llama3-mig3g-40gb,openshift-user-workload-monitoring/user-workload,1,tgis-bam,6792.0
2024-05-20 15:22:09.285000086,tgi_batch_next_tokens,http,10.128.2.18:3000,tgis-bam,fmaas-monitoring,llama3-mig3g-40gb,openshift-user-workload-monitoring/user-workload,1,tgis-bam,6792.0
2024-05-20 15:22:14.285000086,tgi_batch_next_tokens,http,10.128.2.18:3000,tgis-bam,fmaas-monitoring,llama3-mig3g-40gb,openshift-user-workload-monitoring/user-workload,1,tgis-bam,6792.0
2024-05-20 15:22:19.285000086,tgi_batch_next_tokens,http,10.128.2.18:3000,tgis-bam,fmaas-monitoring,llama3-mig3g-40gb,openshift-user-workload-monitoring/user-workload,1,tgis-bam,6792.0
2024-05-20 15:22:24.285000086,tgi_batch_next_tokens,http,10.128.2.18:3000,tgis-bam,fmaas-monitoring,llama3-mig3g-40gb,openshift-user-workload-monitoring/user-workload,1,tgis-bam,6792.0
2024-05-20 15:22:29.285000086,tgi_batch_next_tokens,http,10.128.2.18:3000,tgis-bam,fmaas-monitoring,llama3-mig3g-40gb,openshift-user-workload-monitoring/user-workload,1,tgis-bam,6276.0
2024-05-20 15:22:34.285000086,tgi_batch_next_tokens,http,10.128.2.18:3000,tgis-bam,fmaas-monitoring,llama3-mig3g-40gb,openshift-user-workload-monitoring/user-workload,1,tgis-bam,6276.0
2024-05-20 15:22:39.308000088,tgi_batch_next_tokens,http,10.128.2.18:3000,tgis-bam,fmaas-monitoring,llama3-mig3g-40gb,openshift-user-workload-monitoring/user-workload,1,tgis-bam,6276.0
2024-05-20 15:22:44.285000086,tgi_batch_next_tokens,http,10.128.2.18:3000,tgis-bam,fmaas-monitoring,llama3-mig3g-40gb,openshift-user-workload-monitoring/user-workload,1,tgis-bam,6276.0
2024-05-20 15:22:49.285000086,tgi_batch_next_tokens,http,10.128.2.18:3000,tgis-bam,fmaas-monitoring,llama3-mig3g-40gb,openshift-user-workload-monitoring/user-workload,1,tgis-bam,6720.0
2024-05-20 15:22:54.285000086,tgi_batch_next_tokens,http,10.128.2.18:3000,tgis-bam,fmaas-monitoring,llama3-mig3g-40gb,openshift-user-workload-monitoring/user-workload,1,tgis-bam,6720.0
2024-05-20 15:22:59.285000086,tgi_batch_next_tokens,http,10.128.2.18:3000,tgis-bam,fmaas-monitoring,llama3-mig3g-40gb,openshift-user-workload-monitoring/user-workload,1,tgis-bam,6720.0
2024-05-20 15:23:04.285000086,tgi_batch_next_tokens,http,10.128.2.18:3000,tgis-bam,fmaas-monitoring,llama3-mig3g-40gb,openshift-user-workload-monitoring/user-workload,1,tgis-bam,6720.0
2024-05-20 15:23:09.285000086,tgi_batch_next_tokens,http,10.128.2.18:3000,tgis-bam,fmaas-monitoring,llama3-mig3g-40gb,openshift-user-workload-monitoring/user-workload,1,tgis-bam,6720.0
2024-05-20 15:23:14.285000086,tgi_batch_next_tokens,http,10.128.2.18:3000,tgis-bam,fmaas-monitoring,llama3-mig3g-40gb,openshift-user-workload-monitoring/user-workload,1,tgis-bam,6720.0
2024-05-20 15:23:19.326999903,tgi_batch_next_tokens,http,10.128.2.18:3000,tgis-bam,fmaas-monitoring,llama3-mig3g-40gb,openshift-user-workload-monitoring/user-workload,1,tgis-bam,6720.0
2024-05-20 15:23:24.285000086,tgi_batch_next_tokens,http,10.128.2.18:3000,tgis-bam,fmaas-monitoring,llama3-mig3g-40gb,openshift-user-workload-monitoring/user-workload,1,tgis-bam,6720.0
2024-05-20 15:23:29.285000086,tgi_batch_next_tokens,http,10.128.2.18:3000,tgis-bam,fmaas-monitoring,llama3-mig3g-40gb,openshift-user-workload-monitoring/user-workload,0,tgis-bam,9.0
2024-05-20 15:23:34.285000086,tgi_batch_next_tokens,http,10.128.2.18:3000,tgis-bam,fmaas-monitoring,llama3-mig3g-40gb,openshift-user-workload-monitoring/user-workload,0,tgis-bam,9.0
2024-05-20 15:23:39.285000086,tgi_batch_next_tokens,http,10.128.2.18:3000,tgis-bam,fmaas-monitoring,llama3-mig3g-40gb,openshift-user-workload-monitoring/user-workload,0,tgis-bam,9.0
2024-05-20 15:23:44.285000086,tgi_batch_next_tokens,http,10.128.2.18:3000,tgis-bam,fmaas-monitoring,llama3-mig3g-40gb,openshift-user-workload-monitoring/user-workload,0,tgis-bam,9.0
2024-05-20 15:23:49.285000086,tgi_batch_next_tokens,http,10.128.2.18:3000,tgis-bam,fmaas-monitoring,llama3-mig3g-40gb,openshift-user-workload-monitoring/user-workload,0,tgis-bam,21.0
2024-05-20 15:23:54.285000086,tgi_batch_next_tokens,http,10.128.2.18:3000,tgis-bam,fmaas-monitoring,llama3-mig3g-40gb,openshift-user-workload-monitoring/user-workload,0,tgis-bam,21.0
2024-05-20 15:23:59.285000086,tgi_batch_next_tokens,http,10.128.2.18:3000,tgis-bam,fmaas-monitoring,llama3-mig3g-40gb,openshift-user-workload-monitoring/user-workload,0,tgis-bam,21.0
2024-05-20 15:24:04.285000086,tgi_batch_next_tokens,http,10.128.2.18:3000,tgis-bam,fmaas-monitoring,llama3-mig3g-40gb,openshift-user-workload-monitoring/user-workload,0,tgis-bam,21.0
2024-05-20 15:24:09.285000086,tgi_batch_next_tokens,http,10.128.2.18:3000,tgis-bam,fmaas-monitoring,llama3-mig3g-40gb,openshift-user-workload-monitoring/user-workload,0,tgis-bam,21.0
2024-05-20 15:24:14.285000086,tgi_batch_next_tokens,http,10.128.2.18:3000,tgis-bam,fmaas-monitoring,llama3-mig3g-40gb,openshift-user-workload-monitoring/user-workload,0,tgis-bam,21.0
2024-05-20 15:24:19.285000086,tgi_batch_next_tokens,http,10.128.2.18:3000,tgis-bam,fmaas-monitoring,llama3-mig3g-40gb,openshift-user-workload-monitoring/user-workload,0,tgis-bam,21.0
2024-05-20 15:24:24.285000086,tgi_batch_next_tokens,http,10.128.2.18:3000,tgis-bam,fmaas-monitoring,llama3-mig3g-40gb,openshift-user-workload-monitoring/user-workload,0,tgis-bam,21.0
2024-05-20 15:24:29.285000086,tgi_batch_next_tokens,http,10.128.2.18:3000,tgis-bam,fmaas-monitoring,llama3-mig3g-40gb,openshift-user-workload-monitoring/user-workload,0,tgis-bam,77.0
2024-05-20 15:24:34.285000086,tgi_batch_next_tokens,http,10.128.2.18:3000,tgis-bam,fmaas-monitoring,llama3-mig3g-40gb,openshift-user-workload-monitoring/user-workload,0,tgis-bam,77.0
2024-05-20 15:24:39.285000086,tgi_batch_next_tokens,http,10.128.2.18:3000,tgis-bam,fmaas-monitoring,llama3-mig3g-40gb,openshift-user-workload-monitoring/user-workload,0,tgis-bam,77.0
2024-05-20 15:24:44.285000086,tgi_batch_next_tokens,http,10.128.2.18:3000,tgis-bam,fmaas-monitoring,llama3-mig3g-40gb,openshift-user-workload-monitoring/user-workload,0,tgis-bam,55.0
2024-05-20 15:24:49.285000086,tgi_batch_next_tokens,http,10.128.2.18:3000,tgis-bam,fmaas-monitoring,llama3-mig3g-40gb,openshift-user-workload-monitoring/user-workload,0,tgis-bam,55.0
2024-05-20 15:24:54.285000086,tgi_batch_next_tokens,http,10.128.2.18:3000,tgis-bam,fmaas-monitoring,llama3-mig3g-40gb,openshift-user-workload-monitoring/user-workload,0,tgis-bam,55.0
2024-05-20 15:24:59.285000086,tgi_batch_next_tokens,http,10.128.2.18:3000,tgis-bam,fmaas-monitoring,llama3-mig3g-40gb,openshift-user-workload-monitoring/user-workload,0,tgis-bam,55.0
2024-05-20 15:25:04.285000086,tgi_batch_next_tokens,http,10.128.2.18:3000,tgis-bam,fmaas-monitoring,llama3-mig3g-40gb,openshift-user-workload-monitoring/user-workload,0,tgis-bam,55.0
2024-05-20 15:25:09.285000086,tgi_batch_next_tokens,http,10.128.2.18:3000,tgis-bam,fmaas-monitoring,llama3-mig3g-40gb,openshift-user-workload-monitoring/user-workload,0,tgis-bam,55.0
2024-05-20 15:25:14.285000086,tgi_batch_next_tokens,http,10.128.2.18:3000,tgis-bam,fmaas-monitoring,llama3-mig3g-40gb,openshift-user-workload-monitoring/user-workload,0,tgis-bam,55.0
2024-05-20 15:25:19.285000086,tgi_batch_next_tokens,http,10.128.2.18:3000,tgis-bam,fmaas-monitoring,llama3-mig3g-40gb,openshift-user-workload-monitoring/user-workload,0,tgis-bam,55.0
2024-05-20 15:25:24.285000086,tgi_batch_next_tokens,http,10.128.2.18:3000,tgis-bam,fmaas-monitoring,llama3-mig3g-40gb,openshift-user-workload-monitoring/user-workload,0,tgis-bam,55.0
2024-05-20 15:25:29.285000086,tgi_batch_next_tokens,http,10.128.2.18:3000,tgis-bam,fmaas-monitoring,llama3-mig3g-40gb,openshift-user-workload-monitoring/user-workload,0,tgis-bam,119.0
2024-05-20 15:25:34.285000086,tgi_batch_next_tokens,http,10.128.2.18:3000,tgis-bam,fmaas-monitoring,llama3-mig3g-40gb,openshift-user-workload-monitoring/user-workload,0,tgis-bam,59.0
2024-05-20 15:25:39.285000086,tgi_batch_next_tokens,http,10.128.2.18:3000,tgis-bam,fmaas-monitoring,llama3-mig3g-40gb,openshift-user-workload-monitoring/user-workload,0,tgis-bam,59.0
2024-05-20 15:25:44.285000086,tgi_batch_next_tokens,http,10.128.2.18:3000,tgis-bam,fmaas-monitoring,llama3-mig3g-40gb,openshift-user-workload-monitoring/user-workload,0,tgis-bam,59.0
2024-05-20 15:25:49.285000086,tgi_batch_next_tokens,http,10.128.2.18:3000,tgis-bam,fmaas-monitoring,llama3-mig3g-40gb,openshift-user-workload-monitoring/user-workload,0,tgis-bam,30.0
2024-05-20 15:25:54.285000086,tgi_batch_next_tokens,http,10.128.2.18:3000,tgis-bam,fmaas-monitoring,llama3-mig3g-40gb,openshift-user-workload-monitoring/user-workload,0,tgis-bam,30.0
2024-05-20 15:25:59.285000086,tgi_batch_next_tokens,http,10.128.2.18:3000,tgis-bam,fmaas-monitoring,llama3-mig3g-40gb,openshift-user-workload-monitoring/user-workload,0,tgis-bam,30.0
2024-05-20 15:26:04.285000086,tgi_batch_next_tokens,http,10.128.2.18:3000,tgis-bam,fmaas-monitoring,llama3-mig3g-40gb,openshift-user-workload-monitoring/user-workload,0,tgis-bam,30.0
2024-05-20 15:26:09.285000086,tgi_batch_next_tokens,http,10.128.2.18:3000,tgis-bam,fmaas-monitoring,llama3-mig3g-40gb,openshift-user-workload-monitoring/user-workload,0,tgis-bam,30.0
2024-05-20 15:26:14.285000086,tgi_batch_next_tokens,http,10.128.2.18:3000,tgis-bam,fmaas-monitoring,llama3-mig3g-40gb,openshift-user-workload-monitoring/user-workload,0,tgis-bam,30.0
2024-05-20 15:26:19.305999994,tgi_batch_next_tokens,http,10.128.2.18:3000,tgis-bam,fmaas-monitoring,llama3-mig3g-40gb,openshift-user-workload-monitoring/user-workload,0,tgis-bam,30.0
2024-05-20 15:26:24.285000086,tgi_batch_next_tokens,http,10.128.2.18:3000,tgis-bam,fmaas-monitoring,llama3-mig3g-40gb,openshift-user-workload-monitoring/user-workload,0,tgis-bam,30.0
2024-05-20 15:26:29.285000086,tgi_batch_next_tokens,http,10.128.2.18:3000,tgis-bam,fmaas-monitoring,llama3-mig3g-40gb,openshift-user-workload-monitoring/user-workload,0,tgis-bam,85.0
2024-05-20 15:26:34.285000086,tgi_batch_next_tokens,http,10.128.2.18:3000,tgis-bam,fmaas-monitoring,llama3-mig3g-40gb,openshift-user-workload-monitoring/user-workload,0,tgis-bam,85.0
2024-05-20 15:26:39.286999941,tgi_batch_next_tokens,http,10.128.2.18:3000,tgis-bam,fmaas-monitoring,llama3-mig3g-40gb,openshift-user-workload-monitoring/user-workload,0,tgis-bam,85.0
2024-05-20 15:26:44.285000086,tgi_batch_next_tokens,http,10.128.2.18:3000,tgis-bam,fmaas-monitoring,llama3-mig3g-40gb,openshift-user-workload-monitoring/user-workload,0,tgis-bam,85.0
2024-05-20 15:26:49.285000086,tgi_batch_next_tokens,http,10.128.2.18:3000,tgis-bam,fmaas-monitoring,llama3-mig3g-40gb,openshift-user-workload-monitoring/user-workload,0,tgis-bam,153.0
2024-05-20 15:26:54.285000086,tgi_batch_next_tokens,http,10.128.2.18:3000,tgis-bam,fmaas-monitoring,llama3-mig3g-40gb,openshift-user-workload-monitoring/user-workload,0,tgis-bam,20.0
2024-05-20 15:26:59.285000086,tgi_batch_next_tokens,http,10.128.2.18:3000,tgis-bam,fmaas-monitoring,llama3-mig3g-40gb,openshift-user-workload-monitoring/user-workload,0,tgis-bam,20.0
2024-05-20 15:27:04.285000086,tgi_batch_next_tokens,http,10.128.2.18:3000,tgis-bam,fmaas-monitoring,llama3-mig3g-40gb,openshift-user-workload-monitoring/user-workload,0,tgis-bam,20.0
2024-05-20 15:27:09.285000086,tgi_batch_next_tokens,http,10.128.2.18:3000,tgis-bam,fmaas-monitoring,llama3-mig3g-40gb,openshift-user-workload-monitoring/user-workload,0,tgis-bam,20.0
2024-05-20 15:27:14.285000086,tgi_batch_next_tokens,http,10.128.2.18:3000,tgis-bam,fmaas-monitoring,llama3-mig3g-40gb,openshift-user-workload-monitoring/user-workload,0,tgis-bam,20.0
2024-05-20 15:27:19.285000086,tgi_batch_next_tokens,http,10.128.2.18:3000,tgis-bam,fmaas-monitoring,llama3-mig3g-40gb,openshift-user-workload-monitoring/user-workload,0,tgis-bam,20.0
2024-05-20 15:27:24.285000086,tgi_batch_next_tokens,http,10.128.2.18:3000,tgis-bam,fmaas-monitoring,llama3-mig3g-40gb,openshift-user-workload-monitoring/user-workload,0,tgis-bam,20.0
2024-05-20 15:27:29.285000086,tgi_batch_next_tokens,http,10.128.2.18:3000,tgis-bam,fmaas-monitoring,llama3-mig3g-40gb,openshift-user-workload-monitoring/user-workload,0,tgis-bam,20.0
2024-05-20 15:27:34.285000086,tgi_batch_next_tokens,http,10.128.2.18:3000,tgis-bam,fmaas-monitoring,llama3-mig3g-40gb,openshift-user-workload-monitoring/user-workload,0,tgis-bam,20.0
2024-05-20 15:27:39.285000086,tgi_batch_next_tokens,http,10.128.2.18:3000,tgis-bam,fmaas-monitoring,llama3-mig3g-40gb,openshift-user-workload-monitoring/user-workload,0,tgis-bam,20.0
2024-05-20 15:27:44.285000086,tgi_batch_next_tokens,http,10.128.2.18:3000,tgis-bam,fmaas-monitoring,llama3-mig3g-40gb,openshift-user-workload-monitoring/user-workload,0,tgis-bam,20.0
2024-05-20 15:27:49.285000086,tgi_batch_next_tokens,http,10.128.2.18:3000,tgis-bam,fmaas-monitoring,llama3-mig3g-40gb,openshift-user-workload-monitoring/user-workload,0,tgis-bam,39.0
2024-05-20 15:27:54.285000086,tgi_batch_next_tokens,http,10.128.2.18:3000,tgis-bam,fmaas-monitoring,llama3-mig3g-40gb,openshift-user-workload-monitoring/user-workload,0,tgis-bam,39.0
2024-05-20 15:27:59.289000034,tgi_batch_next_tokens,http,10.128.2.18:3000,tgis-bam,fmaas-monitoring,llama3-mig3g-40gb,openshift-user-workload-monitoring/user-workload,0,tgis-bam,39.0
2024-05-20 15:28:04.285000086,tgi_batch_next_tokens,http,10.128.2.18:3000,tgis-bam,fmaas-monitoring,llama3-mig3g-40gb,openshift-user-workload-monitoring/user-workload,0,tgis-bam,39.0
2024-05-20 15:28:09.285000086,tgi_batch_next_tokens,http,10.128.2.18:3000,tgis-bam,fmaas-monitoring,llama3-mig3g-40gb,openshift-user-workload-monitoring/user-workload,0,tgis-bam,32.0
2024-05-20 15:28:14.288000107,tgi_batch_next_tokens,http,10.128.2.18:3000,tgis-bam,fmaas-monitoring,llama3-mig3g-40gb,openshift-user-workload-monitoring/user-workload,0,tgis-bam,32.0
2024-05-20 15:28:19.285000086,tgi_batch_next_tokens,http,10.128.2.18:3000,tgis-bam,fmaas-monitoring,llama3-mig3g-40gb,openshift-user-workload-monitoring/user-workload,0,tgis-bam,32.0
2024-05-20 15:28:24.285000086,tgi_batch_next_tokens,http,10.128.2.18:3000,tgis-bam,fmaas-monitoring,llama3-mig3g-40gb,openshift-user-workload-monitoring/user-workload,0,tgis-bam,32.0
2024-05-20 15:28:29.285000086,tgi_batch_next_tokens,http,10.128.2.18:3000,tgis-bam,fmaas-monitoring,llama3-mig3g-40gb,openshift-user-workload-monitoring/user-workload,0,tgis-bam,32.0
2024-05-20 15:28:34.285000086,tgi_batch_next_tokens,http,10.128.2.18:3000,tgis-bam,fmaas-monitoring,llama3-mig3g-40gb,openshift-user-workload-monitoring/user-workload,0,tgis-bam,15.0
2024-05-20 15:28:39.285000086,tgi_batch_next_tokens,http,10.128.2.18:3000,tgis-bam,fmaas-monitoring,llama3-mig3g-40gb,openshift-user-workload-monitoring/user-workload,0,tgis-bam,15.0
2024-05-20 15:28:44.285000086,tgi_batch_next_tokens,http,10.128.2.18:3000,tgis-bam,fmaas-monitoring,llama3-mig3g-40gb,openshift-user-workload-monitoring/user-workload,0,tgis-bam,15.0
2024-05-20 15:28:49.285000086,tgi_batch_next_tokens,http,10.128.2.18:3000,tgis-bam,fmaas-monitoring,llama3-mig3g-40gb,openshift-user-workload-monitoring/user-workload,0,tgis-bam,15.0
2024-05-20 15:28:54.285000086,tgi_batch_next_tokens,http,10.128.2.18:3000,tgis-bam,fmaas-monitoring,llama3-mig3g-40gb,openshift-user-workload-monitoring/user-workload,0,tgis-bam,15.0
2024-05-20 15:28:59.285000086,tgi_batch_next_tokens,http,10.128.2.18:3000,tgis-bam,fmaas-monitoring,llama3-mig3g-40gb,openshift-user-workload-monitoring/user-workload,0,tgis-bam,15.0
2024-05-20 15:29:04.285000086,tgi_batch_next_tokens,http,10.128.2.18:3000,tgis-bam,fmaas-monitoring,llama3-mig3g-40gb,openshift-user-workload-monitoring/user-workload,0,tgis-bam,15.0
2024-05-20 15:29:09.285000086,tgi_batch_next_tokens,http,10.128.2.18:3000,tgis-bam,fmaas-monitoring,llama3-mig3g-40gb,openshift-user-workload-monitoring/user-workload,0,tgis-bam,15.0
2024-05-20 15:29:14.285000086,tgi_batch_next_tokens,http,10.128.2.18:3000,tgis-bam,fmaas-monitoring,llama3-mig3g-40gb,openshift-user-workload-monitoring/user-workload,0,tgis-bam,15.0
2024-05-20 15:29:19.285000086,tgi_batch_next_tokens,http,10.128.2.18:3000,tgis-bam,fmaas-monitoring,llama3-mig3g-40gb,openshift-user-workload-monitoring/user-workload,0,tgis-bam,15.0
2024-05-20 15:29:24.285000086,tgi_batch_next_tokens,http,10.128.2.18:3000,tgis-bam,fmaas-monitoring,llama3-mig3g-40gb,openshift-user-workload-monitoring/user-workload,0,tgis-bam,15.0
2024-05-20 15:29:29.285000086,tgi_batch_next_tokens,http,10.128.2.18:3000,tgis-bam,fmaas-monitoring,llama3-mig3g-40gb,openshift-user-workload-monitoring/user-workload,0,tgis-bam,16.0
2024-05-20 15:29:34.301000118,tgi_batch_next_tokens,http,10.128.2.18:3000,tgis-bam,fmaas-monitoring,llama3-mig3g-40gb,openshift-user-workload-monitoring/user-workload,0,tgis-bam,16.0
2024-05-20 15:29:39.285000086,tgi_batch_next_tokens,http,10.128.2.18:3000,tgis-bam,fmaas-monitoring,llama3-mig3g-40gb,openshift-user-workload-monitoring/user-workload,0,tgis-bam,16.0
2024-05-20 15:29:44.285000086,tgi_batch_next_tokens,http,10.128.2.18:3000,tgis-bam,fmaas-monitoring,llama3-mig3g-40gb,openshift-user-workload-monitoring/user-workload,0,tgis-bam,16.0
2024-05-20 15:29:49.285000086,tgi_batch_next_tokens,http,10.128.2.18:3000,tgis-bam,fmaas-monitoring,llama3-mig3g-40gb,openshift-user-workload-monitoring/user-workload,0,tgis-bam,32.0
2024-05-20 15:29:54.285000086,tgi_batch_next_tokens,http,10.128.2.18:3000,tgis-bam,fmaas-monitoring,llama3-mig3g-40gb,openshift-user-workload-monitoring/user-workload,0,tgis-bam,32.0
2024-05-20 15:29:59.285000086,tgi_batch_next_tokens,http,10.128.2.18:3000,tgis-bam,fmaas-monitoring,llama3-mig3g-40gb,openshift-user-workload-monitoring/user-workload,0,tgis-bam,19.0
2024-05-20 15:30:04.285000086,tgi_batch_next_tokens,http,10.128.2.18:3000,tgis-bam,fmaas-monitoring,llama3-mig3g-40gb,openshift-user-workload-monitoring/user-workload,0,tgis-bam,19.0
2024-05-20 15:30:09.285000086,tgi_batch_next_tokens,http,10.128.2.18:3000,tgis-bam,fmaas-monitoring,llama3-mig3g-40gb,openshift-user-workload-monitoring/user-workload,0,tgis-bam,19.0
2024-05-20 15:30:14.285000086,tgi_batch_next_tokens,http,10.128.2.18:3000,tgis-bam,fmaas-monitoring,llama3-mig3g-40gb,openshift-user-workload-monitoring/user-workload,0,tgis-bam,19.0
2024-05-20 15:30:19.285000086,tgi_batch_next_tokens,http,10.128.2.18:3000,tgis-bam,fmaas-monitoring,llama3-mig3g-40gb,openshift-user-workload-monitoring/user-workload,0,tgis-bam,19.0
2024-05-20 15:30:24.285000086,tgi_batch_next_tokens,http,10.128.2.18:3000,tgis-bam,fmaas-monitoring,llama3-mig3g-40gb,openshift-user-workload-monitoring/user-workload,0,tgis-bam,19.0
2024-05-20 15:30:29.285000086,tgi_batch_next_tokens,http,10.128.2.18:3000,tgis-bam,fmaas-monitoring,llama3-mig3g-40gb,openshift-user-workload-monitoring/user-workload,0,tgis-bam,19.0
2024-05-20 15:30:34.285000086,tgi_batch_next_tokens,http,10.128.2.18:3000,tgis-bam,fmaas-monitoring,llama3-mig3g-40gb,openshift-user-workload-monitoring/user-workload,0,tgis-bam,19.0
2024-05-20 15:30:39.285000086,tgi_batch_next_tokens,http,10.128.2.18:3000,tgis-bam,fmaas-monitoring,llama3-mig3g-40gb,openshift-user-workload-monitoring/user-workload,0,tgis-bam,19.0
2024-05-20 15:30:44.285000086,tgi_batch_next_tokens,http,10.128.2.18:3000,tgis-bam,fmaas-monitoring,llama3-mig3g-40gb,openshift-user-workload-monitoring/user-workload,0,tgis-bam,19.0
2024-05-20 15:30:49.285000086,tgi_batch_next_tokens,http,10.128.2.18:3000,tgis-bam,fmaas-monitoring,llama3-mig3g-40gb,openshift-user-workload-monitoring/user-workload,0,tgis-bam,145.0
2024-05-20 15:30:54.285000086,tgi_batch_next_tokens,http,10.128.2.18:3000,tgis-bam,fmaas-monitoring,llama3-mig3g-40gb,openshift-user-workload-monitoring/user-workload,0,tgis-bam,65.0
2024-05-20 15:30:59.285000086,tgi_batch_next_tokens,http,10.128.2.18:3000,tgis-bam,fmaas-monitoring,llama3-mig3g-40gb,openshift-user-workload-monitoring/user-workload,0,tgis-bam,65.0
2024-05-20 15:31:04.285000086,tgi_batch_next_tokens,http,10.128.2.18:3000,tgis-bam,fmaas-monitoring,llama3-mig3g-40gb,openshift-user-workload-monitoring/user-workload,0,tgis-bam,65.0
2024-05-20 15:31:09.302999973,tgi_batch_next_tokens,http,10.128.2.18:3000,tgis-bam,fmaas-monitoring,llama3-mig3g-40gb,openshift-user-workload-monitoring/user-workload,0,tgis-bam,65.0
2024-05-20 15:31:14.285000086,tgi_batch_next_tokens,http,10.128.2.18:3000,tgis-bam,fmaas-monitoring,llama3-mig3g-40gb,openshift-user-workload-monitoring/user-workload,0,tgis-bam,65.0
2024-05-20 15:31:19.285000086,tgi_batch_next_tokens,http,10.128.2.18:3000,tgis-bam,fmaas-monitoring,llama3-mig3g-40gb,openshift-user-workload-monitoring/user-workload,0,tgis-bam,65.0
2024-05-20 15:31:24.285000086,tgi_batch_next_tokens,http,10.128.2.18:3000,tgis-bam,fmaas-monitoring,llama3-mig3g-40gb,openshift-user-workload-monitoring/user-workload,0,tgis-bam,65.0
2024-05-20 15:31:29.285000086,tgi_batch_next_tokens,http,10.128.2.18:3000,tgis-bam,fmaas-monitoring,llama3-mig3g-40gb,openshift-user-workload-monitoring/user-workload,0,tgis-bam,65.0
2024-05-20 15:31:34.285000086,tgi_batch_next_tokens,http,10.128.2.18:3000,tgis-bam,fmaas-monitoring,llama3-mig3g-40gb,openshift-user-workload-monitoring/user-workload,0,tgis-bam,65.0
2024-05-20 15:31:39.285000086,tgi_batch_next_tokens,http,10.128.2.18:3000,tgis-bam,fmaas-monitoring,llama3-mig3g-40gb,openshift-user-workload-monitoring/user-workload,0,tgis-bam,65.0
2024-05-20 15:31:44.285000086,tgi_batch_next_tokens,http,10.128.2.18:3000,tgis-bam,fmaas-monitoring,llama3-mig3g-40gb,openshift-user-workload-monitoring/user-workload,0,tgis-bam,65.0
2024-05-20 15:31:49.285000086,tgi_batch_next_tokens,http,10.128.2.18:3000,tgis-bam,fmaas-monitoring,llama3-mig3g-40gb,openshift-user-workload-monitoring/user-workload,0,tgis-bam,110.0
2024-05-20 15:31:54.285000086,tgi_batch_next_tokens,http,10.128.2.18:3000,tgis-bam,fmaas-monitoring,llama3-mig3g-40gb,openshift-user-workload-monitoring/user-workload,0,tgis-bam,90.0
2024-05-20 15:31:59.305999994,tgi_batch_next_tokens,http,10.128.2.18:3000,tgis-bam,fmaas-monitoring,llama3-mig3g-40gb,openshift-user-workload-monitoring/user-workload,0,tgis-bam,90.0
2024-05-20 15:32:04.285000086,tgi_batch_next_tokens,http,10.128.2.18:3000,tgis-bam,fmaas-monitoring,llama3-mig3g-40gb,openshift-user-workload-monitoring/user-workload,0,tgis-bam,90.0
2024-05-20 15:32:09.285000086,tgi_batch_next_tokens,http,10.128.2.18:3000,tgis-bam,fmaas-monitoring,llama3-mig3g-40gb,openshift-user-workload-monitoring/user-workload,0,tgis-bam,90.0
2024-05-20 15:32:14.285000086,tgi_batch_next_tokens,http,10.128.2.18:3000,tgis-bam,fmaas-monitoring,llama3-mig3g-40gb,openshift-user-workload-monitoring/user-workload,0,tgis-bam,90.0
2024-05-20 15:32:19.285000086,tgi_batch_next_tokens,http,10.128.2.18:3000,tgis-bam,fmaas-monitoring,llama3-mig3g-40gb,openshift-user-workload-monitoring/user-workload,0,tgis-bam,90.0
2024-05-20 15:32:24.285000086,tgi_batch_next_tokens,http,10.128.2.18:3000,tgis-bam,fmaas-monitoring,llama3-mig3g-40gb,openshift-user-workload-monitoring/user-workload,0,tgis-bam,90.0
2024-05-20 15:32:29.285000086,tgi_batch_next_tokens,http,10.128.2.18:3000,tgis-bam,fmaas-monitoring,llama3-mig3g-40gb,openshift-user-workload-monitoring/user-workload,0,tgis-bam,90.0
2024-05-20 15:32:34.285000086,tgi_batch_next_tokens,http,10.128.2.18:3000,tgis-bam,fmaas-monitoring,llama3-mig3g-40gb,openshift-user-workload-monitoring/user-workload,0,tgis-bam,53.0
2024-05-20 15:32:39.285000086,tgi_batch_next_tokens,http,10.128.2.18:3000,tgis-bam,fmaas-monitoring,llama3-mig3g-40gb,openshift-user-workload-monitoring/user-workload,0,tgis-bam,53.0
2024-05-20 15:32:44.285000086,tgi_batch_next_tokens,http,10.128.2.18:3000,tgis-bam,fmaas-monitoring,llama3-mig3g-40gb,openshift-user-workload-monitoring/user-workload,0,tgis-bam,48.0
2024-05-20 15:32:49.285000086,tgi_batch_next_tokens,http,10.128.2.18:3000,tgis-bam,fmaas-monitoring,llama3-mig3g-40gb,openshift-user-workload-monitoring/user-workload,0,tgis-bam,18.0
2024-05-20 15:32:54.285000086,tgi_batch_next_tokens,http,10.128.2.18:3000,tgis-bam,fmaas-monitoring,llama3-mig3g-40gb,openshift-user-workload-monitoring/user-workload,0,tgis-bam,18.0
2024-05-20 15:32:59.285000086,tgi_batch_next_tokens,http,10.128.2.18:3000,tgis-bam,fmaas-monitoring,llama3-mig3g-40gb,openshift-user-workload-monitoring/user-workload,0,tgis-bam,18.0
2024-05-20 15:33:04.285000086,tgi_batch_next_tokens,http,10.128.2.18:3000,tgis-bam,fmaas-monitoring,llama3-mig3g-40gb,openshift-user-workload-monitoring/user-workload,0,tgis-bam,18.0
2024-05-20 15:33:09.285000086,tgi_batch_next_tokens,http,10.128.2.18:3000,tgis-bam,fmaas-monitoring,llama3-mig3g-40gb,openshift-user-workload-monitoring/user-workload,0,tgis-bam,18.0
2024-05-20 15:33:14.285000086,tgi_batch_next_tokens,http,10.128.2.18:3000,tgis-bam,fmaas-monitoring,llama3-mig3g-40gb,openshift-user-workload-monitoring/user-workload,0,tgis-bam,18.0
2024-05-20 15:33:19.285000086,tgi_batch_next_tokens,http,10.128.2.18:3000,tgis-bam,fmaas-monitoring,llama3-mig3g-40gb,openshift-user-workload-monitoring/user-workload,0,tgis-bam,18.0
2024-05-20 15:33:24.285000086,tgi_batch_next_tokens,http,10.128.2.18:3000,tgis-bam,fmaas-monitoring,llama3-mig3g-40gb,openshift-user-workload-monitoring/user-workload,0,tgis-bam,18.0
2024-05-20 15:23:29.285000086,tgi_batch_next_tokens,http,10.128.2.18:3000,tgis-bam,fmaas-monitoring,llama3-mig3g-40gb,openshift-user-workload-monitoring/user-workload,0.5,tgis-bam,1198.1093104502856
2024-05-20 15:23:34.285000086,tgi_batch_next_tokens,http,10.128.2.18:3000,tgis-bam,fmaas-monitoring,llama3-mig3g-40gb,openshift-user-workload-monitoring/user-workload,0.5,tgis-bam,1198.1093104502856
2024-05-20 15:23:39.285000086,tgi_batch_next_tokens,http,10.128.2.18:3000,tgis-bam,fmaas-monitoring,llama3-mig3g-40gb,openshift-user-workload-monitoring/user-workload,0.5,tgis-bam,759.9860038401523
2024-05-20 15:23:44.285000086,tgi_batch_next_tokens,http,10.128.2.18:3000,tgis-bam,fmaas-monitoring,llama3-mig3g-40gb,openshift-user-workload-monitoring/user-workload,0.5,tgis-bam,759.9860038401523
2024-05-20 15:23:49.285000086,tgi_batch_next_tokens,http,10.128.2.18:3000,tgis-bam,fmaas-monitoring,llama3-mig3g-40gb,openshift-user-workload-monitoring/user-workload,0.5,tgis-bam,837.0635700056737
2024-05-20 15:23:54.285000086,tgi_batch_next_tokens,http,10.128.2.18:3000,tgis-bam,fmaas-monitoring,llama3-mig3g-40gb,openshift-user-workload-monitoring/user-workload,0.5,tgis-bam,759.9860038401523
2024-05-20 15:23:59.285000086,tgi_batch_next_tokens,http,10.128.2.18:3000,tgis-bam,fmaas-monitoring,llama3-mig3g-40gb,openshift-user-workload-monitoring/user-workload,0.5,tgis-bam,759.9860038401523
2024-05-20 15:24:04.285000086,tgi_batch_next_tokens,http,10.128.2.18:3000,tgis-bam,fmaas-monitoring,llama3-mig3g-40gb,openshift-user-workload-monitoring/user-workload,0.5,tgis-bam,699.0344437929632
2024-05-20 15:24:09.285000086,tgi_batch_next_tokens,http,10.128.2.18:3000,tgis-bam,fmaas-monitoring,llama3-mig3g-40gb,openshift-user-workload-monitoring/user-workload,0.5,tgis-bam,699.0344437929632
2024-05-20 15:24:14.285000086,tgi_batch_next_tokens,http,10.128.2.18:3000,tgis-bam,fmaas-monitoring,llama3-mig3g-40gb,openshift-user-workload-monitoring/user-workload,0.5,tgis-bam,699.0344437929632
2024-05-20 15:24:19.285000086,tgi_batch_next_tokens,http,10.128.2.18:3000,tgis-bam,fmaas-monitoring,llama3-mig3g-40gb,openshift-user-workload-monitoring/user-workload,0.5,tgis-bam,699.0344437929632
2024-05-20 15:24:24.285000086,tgi_batch_next_tokens,http,10.128.2.18:3000,tgis-bam,fmaas-monitoring,llama3-mig3g-40gb,openshift-user-workload-monitoring/user-workload,0.5,tgis-bam,699.0344437929632
2024-05-20 15:24:29.285000086,tgi_batch_next_tokens,http,10.128.2.18:3000,tgis-bam,fmaas-monitoring,llama3-mig3g-40gb,openshift-user-workload-monitoring/user-workload,0.5,tgis-bam,365.00097129689465
2024-05-20 15:24:34.285000086,tgi_batch_next_tokens,http,10.128.2.18:3000,tgis-bam,fmaas-monitoring,llama3-mig3g-40gb,openshift-user-workload-monitoring/user-workload,0.5,tgis-bam,404.03439682991706
2024-05-20 15:24:39.285000086,tgi_batch_next_tokens,http,10.128.2.18:3000,tgis-bam,fmaas-monitoring,llama3-mig3g-40gb,openshift-user-workload-monitoring/user-workload,0.5,tgis-bam,599.0230129451835
2024-05-20 15:24:44.285000086,tgi_batch_next_tokens,http,10.128.2.18:3000,tgis-bam,fmaas-monitoring,llama3-mig3g-40gb,openshift-user-workload-monitoring/user-workload,0.5,tgis-bam,599.0230129451835
2024-05-20 15:24:49.285000086,tgi_batch_next_tokens,http,10.128.2.18:3000,tgis-bam,fmaas-monitoring,llama3-mig3g-40gb,openshift-user-workload-monitoring/user-workload,0.5,tgis-bam,1012.0163623691498
2024-05-20 15:24:54.285000086,tgi_batch_next_tokens,http,10.128.2.18:3000,tgis-bam,fmaas-monitoring,llama3-mig3g-40gb,openshift-user-workload-monitoring/user-workload,0.5,tgis-bam,1070.0921211167483
2024-05-20 15:24:59.285000086,tgi_batch_next_tokens,http,10.128.2.18:3000,tgis-bam,fmaas-monitoring,llama3-mig3g-40gb,openshift-user-workload-monitoring/user-workload,0.5,tgis-bam,1070.0921211167483
2024-05-20 15:25:04.285000086,tgi_batch_next_tokens,http,10.128.2.18:3000,tgis-bam,fmaas-monitoring,llama3-mig3g-40gb,openshift-user-workload-monitoring/user-workload,0.5,tgis-bam,1070.0921211167483
2024-05-20 15:25:09.285000086,tgi_batch_next_tokens,http,10.128.2.18:3000,tgis-bam,fmaas-monitoring,llama3-mig3g-40gb,openshift-user-workload-monitoring/user-workload,0.5,tgis-bam,1527.0606448156707
2024-05-20 15:25:14.285000086,tgi_batch_next_tokens,http,10.128.2.18:3000,tgis-bam,fmaas-monitoring,llama3-mig3g-40gb,openshift-user-workload-monitoring/user-workload,0.5,tgis-bam,1527.0606448156707
2024-05-20 15:25:19.285000086,tgi_batch_next_tokens,http,10.128.2.18:3000,tgis-bam,fmaas-monitoring,llama3-mig3g-40gb,openshift-user-workload-monitoring/user-workload,0.5,tgis-bam,1527.0606448156707
2024-05-20 15:25:24.285000086,tgi_batch_next_tokens,http,10.128.2.18:3000,tgis-bam,fmaas-monitoring,llama3-mig3g-40gb,openshift-user-workload-monitoring/user-workload,0.5,tgis-bam,1527.0606448156707
2024-05-20 15:25:29.285000086,tgi_batch_next_tokens,http,10.128.2.18:3000,tgis-bam,fmaas-monitoring,llama3-mig3g-40gb,openshift-user-workload-monitoring/user-workload,0.5,tgis-bam,2700.2510288991825
2024-05-20 15:25:34.285000086,tgi_batch_next_tokens,http,10.128.2.18:3000,tgis-bam,fmaas-monitoring,llama3-mig3g-40gb,openshift-user-workload-monitoring/user-workload,0.5,tgis-bam,2700.2510288991825
2024-05-20 15:25:39.285000086,tgi_batch_next_tokens,http,10.128.2.18:3000,tgis-bam,fmaas-monitoring,llama3-mig3g-40gb,openshift-user-workload-monitoring/user-workload,0.5,tgis-bam,1070.0921211167483
2024-05-20 15:25:44.285000086,tgi_batch_next_tokens,http,10.128.2.18:3000,tgis-bam,fmaas-monitoring,llama3-mig3g-40gb,openshift-user-workload-monitoring/user-workload,0.5,tgis-bam,2115.1902084776502
2024-05-20 15:25:49.285000086,tgi_batch_next_tokens,http,10.128.2.18:3000,tgis-bam,fmaas-monitoring,llama3-mig3g-40gb,openshift-user-workload-monitoring/user-workload,0.5,tgis-bam,1360.0816572877684
2024-05-20 15:25:54.285000086,tgi_batch_next_tokens,http,10.128.2.18:3000,tgis-bam,fmaas-monitoring,llama3-mig3g-40gb,openshift-user-workload-monitoring/user-workload,0.5,tgis-bam,1360.0816572877684
2024-05-20 15:25:59.285000086,tgi_batch_next_tokens,http,10.128.2.18:3000,tgis-bam,fmaas-monitoring,llama3-mig3g-40gb,openshift-user-workload-monitoring/user-workload,0.5,tgis-bam,806.0131175958425
2024-05-20 15:26:04.285000086,tgi_batch_next_tokens,http,10.128.2.18:3000,tgis-bam,fmaas-monitoring,llama3-mig3g-40gb,openshift-user-workload-monitoring/user-workload,0.5,tgis-bam,806.0131175958425
2024-05-20 15:26:09.285000086,tgi_batch_next_tokens,http,10.128.2.18:3000,tgis-bam,fmaas-monitoring,llama3-mig3g-40gb,openshift-user-workload-monitoring/user-workload,0.5,tgis-bam,806.0131175958425
2024-05-20 15:26:14.285000086,tgi_batch_next_tokens,http,10.128.2.18:3000,tgis-bam,fmaas-monitoring,llama3-mig3g-40gb,openshift-user-workload-monitoring/user-workload,0.5,tgis-bam,806.0131175958425
2024-05-20 15:26:19.305999994,tgi_batch_next_tokens,http,10.128.2.18:3000,tgis-bam,fmaas-monitoring,llama3-mig3g-40gb,openshift-user-workload-monitoring/user-workload,0.5,tgis-bam,806.0131175958425
2024-05-20 15:26:24.285000086,tgi_batch_next_tokens,http,10.128.2.18:3000,tgis-bam,fmaas-monitoring,llama3-mig3g-40gb,openshift-user-workload-monitoring/user-workload,0.5,tgis-bam,806.0131175958425
2024-05-20 15:26:29.285000086,tgi_batch_next_tokens,http,10.128.2.18:3000,tgis-bam,fmaas-monitoring,llama3-mig3g-40gb,openshift-user-workload-monitoring/user-workload,0.5,tgis-bam,591.0496454153894
2024-05-20 15:26:34.285000086,tgi_batch_next_tokens,http,10.128.2.18:3000,tgis-bam,fmaas-monitoring,llama3-mig3g-40gb,openshift-user-workload-monitoring/user-workload,0.5,tgis-bam,1698.159030104364
2024-05-20 15:26:39.286999941,tgi_batch_next_tokens,http,10.128.2.18:3000,tgis-bam,fmaas-monitoring,llama3-mig3g-40gb,openshift-user-workload-monitoring/user-workload,0.5,tgis-bam,1698.159030104364
2024-05-20 15:26:44.285000086,tgi_batch_next_tokens,http,10.128.2.18:3000,tgis-bam,fmaas-monitoring,llama3-mig3g-40gb,openshift-user-workload-monitoring/user-workload,0.5,tgis-bam,2139.869276840762
2024-05-20 15:26:49.285000086,tgi_batch_next_tokens,http,10.128.2.18:3000,tgis-bam,fmaas-monitoring,llama3-mig3g-40gb,openshift-user-workload-monitoring/user-workload,0.5,tgis-bam,2183.0975038605693
2024-05-20 15:26:54.285000086,tgi_batch_next_tokens,http,10.128.2.18:3000,tgis-bam,fmaas-monitoring,llama3-mig3g-40gb,openshift-user-workload-monitoring/user-workload,0.5,tgis-bam,1807.8616554111588
2024-05-20 15:26:59.285000086,tgi_batch_next_tokens,http,10.128.2.18:3000,tgis-bam,fmaas-monitoring,llama3-mig3g-40gb,openshift-user-workload-monitoring/user-workload,0.5,tgis-bam,1807.8616554111588
2024-05-20 15:27:04.285000086,tgi_batch_next_tokens,http,10.128.2.18:3000,tgis-bam,fmaas-monitoring,llama3-mig3g-40gb,openshift-user-workload-monitoring/user-workload,0.5,tgis-bam,1774.9011672527781
2024-05-20 15:27:09.285000086,tgi_batch_next_tokens,http,10.128.2.18:3000,tgis-bam,fmaas-monitoring,llama3-mig3g-40gb,openshift-user-workload-monitoring/user-workload,0.5,tgis-bam,1807.8616554111588
2024-05-20 15:27:14.285000086,tgi_batch_next_tokens,http,10.128.2.18:3000,tgis-bam,fmaas-monitoring,llama3-mig3g-40gb,openshift-user-workload-monitoring/user-workload,0.5,tgis-bam,1807.8616554111588
2024-05-20 15:27:19.285000086,tgi_batch_next_tokens,http,10.128.2.18:3000,tgis-bam,fmaas-monitoring,llama3-mig3g-40gb,openshift-user-workload-monitoring/user-workload,0.5,tgis-bam,1807.8616554111588
2024-05-20 15:27:24.285000086,tgi_batch_next_tokens,http,10.128.2.18:3000,tgis-bam,fmaas-monitoring,llama3-mig3g-40gb,openshift-user-workload-monitoring/user-workload,0.5,tgis-bam,1807.8616554111588
2024-05-20 15:27:29.285000086,tgi_batch_next_tokens,http,10.128.2.18:3000,tgis-bam,fmaas-monitoring,llama3-mig3g-40gb,openshift-user-workload-monitoring/user-workload,0.5,tgis-bam,1111.9828125817112
2024-05-20 15:27:34.285000086,tgi_batch_next_tokens,http,10.128.2.18:3000,tgis-bam,fmaas-monitoring,llama3-mig3g-40gb,openshift-user-workload-monitoring/user-workload,0.5,tgis-bam,1378.9808889902272
2024-05-20 15:27:39.285000086,tgi_batch_next_tokens,http,10.128.2.18:3000,tgis-bam,fmaas-monitoring,llama3-mig3g-40gb,openshift-user-workload-monitoring/user-workload,0.5,tgis-bam,1111.9828125817112
2024-05-20 15:27:44.285000086,tgi_batch_next_tokens,http,10.128.2.18:3000,tgis-bam,fmaas-monitoring,llama3-mig3g-40gb,openshift-user-workload-monitoring/user-workload,0.5,tgis-bam,1111.9828125817112
2024-05-20 15:27:49.285000086,tgi_batch_next_tokens,http,10.128.2.18:3000,tgis-bam,fmaas-monitoring,llama3-mig3g-40gb,openshift-user-workload-monitoring/user-workload,0.5,tgis-bam,899.9147329544251
2024-05-20 15:27:54.285000086,tgi_batch_next_tokens,http,10.128.2.18:3000,tgis-bam,fmaas-monitoring,llama3-mig3g-40gb,openshift-user-workload-monitoring/user-workload,0.5,tgis-bam,1742.8901497671052
2024-05-20 15:27:59.289000034,tgi_batch_next_tokens,http,10.128.2.18:3000,tgis-bam,fmaas-monitoring,llama3-mig3g-40gb,openshift-user-workload-monitoring/user-workload,0.5,tgis-bam,1742.8901497671052
2024-05-20 15:28:04.285000086,tgi_batch_next_tokens,http,10.128.2.18:3000,tgis-bam,fmaas-monitoring,llama3-mig3g-40gb,openshift-user-workload-monitoring/user-workload,0.5,tgis-bam,1742.8901497671052
2024-05-20 15:28:09.285000086,tgi_batch_next_tokens,http,10.128.2.18:3000,tgis-bam,fmaas-monitoring,llama3-mig3g-40gb,openshift-user-workload-monitoring/user-workload,0.5,tgis-bam,1378.9808889902272
2024-05-20 15:28:14.288000107,tgi_batch_next_tokens,http,10.128.2.18:3000,tgis-bam,fmaas-monitoring,llama3-mig3g-40gb,openshift-user-workload-monitoring/user-workload,0.5,tgis-bam,1378.9808889902272
2024-05-20 15:28:19.285000086,tgi_batch_next_tokens,http,10.128.2.18:3000,tgis-bam,fmaas-monitoring,llama3-mig3g-40gb,openshift-user-workload-monitoring/user-workload,0.5,tgis-bam,1378.9808889902272
2024-05-20 15:28:24.285000086,tgi_batch_next_tokens,http,10.128.2.18:3000,tgis-bam,fmaas-monitoring,llama3-mig3g-40gb,openshift-user-workload-monitoring/user-workload,0.5,tgis-bam,1378.9808889902272
2024-05-20 15:28:29.285000086,tgi_batch_next_tokens,http,10.128.2.18:3000,tgis-bam,fmaas-monitoring,llama3-mig3g-40gb,openshift-user-workload-monitoring/user-workload,0.5,tgis-bam,3059.785277564125
2024-05-20 15:28:34.285000086,tgi_batch_next_tokens,http,10.128.2.18:3000,tgis-bam,fmaas-monitoring,llama3-mig3g-40gb,openshift-user-workload-monitoring/user-workload,0.5,tgis-bam,517.0295429057534
2024-05-20 15:28:39.285000086,tgi_batch_next_tokens,http,10.128.2.18:3000,tgis-bam,fmaas-monitoring,llama3-mig3g-40gb,openshift-user-workload-monitoring/user-workload,0.5,tgis-bam,1288.0696984062645
2024-05-20 15:28:44.285000086,tgi_batch_next_tokens,http,10.128.2.18:3000,tgis-bam,fmaas-monitoring,llama3-mig3g-40gb,openshift-user-workload-monitoring/user-workload,0.5,tgis-bam,1443.8956022817133
2024-05-20 15:28:49.285000086,tgi_batch_next_tokens,http,10.128.2.18:3000,tgis-bam,fmaas-monitoring,llama3-mig3g-40gb,openshift-user-workload-monitoring/user-workload,0.5,tgis-bam,1280.1083718646532
2024-05-20 15:28:54.285000086,tgi_batch_next_tokens,http,10.128.2.18:3000,tgis-bam,fmaas-monitoring,llama3-mig3g-40gb,openshift-user-workload-monitoring/user-workload,0.5,tgis-bam,1280.1083718646532
2024-05-20 15:28:59.285000086,tgi_batch_next_tokens,http,10.128.2.18:3000,tgis-bam,fmaas-monitoring,llama3-mig3g-40gb,openshift-user-workload-monitoring/user-workload,0.5,tgis-bam,1280.1083718646532
2024-05-20 15:29:04.285000086,tgi_batch_next_tokens,http,10.128.2.18:3000,tgis-bam,fmaas-monitoring,llama3-mig3g-40gb,openshift-user-workload-monitoring/user-workload,0.5,tgis-bam,1280.1083718646532
2024-05-20 15:29:09.285000086,tgi_batch_next_tokens,http,10.128.2.18:3000,tgis-bam,fmaas-monitoring,llama3-mig3g-40gb,openshift-user-workload-monitoring/user-workload,0.5,tgis-bam,1280.1083718646532
2024-05-20 15:29:14.285000086,tgi_batch_next_tokens,http,10.128.2.18:3000,tgis-bam,fmaas-monitoring,llama3-mig3g-40gb,openshift-user-workload-monitoring/user-workload,0.5,tgis-bam,1280.1083718646532
2024-05-20 15:29:19.285000086,tgi_batch_next_tokens,http,10.128.2.18:3000,tgis-bam,fmaas-monitoring,llama3-mig3g-40gb,openshift-user-workload-monitoring/user-workload,0.5,tgis-bam,1280.1083718646532
2024-05-20 15:29:24.285000086,tgi_batch_next_tokens,http,10.128.2.18:3000,tgis-bam,fmaas-monitoring,llama3-mig3g-40gb,openshift-user-workload-monitoring/user-workload,0.5,tgis-bam,1280.1083718646532
2024-05-20 15:29:29.285000086,tgi_batch_next_tokens,http,10.128.2.18:3000,tgis-bam,fmaas-monitoring,llama3-mig3g-40gb,openshift-user-workload-monitoring/user-workload,0.5,tgis-bam,1147.9121143281022
2024-05-20 15:29:34.301000118,tgi_batch_next_tokens,http,10.128.2.18:3000,tgis-bam,fmaas-monitoring,llama3-mig3g-40gb,openshift-user-workload-monitoring/user-workload,0.5,tgis-bam,1147.9121143281022
2024-05-20 15:29:39.285000086,tgi_batch_next_tokens,http,10.128.2.18:3000,tgis-bam,fmaas-monitoring,llama3-mig3g-40gb,openshift-user-workload-monitoring/user-workload,0.5,tgis-bam,1634.8396737656406
2024-05-20 15:29:44.285000086,tgi_batch_next_tokens,http,10.128.2.18:3000,tgis-bam,fmaas-monitoring,llama3-mig3g-40gb,openshift-user-workload-monitoring/user-workload,0.5,tgis-bam,1147.9121143281022
2024-05-20 15:29:49.285000086,tgi_batch_next_tokens,http,10.128.2.18:3000,tgis-bam,fmaas-monitoring,llama3-mig3g-40gb,openshift-user-workload-monitoring/user-workload,0.5,tgis-bam,1120.0179807526026
2024-05-20 15:29:54.285000086,tgi_batch_next_tokens,http,10.128.2.18:3000,tgis-bam,fmaas-monitoring,llama3-mig3g-40gb,openshift-user-workload-monitoring/user-workload,0.5,tgis-bam,1120.0179807526026
2024-05-20 15:29:59.285000086,tgi_batch_next_tokens,http,10.128.2.18:3000,tgis-bam,fmaas-monitoring,llama3-mig3g-40gb,openshift-user-workload-monitoring/user-workload,0.5,tgis-bam,1033.9069060039712
2024-05-20 15:30:04.285000086,tgi_batch_next_tokens,http,10.128.2.18:3000,tgis-bam,fmaas-monitoring,llama3-mig3g-40gb,openshift-user-workload-monitoring/user-workload,0.5,tgis-bam,1033.9069060039712
2024-05-20 15:30:09.285000086,tgi_batch_next_tokens,http,10.128.2.18:3000,tgis-bam,fmaas-monitoring,llama3-mig3g-40gb,openshift-user-workload-monitoring/user-workload,0.5,tgis-bam,1120.0179807526026
2024-05-20 15:30:14.285000086,tgi_batch_next_tokens,http,10.128.2.18:3000,tgis-bam,fmaas-monitoring,llama3-mig3g-40gb,openshift-user-workload-monitoring/user-workload,0.5,tgis-bam,1120.0179807526026
2024-05-20 15:30:19.285000086,tgi_batch_next_tokens,http,10.128.2.18:3000,tgis-bam,fmaas-monitoring,llama3-mig3g-40gb,openshift-user-workload-monitoring/user-workload,0.5,tgis-bam,1033.9069060039712
2024-05-20 15:30:24.285000086,tgi_batch_next_tokens,http,10.128.2.18:3000,tgis-bam,fmaas-monitoring,llama3-mig3g-40gb,openshift-user-workload-monitoring/user-workload,0.5,tgis-bam,1033.9069060039712
2024-05-20 15:30:29.285000086,tgi_batch_next_tokens,http,10.128.2.18:3000,tgis-bam,fmaas-monitoring,llama3-mig3g-40gb,openshift-user-workload-monitoring/user-workload,0.5,tgis-bam,393.0355300021753
2024-05-20 15:30:34.285000086,tgi_batch_next_tokens,http,10.128.2.18:3000,tgis-bam,fmaas-monitoring,llama3-mig3g-40gb,openshift-user-workload-monitoring/user-workload,0.5,tgis-bam,476.99214133232357
2024-05-20 15:30:39.285000086,tgi_batch_next_tokens,http,10.128.2.18:3000,tgis-bam,fmaas-monitoring,llama3-mig3g-40gb,openshift-user-workload-monitoring/user-workload,0.5,tgis-bam,476.99214133232357
2024-05-20 15:30:44.285000086,tgi_batch_next_tokens,http,10.128.2.18:3000,tgis-bam,fmaas-monitoring,llama3-mig3g-40gb,openshift-user-workload-monitoring/user-workload,0.5,tgis-bam,923.988862282607
2024-05-20 15:30:49.285000086,tgi_batch_next_tokens,http,10.128.2.18:3000,tgis-bam,fmaas-monitoring,llama3-mig3g-40gb,openshift-user-workload-monitoring/user-workload,0.5,tgis-bam,2490.154463495295
2024-05-20 15:30:54.285000086,tgi_batch_next_tokens,http,10.128.2.18:3000,tgis-bam,fmaas-monitoring,llama3-mig3g-40gb,openshift-user-workload-monitoring/user-workload,0.5,tgis-bam,2490.154463495295
2024-05-20 15:30:59.285000086,tgi_batch_next_tokens,http,10.128.2.18:3000,tgis-bam,fmaas-monitoring,llama3-mig3g-40gb,openshift-user-workload-monitoring/user-workload,0.5,tgis-bam,2490.154463495295
2024-05-20 15:31:04.285000086,tgi_batch_next_tokens,http,10.128.2.18:3000,tgis-bam,fmaas-monitoring,llama3-mig3g-40gb,openshift-user-workload-monitoring/user-workload,0.5,tgis-bam,2490.154463495295
2024-05-20 15:31:09.302999973,tgi_batch_next_tokens,http,10.128.2.18:3000,tgis-bam,fmaas-monitoring,llama3-mig3g-40gb,openshift-user-workload-monitoring/user-workload,0.5,tgis-bam,3559.9437467920866
2024-05-20 15:31:14.285000086,tgi_batch_next_tokens,http,10.128.2.18:3000,tgis-bam,fmaas-monitoring,llama3-mig3g-40gb,openshift-user-workload-monitoring/user-workload,0.5,tgis-bam,3559.9437467920866
2024-05-20 15:31:19.285000086,tgi_batch_next_tokens,http,10.128.2.18:3000,tgis-bam,fmaas-monitoring,llama3-mig3g-40gb,openshift-user-workload-monitoring/user-workload,0.5,tgis-bam,3559.9437467920866
2024-05-20 15:31:24.285000086,tgi_batch_next_tokens,http,10.128.2.18:3000,tgis-bam,fmaas-monitoring,llama3-mig3g-40gb,openshift-user-workload-monitoring/user-workload,0.5,tgis-bam,3559.9437467920866
2024-05-20 15:31:29.285000086,tgi_batch_next_tokens,http,10.128.2.18:3000,tgis-bam,fmaas-monitoring,llama3-mig3g-40gb,openshift-user-workload-monitoring/user-workload,0.5,tgis-bam,3559.9437467920866
2024-05-20 15:31:34.285000086,tgi_batch_next_tokens,http,10.128.2.18:3000,tgis-bam,fmaas-monitoring,llama3-mig3g-40gb,openshift-user-workload-monitoring/user-workload,0.5,tgis-bam,3559.9437467920866
2024-05-20 15:31:39.285000086,tgi_batch_next_tokens,http,10.128.2.18:3000,tgis-bam,fmaas-monitoring,llama3-mig3g-40gb,openshift-user-workload-monitoring/user-workload,0.5,tgis-bam,660.0397210647764
2024-05-20 15:31:44.285000086,tgi_batch_next_tokens,http,10.128.2.18:3000,tgis-bam,fmaas-monitoring,llama3-mig3g-40gb,openshift-user-workload-monitoring/user-workload,0.5,tgis-bam,947.9483501888955
2024-05-20 15:31:49.285000086,tgi_batch_next_tokens,http,10.128.2.18:3000,tgis-bam,fmaas-monitoring,llama3-mig3g-40gb,openshift-user-workload-monitoring/user-workload,0.5,tgis-bam,947.9483501888955
2024-05-20 15:31:54.285000086,tgi_batch_next_tokens,http,10.128.2.18:3000,tgis-bam,fmaas-monitoring,llama3-mig3g-40gb,openshift-user-workload-monitoring/user-workload,0.5,tgis-bam,947.9483501888955
2024-05-20 15:31:59.305999994,tgi_batch_next_tokens,http,10.128.2.18:3000,tgis-bam,fmaas-monitoring,llama3-mig3g-40gb,openshift-user-workload-monitoring/user-workload,0.5,tgis-bam,1158.058318790892
2024-05-20 15:32:04.285000086,tgi_batch_next_tokens,http,10.128.2.18:3000,tgis-bam,fmaas-monitoring,llama3-mig3g-40gb,openshift-user-workload-monitoring/user-workload,0.5,tgis-bam,1158.058318790892
2024-05-20 15:32:09.285000086,tgi_batch_next_tokens,http,10.128.2.18:3000,tgis-bam,fmaas-monitoring,llama3-mig3g-40gb,openshift-user-workload-monitoring/user-workload,0.5,tgis-bam,1158.058318790892
2024-05-20 15:32:14.285000086,tgi_batch_next_tokens,http,10.128.2.18:3000,tgis-bam,fmaas-monitoring,llama3-mig3g-40gb,openshift-user-workload-monitoring/user-workload,0.5,tgis-bam,1158.058318790892
2024-05-20 15:32:19.285000086,tgi_batch_next_tokens,http,10.128.2.18:3000,tgis-bam,fmaas-monitoring,llama3-mig3g-40gb,openshift-user-workload-monitoring/user-workload,0.5,tgis-bam,1158.058318790892
2024-05-20 15:32:24.285000086,tgi_batch_next_tokens,http,10.128.2.18:3000,tgis-bam,fmaas-monitoring,llama3-mig3g-40gb,openshift-user-workload-monitoring/user-workload,0.5,tgis-bam,1158.058318790892
2024-05-20 15:32:29.285000086,tgi_batch_next_tokens,http,10.128.2.18:3000,tgis-bam,fmaas-monitoring,llama3-mig3g-40gb,openshift-user-workload-monitoring/user-workload,0.5,tgis-bam,2803.152684400496
2024-05-20 15:32:34.285000086,tgi_batch_next_tokens,http,10.128.2.18:3000,tgis-bam,fmaas-monitoring,llama3-mig3g-40gb,openshift-user-workload-monitoring/user-workload,0.5,tgis-bam,1679.9175935820724
2024-05-20 15:32:39.285000086,tgi_batch_next_tokens,http,10.128.2.18:3000,tgis-bam,fmaas-monitoring,llama3-mig3g-40gb,openshift-user-workload-monitoring/user-workload,0.5,tgis-bam,1070.9485373373095
2024-05-20 15:32:44.285000086,tgi_batch_next_tokens,http,10.128.2.18:3000,tgis-bam,fmaas-monitoring,llama3-mig3g-40gb,openshift-user-workload-monitoring/user-workload,0.5,tgis-bam,591.9960817984088
2024-05-20 15:32:49.285000086,tgi_batch_next_tokens,http,10.128.2.18:3000,tgis-bam,fmaas-monitoring,llama3-mig3g-40gb,openshift-user-workload-monitoring/user-workload,0.5,tgis-bam,492.99548494211774
2024-05-20 15:32:54.285000086,tgi_batch_next_tokens,http,10.128.2.18:3000,tgis-bam,fmaas-monitoring,llama3-mig3g-40gb,openshift-user-workload-monitoring/user-workload,0.5,tgis-bam,492.99548494211774
2024-05-20 15:32:59.285000086,tgi_batch_next_tokens,http,10.128.2.18:3000,tgis-bam,fmaas-monitoring,llama3-mig3g-40gb,openshift-user-workload-monitoring/user-workload,0.5,tgis-bam,591.9960817984088
2024-05-20 15:33:04.285000086,tgi_batch_next_tokens,http,10.128.2.18:3000,tgis-bam,fmaas-monitoring,llama3-mig3g-40gb,openshift-user-workload-monitoring/user-workload,0.5,tgis-bam,591.9960817984088
2024-05-20 15:33:09.285000086,tgi_batch_next_tokens,http,10.128.2.18:3000,tgis-bam,fmaas-monitoring,llama3-mig3g-40gb,openshift-user-workload-monitoring/user-workload,0.5,tgis-bam,591.9960817984088
2024-05-20 15:33:14.285000086,tgi_batch_next_tokens,http,10.128.2.18:3000,tgis-bam,fmaas-monitoring,llama3-mig3g-40gb,openshift-user-workload-monitoring/user-workload,0.5,tgis-bam,591.9960817984088
2024-05-20 15:33:19.285000086,tgi_batch_next_tokens,http,10.128.2.18:3000,tgis-bam,fmaas-monitoring,llama3-mig3g-40gb,openshift-user-workload-monitoring/user-workload,0.5,tgis-bam,591.9960817984088
2024-05-20 15:33:24.285000086,tgi_batch_next_tokens,http,10.128.2.18:3000,tgis-bam,fmaas-monitoring,llama3-mig3g-40gb,openshift-user-workload-monitoring/user-workload,0.5,tgis-bam,492.99548494211774
2024-05-20 15:23:29.285000086,tgi_batch_next_tokens,http,10.128.2.18:3000,tgis-bam,fmaas-monitoring,llama3-mig3g-40gb,openshift-user-workload-monitoring/user-workload,0.9,tgis-bam,6236.036131172716
2024-05-20 15:23:34.285000086,tgi_batch_next_tokens,http,10.128.2.18:3000,tgis-bam,fmaas-monitoring,llama3-mig3g-40gb,openshift-user-workload-monitoring/user-workload,0.9,tgis-bam,5456.157266874592
2024-05-20 15:23:39.285000086,tgi_batch_next_tokens,http,10.128.2.18:3000,tgis-bam,fmaas-monitoring,llama3-mig3g-40gb,openshift-user-workload-monitoring/user-workload,0.9,tgis-bam,5928.342986113712
2024-05-20 15:23:44.285000086,tgi_batch_next_tokens,http,10.128.2.18:3000,tgis-bam,fmaas-monitoring,llama3-mig3g-40gb,openshift-user-workload-monitoring/user-workload,0.9,tgis-bam,5730.167399445717
2024-05-20 15:23:49.285000086,tgi_batch_next_tokens,http,10.128.2.18:3000,tgis-bam,fmaas-monitoring,llama3-mig3g-40gb,openshift-user-workload-monitoring/user-workload,0.9,tgis-bam,5928.342986113712
2024-05-20 15:23:54.285000086,tgi_batch_next_tokens,http,10.128.2.18:3000,tgis-bam,fmaas-monitoring,llama3-mig3g-40gb,openshift-user-workload-monitoring/user-workload,0.9,tgis-bam,5730.167399445717
2024-05-20 15:23:59.285000086,tgi_batch_next_tokens,http,10.128.2.18:3000,tgis-bam,fmaas-monitoring,llama3-mig3g-40gb,openshift-user-workload-monitoring/user-workload,0.9,tgis-bam,5928.342986113712
2024-05-20 15:24:04.285000086,tgi_batch_next_tokens,http,10.128.2.18:3000,tgis-bam,fmaas-monitoring,llama3-mig3g-40gb,openshift-user-workload-monitoring/user-workload,0.9,tgis-bam,5928.342986113712
2024-05-20 15:24:09.285000086,tgi_batch_next_tokens,http,10.128.2.18:3000,tgis-bam,fmaas-monitoring,llama3-mig3g-40gb,openshift-user-workload-monitoring/user-workload,0.9,tgis-bam,5928.342986113712
2024-05-20 15:24:14.285000086,tgi_batch_next_tokens,http,10.128.2.18:3000,tgis-bam,fmaas-monitoring,llama3-mig3g-40gb,openshift-user-workload-monitoring/user-workload,0.9,tgis-bam,5928.342986113712
2024-05-20 15:24:19.285000086,tgi_batch_next_tokens,http,10.128.2.18:3000,tgis-bam,fmaas-monitoring,llama3-mig3g-40gb,openshift-user-workload-monitoring/user-workload,0.9,tgis-bam,5928.342986113712
2024-05-20 15:24:24.285000086,tgi_batch_next_tokens,http,10.128.2.18:3000,tgis-bam,fmaas-monitoring,llama3-mig3g-40gb,openshift-user-workload-monitoring/user-workload,0.9,tgis-bam,5928.342986113712
2024-05-20 15:24:29.285000086,tgi_batch_next_tokens,http,10.128.2.18:3000,tgis-bam,fmaas-monitoring,llama3-mig3g-40gb,openshift-user-workload-monitoring/user-workload,0.9,tgis-bam,5433.289462282797
2024-05-20 15:24:34.285000086,tgi_batch_next_tokens,http,10.128.2.18:3000,tgis-bam,fmaas-monitoring,llama3-mig3g-40gb,openshift-user-workload-monitoring/user-workload,0.9,tgis-bam,5433.289462282797
2024-05-20 15:24:39.285000086,tgi_batch_next_tokens,http,10.128.2.18:3000,tgis-bam,fmaas-monitoring,llama3-mig3g-40gb,openshift-user-workload-monitoring/user-workload,0.9,tgis-bam,5433.289462282797
2024-05-20 15:24:44.285000086,tgi_batch_next_tokens,http,10.128.2.18:3000,tgis-bam,fmaas-monitoring,llama3-mig3g-40gb,openshift-user-workload-monitoring/user-workload,0.9,tgis-bam,4435.963068330709
2024-05-20 15:24:49.285000086,tgi_batch_next_tokens,http,10.128.2.18:3000,tgis-bam,fmaas-monitoring,llama3-mig3g-40gb,openshift-user-workload-monitoring/user-workload,0.9,tgis-bam,3865.70759750682
2024-05-20 15:24:54.285000086,tgi_batch_next_tokens,http,10.128.2.18:3000,tgis-bam,fmaas-monitoring,llama3-mig3g-40gb,openshift-user-workload-monitoring/user-workload,0.9,tgis-bam,3865.70759750682
2024-05-20 15:24:59.285000086,tgi_batch_next_tokens,http,10.128.2.18:3000,tgis-bam,fmaas-monitoring,llama3-mig3g-40gb,openshift-user-workload-monitoring/user-workload,0.9,tgis-bam,3974.6819949815863
2024-05-20 15:25:04.285000086,tgi_batch_next_tokens,http,10.128.2.18:3000,tgis-bam,fmaas-monitoring,llama3-mig3g-40gb,openshift-user-workload-monitoring/user-workload,0.9,tgis-bam,3974.6819949815863
2024-05-20 15:25:09.285000086,tgi_batch_next_tokens,http,10.128.2.18:3000,tgis-bam,fmaas-monitoring,llama3-mig3g-40gb,openshift-user-workload-monitoring/user-workload,0.9,tgis-bam,3974.6819949815863
2024-05-20 15:25:14.285000086,tgi_batch_next_tokens,http,10.128.2.18:3000,tgis-bam,fmaas-monitoring,llama3-mig3g-40gb,openshift-user-workload-monitoring/user-workload,0.9,tgis-bam,3974.6819949815863
2024-05-20 15:25:19.285000086,tgi_batch_next_tokens,http,10.128.2.18:3000,tgis-bam,fmaas-monitoring,llama3-mig3g-40gb,openshift-user-workload-monitoring/user-workload,0.9,tgis-bam,3974.6819949815863
2024-05-20 15:25:24.285000086,tgi_batch_next_tokens,http,10.128.2.18:3000,tgis-bam,fmaas-monitoring,llama3-mig3g-40gb,openshift-user-workload-monitoring/user-workload,0.9,tgis-bam,3974.6819949815863
2024-05-20 15:25:29.285000086,tgi_batch_next_tokens,http,10.128.2.18:3000,tgis-bam,fmaas-monitoring,llama3-mig3g-40gb,openshift-user-workload-monitoring/user-workload,0.9,tgis-bam,4563.750411269138
2024-05-20 15:25:34.285000086,tgi_batch_next_tokens,http,10.128.2.18:3000,tgis-bam,fmaas-monitoring,llama3-mig3g-40gb,openshift-user-workload-monitoring/user-workload,0.9,tgis-bam,5141.4993769243865
2024-05-20 15:25:39.285000086,tgi_batch_next_tokens,http,10.128.2.18:3000,tgis-bam,fmaas-monitoring,llama3-mig3g-40gb,openshift-user-workload-monitoring/user-workload,0.9,tgis-bam,5141.4993769243865
2024-05-20 15:25:44.285000086,tgi_batch_next_tokens,http,10.128.2.18:3000,tgis-bam,fmaas-monitoring,llama3-mig3g-40gb,openshift-user-workload-monitoring/user-workload,0.9,tgis-bam,6437.528835307323
2024-05-20 15:25:49.285000086,tgi_batch_next_tokens,http,10.128.2.18:3000,tgis-bam,fmaas-monitoring,llama3-mig3g-40gb,openshift-user-workload-monitoring/user-workload,0.9,tgis-bam,7488.322040192708
2024-05-20 15:25:54.285000086,tgi_batch_next_tokens,http,10.128.2.18:3000,tgis-bam,fmaas-monitoring,llama3-mig3g-40gb,openshift-user-workload-monitoring/user-workload,0.9,tgis-bam,7488.322040192708
2024-05-20 15:25:59.285000086,tgi_batch_next_tokens,http,10.128.2.18:3000,tgis-bam,fmaas-monitoring,llama3-mig3g-40gb,openshift-user-workload-monitoring/user-workload,0.9,tgis-bam,6437.528835307323
2024-05-20 15:26:04.285000086,tgi_batch_next_tokens,http,10.128.2.18:3000,tgis-bam,fmaas-monitoring,llama3-mig3g-40gb,openshift-user-workload-monitoring/user-workload,0.9,tgis-bam,6437.528835307323
2024-05-20 15:26:09.285000086,tgi_batch_next_tokens,http,10.128.2.18:3000,tgis-bam,fmaas-monitoring,llama3-mig3g-40gb,openshift-user-workload-monitoring/user-workload,0.9,tgis-bam,6437.528835307323
2024-05-20 15:26:14.285000086,tgi_batch_next_tokens,http,10.128.2.18:3000,tgis-bam,fmaas-monitoring,llama3-mig3g-40gb,openshift-user-workload-monitoring/user-workload,0.9,tgis-bam,6437.528835307323
2024-05-20 15:26:19.305999994,tgi_batch_next_tokens,http,10.128.2.18:3000,tgis-bam,fmaas-monitoring,llama3-mig3g-40gb,openshift-user-workload-monitoring/user-workload,0.9,tgis-bam,6437.528835307323
2024-05-20 15:26:24.285000086,tgi_batch_next_tokens,http,10.128.2.18:3000,tgis-bam,fmaas-monitoring,llama3-mig3g-40gb,openshift-user-workload-monitoring/user-workload,0.9,tgis-bam,6437.528835307323
2024-05-20 15:26:29.285000086,tgi_batch_next_tokens,http,10.128.2.18:3000,tgis-bam,fmaas-monitoring,llama3-mig3g-40gb,openshift-user-workload-monitoring/user-workload,0.9,tgis-bam,3528.0479991251423
2024-05-20 15:26:34.285000086,tgi_batch_next_tokens,http,10.128.2.18:3000,tgis-bam,fmaas-monitoring,llama3-mig3g-40gb,openshift-user-workload-monitoring/user-workload,0.9,tgis-bam,3528.0479991251423
2024-05-20 15:26:39.286999941,tgi_batch_next_tokens,http,10.128.2.18:3000,tgis-bam,fmaas-monitoring,llama3-mig3g-40gb,openshift-user-workload-monitoring/user-workload,0.9,tgis-bam,4762.366669932339
2024-05-20 15:26:44.285000086,tgi_batch_next_tokens,http,10.128.2.18:3000,tgis-bam,fmaas-monitoring,llama3-mig3g-40gb,openshift-user-workload-monitoring/user-workload,0.9,tgis-bam,4762.366669932339
2024-05-20 15:26:49.285000086,tgi_batch_next_tokens,http,10.128.2.18:3000,tgis-bam,fmaas-monitoring,llama3-mig3g-40gb,openshift-user-workload-monitoring/user-workload,0.9,tgis-bam,4762.366669932339
2024-05-20 15:26:54.285000086,tgi_batch_next_tokens,http,10.128.2.18:3000,tgis-bam,fmaas-monitoring,llama3-mig3g-40gb,openshift-user-workload-monitoring/user-workload,0.9,tgis-bam,4762.366669932339
2024-05-20 15:26:59.285000086,tgi_batch_next_tokens,http,10.128.2.18:3000,tgis-bam,fmaas-monitoring,llama3-mig3g-40gb,openshift-user-workload-monitoring/user-workload,0.9,tgis-bam,4898.576948875989
2024-05-20 15:27:04.285000086,tgi_batch_next_tokens,http,10.128.2.18:3000,tgis-bam,fmaas-monitoring,llama3-mig3g-40gb,openshift-user-workload-monitoring/user-workload,0.9,tgis-bam,4762.366669932339
2024-05-20 15:27:09.285000086,tgi_batch_next_tokens,http,10.128.2.18:3000,tgis-bam,fmaas-monitoring,llama3-mig3g-40gb,openshift-user-workload-monitoring/user-workload,0.9,tgis-bam,4898.576948875989
2024-05-20 15:27:14.285000086,tgi_batch_next_tokens,http,10.128.2.18:3000,tgis-bam,fmaas-monitoring,llama3-mig3g-40gb,openshift-user-workload-monitoring/user-workload,0.9,tgis-bam,4898.576948875989
2024-05-20 15:27:19.285000086,tgi_batch_next_tokens,http,10.128.2.18:3000,tgis-bam,fmaas-monitoring,llama3-mig3g-40gb,openshift-user-workload-monitoring/user-workload,0.9,tgis-bam,4898.576948875989
2024-05-20 15:27:24.285000086,tgi_batch_next_tokens,http,10.128.2.18:3000,tgis-bam,fmaas-monitoring,llama3-mig3g-40gb,openshift-user-workload-monitoring/user-workload,0.9,tgis-bam,4898.576948875989
2024-05-20 15:27:29.285000086,tgi_batch_next_tokens,http,10.128.2.18:3000,tgis-bam,fmaas-monitoring,llama3-mig3g-40gb,openshift-user-workload-monitoring/user-workload,0.9,tgis-bam,3615.9143047019893
2024-05-20 15:27:34.285000086,tgi_batch_next_tokens,http,10.128.2.18:3000,tgis-bam,fmaas-monitoring,llama3-mig3g-40gb,openshift-user-workload-monitoring/user-workload,0.9,tgis-bam,4753.802120305006
2024-05-20 15:27:39.285000086,tgi_batch_next_tokens,http,10.128.2.18:3000,tgis-bam,fmaas-monitoring,llama3-mig3g-40gb,openshift-user-workload-monitoring/user-workload,0.9,tgis-bam,4563.750411269138
2024-05-20 15:27:44.285000086,tgi_batch_next_tokens,http,10.128.2.18:3000,tgis-bam,fmaas-monitoring,llama3-mig3g-40gb,openshift-user-workload-monitoring/user-workload,0.9,tgis-bam,4563.750411269138
2024-05-20 15:27:49.285000086,tgi_batch_next_tokens,http,10.128.2.18:3000,tgis-bam,fmaas-monitoring,llama3-mig3g-40gb,openshift-user-workload-monitoring/user-workload,0.9,tgis-bam,3798.2663672659937
2024-05-20 15:27:54.285000086,tgi_batch_next_tokens,http,10.128.2.18:3000,tgis-bam,fmaas-monitoring,llama3-mig3g-40gb,openshift-user-workload-monitoring/user-workload,0.9,tgis-bam,4563.750411269138
2024-05-20 15:27:59.289000034,tgi_batch_next_tokens,http,10.128.2.18:3000,tgis-bam,fmaas-monitoring,llama3-mig3g-40gb,openshift-user-workload-monitoring/user-workload,0.9,tgis-bam,4753.802120305006
2024-05-20 15:28:04.285000086,tgi_batch_next_tokens,http,10.128.2.18:3000,tgis-bam,fmaas-monitoring,llama3-mig3g-40gb,openshift-user-workload-monitoring/user-workload,0.9,tgis-bam,5265.334859356524
2024-05-20 15:28:09.285000086,tgi_batch_next_tokens,http,10.128.2.18:3000,tgis-bam,fmaas-monitoring,llama3-mig3g-40gb,openshift-user-workload-monitoring/user-workload,0.9,tgis-bam,5265.334859356524
2024-05-20 15:28:14.288000107,tgi_batch_next_tokens,http,10.128.2.18:3000,tgis-bam,fmaas-monitoring,llama3-mig3g-40gb,openshift-user-workload-monitoring/user-workload,0.9,tgis-bam,5265.334859356524
2024-05-20 15:28:19.285000086,tgi_batch_next_tokens,http,10.128.2.18:3000,tgis-bam,fmaas-monitoring,llama3-mig3g-40gb,openshift-user-workload-monitoring/user-workload,0.9,tgis-bam,5265.334859356524
2024-05-20 15:28:24.285000086,tgi_batch_next_tokens,http,10.128.2.18:3000,tgis-bam,fmaas-monitoring,llama3-mig3g-40gb,openshift-user-workload-monitoring/user-workload,0.9,tgis-bam,5265.334859356524
2024-05-20 15:28:29.285000086,tgi_batch_next_tokens,http,10.128.2.18:3000,tgis-bam,fmaas-monitoring,llama3-mig3g-40gb,openshift-user-workload-monitoring/user-workload,0.9,tgis-bam,6345.492670537892
2024-05-20 15:28:34.285000086,tgi_batch_next_tokens,http,10.128.2.18:3000,tgis-bam,fmaas-monitoring,llama3-mig3g-40gb,openshift-user-workload-monitoring/user-workload,0.9,tgis-bam,6965.328325870766
2024-05-20 15:28:39.285000086,tgi_batch_next_tokens,http,10.128.2.18:3000,tgis-bam,fmaas-monitoring,llama3-mig3g-40gb,openshift-user-workload-monitoring/user-workload,0.9,tgis-bam,6965.328325870766
2024-05-20 15:28:44.285000086,tgi_batch_next_tokens,http,10.128.2.18:3000,tgis-bam,fmaas-monitoring,llama3-mig3g-40gb,openshift-user-workload-monitoring/user-workload,0.9,tgis-bam,6965.328325870766
2024-05-20 15:28:49.285000086,tgi_batch_next_tokens,http,10.128.2.18:3000,tgis-bam,fmaas-monitoring,llama3-mig3g-40gb,openshift-user-workload-monitoring/user-workload,0.9,tgis-bam,6351.841337033787
2024-05-20 15:28:54.285000086,tgi_batch_next_tokens,http,10.128.2.18:3000,tgis-bam,fmaas-monitoring,llama3-mig3g-40gb,openshift-user-workload-monitoring/user-workload,0.9,tgis-bam,6351.841337033787
2024-05-20 15:28:59.285000086,tgi_batch_next_tokens,http,10.128.2.18:3000,tgis-bam,fmaas-monitoring,llama3-mig3g-40gb,openshift-user-workload-monitoring/user-workload,0.9,tgis-bam,6351.841337033787
2024-05-20 15:29:04.285000086,tgi_batch_next_tokens,http,10.128.2.18:3000,tgis-bam,fmaas-monitoring,llama3-mig3g-40gb,openshift-user-workload-monitoring/user-workload,0.9,tgis-bam,6351.841337033787
2024-05-20 15:29:09.285000086,tgi_batch_next_tokens,http,10.128.2.18:3000,tgis-bam,fmaas-monitoring,llama3-mig3g-40gb,openshift-user-workload-monitoring/user-workload,0.9,tgis-bam,6351.841337033787
2024-05-20 15:29:14.285000086,tgi_batch_next_tokens,http,10.128.2.18:3000,tgis-bam,fmaas-monitoring,llama3-mig3g-40gb,openshift-user-workload-monitoring/user-workload,0.9,tgis-bam,6351.841337033787
2024-05-20 15:29:19.285000086,tgi_batch_next_tokens,http,10.128.2.18:3000,tgis-bam,fmaas-monitoring,llama3-mig3g-40gb,openshift-user-workload-monitoring/user-workload,0.9,tgis-bam,6351.841337033787
2024-05-20 15:29:24.285000086,tgi_batch_next_tokens,http,10.128.2.18:3000,tgis-bam,fmaas-monitoring,llama3-mig3g-40gb,openshift-user-workload-monitoring/user-workload,0.9,tgis-bam,6351.841337033787
2024-05-20 15:29:29.285000086,tgi_batch_next_tokens,http,10.128.2.18:3000,tgis-bam,fmaas-monitoring,llama3-mig3g-40gb,openshift-user-workload-monitoring/user-workload,0.9,tgis-bam,5701.588070216542
2024-05-20 15:29:34.301000118,tgi_batch_next_tokens,http,10.128.2.18:3000,tgis-bam,fmaas-monitoring,llama3-mig3g-40gb,openshift-user-workload-monitoring/user-workload,0.9,tgis-bam,5701.588070216542
2024-05-20 15:29:39.285000086,tgi_batch_next_tokens,http,10.128.2.18:3000,tgis-bam,fmaas-monitoring,llama3-mig3g-40gb,openshift-user-workload-monitoring/user-workload,0.9,tgis-bam,5622.321994176591
2024-05-20 15:29:44.285000086,tgi_batch_next_tokens,http,10.128.2.18:3000,tgis-bam,fmaas-monitoring,llama3-mig3g-40gb,openshift-user-workload-monitoring/user-workload,0.9,tgis-bam,5622.321994176591
2024-05-20 15:29:49.285000086,tgi_batch_next_tokens,http,10.128.2.18:3000,tgis-bam,fmaas-monitoring,llama3-mig3g-40gb,openshift-user-workload-monitoring/user-workload,0.9,tgis-bam,3587.10239148458
2024-05-20 15:29:54.285000086,tgi_batch_next_tokens,http,10.128.2.18:3000,tgis-bam,fmaas-monitoring,llama3-mig3g-40gb,openshift-user-workload-monitoring/user-workload,0.9,tgis-bam,3992.209127231786
2024-05-20 15:29:59.285000086,tgi_batch_next_tokens,http,10.128.2.18:3000,tgis-bam,fmaas-monitoring,llama3-mig3g-40gb,openshift-user-workload-monitoring/user-workload,0.9,tgis-bam,5622.321994176591
2024-05-20 15:30:04.285000086,tgi_batch_next_tokens,http,10.128.2.18:3000,tgis-bam,fmaas-monitoring,llama3-mig3g-40gb,openshift-user-workload-monitoring/user-workload,0.9,tgis-bam,5622.321994176591
2024-05-20 15:30:09.285000086,tgi_batch_next_tokens,http,10.128.2.18:3000,tgis-bam,fmaas-monitoring,llama3-mig3g-40gb,openshift-user-workload-monitoring/user-workload,0.9,tgis-bam,5622.321994176591
2024-05-20 15:30:14.285000086,tgi_batch_next_tokens,http,10.128.2.18:3000,tgis-bam,fmaas-monitoring,llama3-mig3g-40gb,openshift-user-workload-monitoring/user-workload,0.9,tgis-bam,5622.321994176591
2024-05-20 15:30:19.285000086,tgi_batch_next_tokens,http,10.128.2.18:3000,tgis-bam,fmaas-monitoring,llama3-mig3g-40gb,openshift-user-workload-monitoring/user-workload,0.9,tgis-bam,5622.321994176591
2024-05-20 15:30:24.285000086,tgi_batch_next_tokens,http,10.128.2.18:3000,tgis-bam,fmaas-monitoring,llama3-mig3g-40gb,openshift-user-workload-monitoring/user-workload,0.9,tgis-bam,5622.321994176591
2024-05-20 15:30:29.285000086,tgi_batch_next_tokens,http,10.128.2.18:3000,tgis-bam,fmaas-monitoring,llama3-mig3g-40gb,openshift-user-workload-monitoring/user-workload,0.9,tgis-bam,8431.247514267778
2024-05-20 15:30:34.285000086,tgi_batch_next_tokens,http,10.128.2.18:3000,tgis-bam,fmaas-monitoring,llama3-mig3g-40gb,openshift-user-workload-monitoring/user-workload,0.9,tgis-bam,8431.247514267778
2024-05-20 15:30:39.285000086,tgi_batch_next_tokens,http,10.128.2.18:3000,tgis-bam,fmaas-monitoring,llama3-mig3g-40gb,openshift-user-workload-monitoring/user-workload,0.9,tgis-bam,8431.247514267778
2024-05-20 15:30:44.285000086,tgi_batch_next_tokens,http,10.128.2.18:3000,tgis-bam,fmaas-monitoring,llama3-mig3g-40gb,openshift-user-workload-monitoring/user-workload,0.9,tgis-bam,9472.044219155305
2024-05-20 15:30:49.285000086,tgi_batch_next_tokens,http,10.128.2.18:3000,tgis-bam,fmaas-monitoring,llama3-mig3g-40gb,openshift-user-workload-monitoring/user-workload,0.9,tgis-bam,10391.048837569067
2024-05-20 15:30:54.285000086,tgi_batch_next_tokens,http,10.128.2.18:3000,tgis-bam,fmaas-monitoring,llama3-mig3g-40gb,openshift-user-workload-monitoring/user-workload,0.9,tgis-bam,8747.297069216493
2024-05-20 15:30:59.285000086,tgi_batch_next_tokens,http,10.128.2.18:3000,tgis-bam,fmaas-monitoring,llama3-mig3g-40gb,openshift-user-workload-monitoring/user-workload,0.9,tgis-bam,8747.297069216493
2024-05-20 15:31:04.285000086,tgi_batch_next_tokens,http,10.128.2.18:3000,tgis-bam,fmaas-monitoring,llama3-mig3g-40gb,openshift-user-workload-monitoring/user-workload,0.9,tgis-bam,8747.297069216493
2024-05-20 15:31:09.302999973,tgi_batch_next_tokens,http,10.128.2.18:3000,tgis-bam,fmaas-monitoring,llama3-mig3g-40gb,openshift-user-workload-monitoring/user-workload,0.9,tgis-bam,8747.297069216493
2024-05-20 15:31:14.285000086,tgi_batch_next_tokens,http,10.128.2.18:3000,tgis-bam,fmaas-monitoring,llama3-mig3g-40gb,openshift-user-workload-monitoring/user-workload,0.9,tgis-bam,8747.297069216493
2024-05-20 15:31:19.285000086,tgi_batch_next_tokens,http,10.128.2.18:3000,tgis-bam,fmaas-monitoring,llama3-mig3g-40gb,openshift-user-workload-monitoring/user-workload,0.9,tgis-bam,8747.297069216493
2024-05-20 15:31:24.285000086,tgi_batch_next_tokens,http,10.128.2.18:3000,tgis-bam,fmaas-monitoring,llama3-mig3g-40gb,openshift-user-workload-monitoring/user-workload,0.9,tgis-bam,8747.297069216493
2024-05-20 15:31:29.285000086,tgi_batch_next_tokens,http,10.128.2.18:3000,tgis-bam,fmaas-monitoring,llama3-mig3g-40gb,openshift-user-workload-monitoring/user-workload,0.9,tgis-bam,6760.823792419772
2024-05-20 15:31:34.285000086,tgi_batch_next_tokens,http,10.128.2.18:3000,tgis-bam,fmaas-monitoring,llama3-mig3g-40gb,openshift-user-workload-monitoring/user-workload,0.9,tgis-bam,6760.823792419772
2024-05-20 15:31:39.285000086,tgi_batch_next_tokens,http,10.128.2.18:3000,tgis-bam,fmaas-monitoring,llama3-mig3g-40gb,openshift-user-workload-monitoring/user-workload,0.9,tgis-bam,6760.823792419772
2024-05-20 15:31:44.285000086,tgi_batch_next_tokens,http,10.128.2.18:3000,tgis-bam,fmaas-monitoring,llama3-mig3g-40gb,openshift-user-workload-monitoring/user-workload,0.9,tgis-bam,6760.823792419772
2024-05-20 15:31:49.285000086,tgi_batch_next_tokens,http,10.128.2.18:3000,tgis-bam,fmaas-monitoring,llama3-mig3g-40gb,openshift-user-workload-monitoring/user-workload,0.9,tgis-bam,6316.370436646481
2024-05-20 15:31:54.285000086,tgi_batch_next_tokens,http,10.128.2.18:3000,tgis-bam,fmaas-monitoring,llama3-mig3g-40gb,openshift-user-workload-monitoring/user-workload,0.9,tgis-bam,7641.1242525090975
2024-05-20 15:31:59.305999994,tgi_batch_next_tokens,http,10.128.2.18:3000,tgis-bam,fmaas-monitoring,llama3-mig3g-40gb,openshift-user-workload-monitoring/user-workload,0.9,tgis-bam,7641.1242525090975
2024-05-20 15:32:04.285000086,tgi_batch_next_tokens,http,10.128.2.18:3000,tgis-bam,fmaas-monitoring,llama3-mig3g-40gb,openshift-user-workload-monitoring/user-workload,0.9,tgis-bam,7299.053963166529
2024-05-20 15:32:09.285000086,tgi_batch_next_tokens,http,10.128.2.18:3000,tgis-bam,fmaas-monitoring,llama3-mig3g-40gb,openshift-user-workload-monitoring/user-workload,0.9,tgis-bam,7299.053963166529
2024-05-20 15:32:14.285000086,tgi_batch_next_tokens,http,10.128.2.18:3000,tgis-bam,fmaas-monitoring,llama3-mig3g-40gb,openshift-user-workload-monitoring/user-workload,0.9,tgis-bam,7299.053963166529
2024-05-20 15:32:19.285000086,tgi_batch_next_tokens,http,10.128.2.18:3000,tgis-bam,fmaas-monitoring,llama3-mig3g-40gb,openshift-user-workload-monitoring/user-workload,0.9,tgis-bam,7299.053963166529
2024-05-20 15:32:24.285000086,tgi_batch_next_tokens,http,10.128.2.18:3000,tgis-bam,fmaas-monitoring,llama3-mig3g-40gb,openshift-user-workload-monitoring/user-workload,0.9,tgis-bam,7299.053963166529
2024-05-20 15:32:29.285000086,tgi_batch_next_tokens,http,10.128.2.18:3000,tgis-bam,fmaas-monitoring,llama3-mig3g-40gb,openshift-user-workload-monitoring/user-workload,0.9,tgis-bam,7641.1242525090975
2024-05-20 15:32:34.285000086,tgi_batch_next_tokens,http,10.128.2.18:3000,tgis-bam,fmaas-monitoring,llama3-mig3g-40gb,openshift-user-workload-monitoring/user-workload,0.9,tgis-bam,7299.053963166529
2024-05-20 15:32:39.285000086,tgi_batch_next_tokens,http,10.128.2.18:3000,tgis-bam,fmaas-monitoring,llama3-mig3g-40gb,openshift-user-workload-monitoring/user-workload,0.9,tgis-bam,7299.053963166529
2024-05-20 15:32:44.285000086,tgi_batch_next_tokens,http,10.128.2.18:3000,tgis-bam,fmaas-monitoring,llama3-mig3g-40gb,openshift-user-workload-monitoring/user-workload,0.9,tgis-bam,7299.053963166529
2024-05-20 15:32:49.285000086,tgi_batch_next_tokens,http,10.128.2.18:3000,tgis-bam,fmaas-monitoring,llama3-mig3g-40gb,openshift-user-workload-monitoring/user-workload,0.9,tgis-bam,4646.641702516732
2024-05-20 15:32:54.285000086,tgi_batch_next_tokens,http,10.128.2.18:3000,tgis-bam,fmaas-monitoring,llama3-mig3g-40gb,openshift-user-workload-monitoring/user-workload,0.9,tgis-bam,4847.895747491682
2024-05-20 15:32:59.285000086,tgi_batch_next_tokens,http,10.128.2.18:3000,tgis-bam,fmaas-monitoring,llama3-mig3g-40gb,openshift-user-workload-monitoring/user-workload,0.9,tgis-bam,4847.895747491682
2024-05-20 15:33:04.285000086,tgi_batch_next_tokens,http,10.128.2.18:3000,tgis-bam,fmaas-monitoring,llama3-mig3g-40gb,openshift-user-workload-monitoring/user-workload,0.9,tgis-bam,4847.895747491682
2024-05-20 15:33:09.285000086,tgi_batch_next_tokens,http,10.128.2.18:3000,tgis-bam,fmaas-monitoring,llama3-mig3g-40gb,openshift-user-workload-monitoring/user-workload,0.9,tgis-bam,4847.895747491682
2024-05-20 15:33:14.285000086,tgi_batch_next_tokens,http,10.128.2.18:3000,tgis-bam,fmaas-monitoring,llama3-mig3g-40gb,openshift-user-workload-monitoring/user-workload,0.9,tgis-bam,4847.895747491682
2024-05-20 15:33:19.285000086,tgi_batch_next_tokens,http,10.128.2.18:3000,tgis-bam,fmaas-monitoring,llama3-mig3g-40gb,openshift-user-workload-monitoring/user-workload,0.9,tgis-bam,4847.895747491682
2024-05-20 15:33:24.285000086,tgi_batch_next_tokens,http,10.128.2.18:3000,tgis-bam,fmaas-monitoring,llama3-mig3g-40gb,openshift-user-workload-monitoring/user-workload,0.9,tgis-bam,4847.895747491682
2024-05-20 15:23:29.285000086,tgi_batch_next_tokens,http,10.128.2.18:3000,tgis-bam,fmaas-monitoring,llama3-mig3g-40gb,openshift-user-workload-monitoring/user-workload,0.95,tgis-bam,6236.036131172716
2024-05-20 15:23:34.285000086,tgi_batch_next_tokens,http,10.128.2.18:3000,tgis-bam,fmaas-monitoring,llama3-mig3g-40gb,openshift-user-workload-monitoring/user-workload,0.95,tgis-bam,6236.036131172716
2024-05-20 15:23:39.285000086,tgi_batch_next_tokens,http,10.128.2.18:3000,tgis-bam,fmaas-monitoring,llama3-mig3g-40gb,openshift-user-workload-monitoring/user-workload,0.95,tgis-bam,6236.036131172716
2024-05-20 15:23:44.285000086,tgi_batch_next_tokens,http,10.128.2.18:3000,tgis-bam,fmaas-monitoring,llama3-mig3g-40gb,openshift-user-workload-monitoring/user-workload,0.95,tgis-bam,5928.342986113712
2024-05-20 15:23:49.285000086,tgi_batch_next_tokens,http,10.128.2.18:3000,tgis-bam,fmaas-monitoring,llama3-mig3g-40gb,openshift-user-workload-monitoring/user-workload,0.95,tgis-bam,6345.492670537892
2024-05-20 15:23:54.285000086,tgi_batch_next_tokens,http,10.128.2.18:3000,tgis-bam,fmaas-monitoring,llama3-mig3g-40gb,openshift-user-workload-monitoring/user-workload,0.95,tgis-bam,5928.342986113712
2024-05-20 15:23:59.285000086,tgi_batch_next_tokens,http,10.128.2.18:3000,tgis-bam,fmaas-monitoring,llama3-mig3g-40gb,openshift-user-workload-monitoring/user-workload,0.95,tgis-bam,6345.492670537892
2024-05-20 15:24:04.285000086,tgi_batch_next_tokens,http,10.128.2.18:3000,tgis-bam,fmaas-monitoring,llama3-mig3g-40gb,openshift-user-workload-monitoring/user-workload,0.95,tgis-bam,6345.492670537892
2024-05-20 15:24:09.285000086,tgi_batch_next_tokens,http,10.128.2.18:3000,tgis-bam,fmaas-monitoring,llama3-mig3g-40gb,openshift-user-workload-monitoring/user-workload,0.95,tgis-bam,6345.492670537892
2024-05-20 15:24:14.285000086,tgi_batch_next_tokens,http,10.128.2.18:3000,tgis-bam,fmaas-monitoring,llama3-mig3g-40gb,openshift-user-workload-monitoring/user-workload,0.95,tgis-bam,6345.492670537892
2024-05-20 15:24:19.285000086,tgi_batch_next_tokens,http,10.128.2.18:3000,tgis-bam,fmaas-monitoring,llama3-mig3g-40gb,openshift-user-workload-monitoring/user-workload,0.95,tgis-bam,6345.492670537892
2024-05-20 15:24:24.285000086,tgi_batch_next_tokens,http,10.128.2.18:3000,tgis-bam,fmaas-monitoring,llama3-mig3g-40gb,openshift-user-workload-monitoring/user-workload,0.95,tgis-bam,6345.492670537892
2024-05-20 15:24:29.285000086,tgi_batch_next_tokens,http,10.128.2.18:3000,tgis-bam,fmaas-monitoring,llama3-mig3g-40gb,openshift-user-workload-monitoring/user-workload,0.95,tgis-bam,6600.495654202663
2024-05-20 15:24:34.285000086,tgi_batch_next_tokens,http,10.128.2.18:3000,tgis-bam,fmaas-monitoring,llama3-mig3g-40gb,openshift-user-workload-monitoring/user-workload,0.95,tgis-bam,6600.495654202663
2024-05-20 15:24:39.285000086,tgi_batch_next_tokens,http,10.128.2.18:3000,tgis-bam,fmaas-monitoring,llama3-mig3g-40gb,openshift-user-workload-monitoring/user-workload,0.95,tgis-bam,6600.495654202663
2024-05-20 15:24:44.285000086,tgi_batch_next_tokens,http,10.128.2.18:3000,tgis-bam,fmaas-monitoring,llama3-mig3g-40gb,openshift-user-workload-monitoring/user-workload,0.95,tgis-bam,5433.289462282797
2024-05-20 15:24:49.285000086,tgi_batch_next_tokens,http,10.128.2.18:3000,tgis-bam,fmaas-monitoring,llama3-mig3g-40gb,openshift-user-workload-monitoring/user-workload,0.95,tgis-bam,4563.750411269138
2024-05-20 15:24:54.285000086,tgi_batch_next_tokens,http,10.128.2.18:3000,tgis-bam,fmaas-monitoring,llama3-mig3g-40gb,openshift-user-workload-monitoring/user-workload,0.95,tgis-bam,3974.6819949815863
2024-05-20 15:24:59.285000086,tgi_batch_next_tokens,http,10.128.2.18:3000,tgis-bam,fmaas-monitoring,llama3-mig3g-40gb,openshift-user-workload-monitoring/user-workload,0.95,tgis-bam,4563.750411269138
2024-05-20 15:25:04.285000086,tgi_batch_next_tokens,http,10.128.2.18:3000,tgis-bam,fmaas-monitoring,llama3-mig3g-40gb,openshift-user-workload-monitoring/user-workload,0.95,tgis-bam,4563.750411269138
2024-05-20 15:25:09.285000086,tgi_batch_next_tokens,http,10.128.2.18:3000,tgis-bam,fmaas-monitoring,llama3-mig3g-40gb,openshift-user-workload-monitoring/user-workload,0.95,tgis-bam,4563.750411269138
2024-05-20 15:25:14.285000086,tgi_batch_next_tokens,http,10.128.2.18:3000,tgis-bam,fmaas-monitoring,llama3-mig3g-40gb,openshift-user-workload-monitoring/user-workload,0.95,tgis-bam,4563.750411269138
2024-05-20 15:25:19.285000086,tgi_batch_next_tokens,http,10.128.2.18:3000,tgis-bam,fmaas-monitoring,llama3-mig3g-40gb,openshift-user-workload-monitoring/user-workload,0.95,tgis-bam,4563.750411269138
2024-05-20 15:25:24.285000086,tgi_batch_next_tokens,http,10.128.2.18:3000,tgis-bam,fmaas-monitoring,llama3-mig3g-40gb,openshift-user-workload-monitoring/user-workload,0.95,tgis-bam,4563.750411269138
2024-05-20 15:25:29.285000086,tgi_batch_next_tokens,http,10.128.2.18:3000,tgis-bam,fmaas-monitoring,llama3-mig3g-40gb,openshift-user-workload-monitoring/user-workload,0.95,tgis-bam,4563.750411269138
2024-05-20 15:25:34.285000086,tgi_batch_next_tokens,http,10.128.2.18:3000,tgis-bam,fmaas-monitoring,llama3-mig3g-40gb,openshift-user-workload-monitoring/user-workload,0.95,tgis-bam,5141.4993769243865
2024-05-20 15:25:39.285000086,tgi_batch_next_tokens,http,10.128.2.18:3000,tgis-bam,fmaas-monitoring,llama3-mig3g-40gb,openshift-user-workload-monitoring/user-workload,0.95,tgis-bam,6312.5817510911875
2024-05-20 15:25:44.285000086,tgi_batch_next_tokens,http,10.128.2.18:3000,tgis-bam,fmaas-monitoring,llama3-mig3g-40gb,openshift-user-workload-monitoring/user-workload,0.95,tgis-bam,7488.322040192708
2024-05-20 15:25:49.285000086,tgi_batch_next_tokens,http,10.128.2.18:3000,tgis-bam,fmaas-monitoring,llama3-mig3g-40gb,openshift-user-workload-monitoring/user-workload,0.95,tgis-bam,7708.66288026974
2024-05-20 15:25:54.285000086,tgi_batch_next_tokens,http,10.128.2.18:3000,tgis-bam,fmaas-monitoring,llama3-mig3g-40gb,openshift-user-workload-monitoring/user-workload,0.95,tgis-bam,7708.66288026974
2024-05-20 15:25:59.285000086,tgi_batch_next_tokens,http,10.128.2.18:3000,tgis-bam,fmaas-monitoring,llama3-mig3g-40gb,openshift-user-workload-monitoring/user-workload,0.95,tgis-bam,7488.322040192708
2024-05-20 15:26:04.285000086,tgi_batch_next_tokens,http,10.128.2.18:3000,tgis-bam,fmaas-monitoring,llama3-mig3g-40gb,openshift-user-workload-monitoring/user-workload,0.95,tgis-bam,7488.322040192708
2024-05-20 15:26:09.285000086,tgi_batch_next_tokens,http,10.128.2.18:3000,tgis-bam,fmaas-monitoring,llama3-mig3g-40gb,openshift-user-workload-monitoring/user-workload,0.95,tgis-bam,7488.322040192708
2024-05-20 15:26:14.285000086,tgi_batch_next_tokens,http,10.128.2.18:3000,tgis-bam,fmaas-monitoring,llama3-mig3g-40gb,openshift-user-workload-monitoring/user-workload,0.95,tgis-bam,7488.322040192708
2024-05-20 15:26:19.305999994,tgi_batch_next_tokens,http,10.128.2.18:3000,tgis-bam,fmaas-monitoring,llama3-mig3g-40gb,openshift-user-workload-monitoring/user-workload,0.95,tgis-bam,7488.322040192708
2024-05-20 15:26:24.285000086,tgi_batch_next_tokens,http,10.128.2.18:3000,tgis-bam,fmaas-monitoring,llama3-mig3g-40gb,openshift-user-workload-monitoring/user-workload,0.95,tgis-bam,7488.322040192708
2024-05-20 15:26:29.285000086,tgi_batch_next_tokens,http,10.128.2.18:3000,tgis-bam,fmaas-monitoring,llama3-mig3g-40gb,openshift-user-workload-monitoring/user-workload,0.95,tgis-bam,3528.0479991251423
2024-05-20 15:26:34.285000086,tgi_batch_next_tokens,http,10.128.2.18:3000,tgis-bam,fmaas-monitoring,llama3-mig3g-40gb,openshift-user-workload-monitoring/user-workload,0.95,tgis-bam,4762.366669932339
2024-05-20 15:26:39.286999941,tgi_batch_next_tokens,http,10.128.2.18:3000,tgis-bam,fmaas-monitoring,llama3-mig3g-40gb,openshift-user-workload-monitoring/user-workload,0.95,tgis-bam,4898.576948875989
2024-05-20 15:26:44.285000086,tgi_batch_next_tokens,http,10.128.2.18:3000,tgis-bam,fmaas-monitoring,llama3-mig3g-40gb,openshift-user-workload-monitoring/user-workload,0.95,tgis-bam,4898.576948875989
2024-05-20 15:26:49.285000086,tgi_batch_next_tokens,http,10.128.2.18:3000,tgis-bam,fmaas-monitoring,llama3-mig3g-40gb,openshift-user-workload-monitoring/user-workload,0.95,tgis-bam,4898.576948875989
2024-05-20 15:26:54.285000086,tgi_batch_next_tokens,http,10.128.2.18:3000,tgis-bam,fmaas-monitoring,llama3-mig3g-40gb,openshift-user-workload-monitoring/user-workload,0.95,tgis-bam,4898.576948875989
2024-05-20 15:26:59.285000086,tgi_batch_next_tokens,http,10.128.2.18:3000,tgis-bam,fmaas-monitoring,llama3-mig3g-40gb,openshift-user-workload-monitoring/user-workload,0.95,tgis-bam,4959.697467304472
2024-05-20 15:27:04.285000086,tgi_batch_next_tokens,http,10.128.2.18:3000,tgis-bam,fmaas-monitoring,llama3-mig3g-40gb,openshift-user-workload-monitoring/user-workload,0.95,tgis-bam,4959.697467304472
2024-05-20 15:27:09.285000086,tgi_batch_next_tokens,http,10.128.2.18:3000,tgis-bam,fmaas-monitoring,llama3-mig3g-40gb,openshift-user-workload-monitoring/user-workload,0.95,tgis-bam,5769.265320165516
2024-05-20 15:27:14.285000086,tgi_batch_next_tokens,http,10.128.2.18:3000,tgis-bam,fmaas-monitoring,llama3-mig3g-40gb,openshift-user-workload-monitoring/user-workload,0.95,tgis-bam,5769.265320165516
2024-05-20 15:27:19.285000086,tgi_batch_next_tokens,http,10.128.2.18:3000,tgis-bam,fmaas-monitoring,llama3-mig3g-40gb,openshift-user-workload-monitoring/user-workload,0.95,tgis-bam,5769.265320165516
2024-05-20 15:27:24.285000086,tgi_batch_next_tokens,http,10.128.2.18:3000,tgis-bam,fmaas-monitoring,llama3-mig3g-40gb,openshift-user-workload-monitoring/user-workload,0.95,tgis-bam,5769.265320165516
2024-05-20 15:27:29.285000086,tgi_batch_next_tokens,http,10.128.2.18:3000,tgis-bam,fmaas-monitoring,llama3-mig3g-40gb,openshift-user-workload-monitoring/user-workload,0.95,tgis-bam,4959.697467304472
2024-05-20 15:27:34.285000086,tgi_batch_next_tokens,http,10.128.2.18:3000,tgis-bam,fmaas-monitoring,llama3-mig3g-40gb,openshift-user-workload-monitoring/user-workload,0.95,tgis-bam,4959.697467304472
2024-05-20 15:27:39.285000086,tgi_batch_next_tokens,http,10.128.2.18:3000,tgis-bam,fmaas-monitoring,llama3-mig3g-40gb,openshift-user-workload-monitoring/user-workload,0.95,tgis-bam,4959.697467304472
2024-05-20 15:27:44.285000086,tgi_batch_next_tokens,http,10.128.2.18:3000,tgis-bam,fmaas-monitoring,llama3-mig3g-40gb,openshift-user-workload-monitoring/user-workload,0.95,tgis-bam,4959.697467304472
2024-05-20 15:27:49.285000086,tgi_batch_next_tokens,http,10.128.2.18:3000,tgis-bam,fmaas-monitoring,llama3-mig3g-40gb,openshift-user-workload-monitoring/user-workload,0.95,tgis-bam,4563.750411269138
2024-05-20 15:27:54.285000086,tgi_batch_next_tokens,http,10.128.2.18:3000,tgis-bam,fmaas-monitoring,llama3-mig3g-40gb,openshift-user-workload-monitoring/user-workload,0.95,tgis-bam,4753.802120305006
2024-05-20 15:27:59.289000034,tgi_batch_next_tokens,http,10.128.2.18:3000,tgis-bam,fmaas-monitoring,llama3-mig3g-40gb,openshift-user-workload-monitoring/user-workload,0.95,tgis-bam,5674.286024717596
2024-05-20 15:28:04.285000086,tgi_batch_next_tokens,http,10.128.2.18:3000,tgis-bam,fmaas-monitoring,llama3-mig3g-40gb,openshift-user-workload-monitoring/user-workload,0.95,tgis-bam,6345.492670537892
2024-05-20 15:28:09.285000086,tgi_batch_next_tokens,http,10.128.2.18:3000,tgis-bam,fmaas-monitoring,llama3-mig3g-40gb,openshift-user-workload-monitoring/user-workload,0.95,tgis-bam,6345.492670537892
2024-05-20 15:28:14.288000107,tgi_batch_next_tokens,http,10.128.2.18:3000,tgis-bam,fmaas-monitoring,llama3-mig3g-40gb,openshift-user-workload-monitoring/user-workload,0.95,tgis-bam,6345.492670537892
2024-05-20 15:28:19.285000086,tgi_batch_next_tokens,http,10.128.2.18:3000,tgis-bam,fmaas-monitoring,llama3-mig3g-40gb,openshift-user-workload-monitoring/user-workload,0.95,tgis-bam,6345.492670537892
2024-05-20 15:28:24.285000086,tgi_batch_next_tokens,http,10.128.2.18:3000,tgis-bam,fmaas-monitoring,llama3-mig3g-40gb,openshift-user-workload-monitoring/user-workload,0.95,tgis-bam,6345.492670537892
2024-05-20 15:28:29.285000086,tgi_batch_next_tokens,http,10.128.2.18:3000,tgis-bam,fmaas-monitoring,llama3-mig3g-40gb,openshift-user-workload-monitoring/user-workload,0.95,tgis-bam,7073.424587328709
2024-05-20 15:28:34.285000086,tgi_batch_next_tokens,http,10.128.2.18:3000,tgis-bam,fmaas-monitoring,llama3-mig3g-40gb,openshift-user-workload-monitoring/user-workload,0.95,tgis-bam,7073.424587328709
2024-05-20 15:28:39.285000086,tgi_batch_next_tokens,http,10.128.2.18:3000,tgis-bam,fmaas-monitoring,llama3-mig3g-40gb,openshift-user-workload-monitoring/user-workload,0.95,tgis-bam,7073.424587328709
2024-05-20 15:28:44.285000086,tgi_batch_next_tokens,http,10.128.2.18:3000,tgis-bam,fmaas-monitoring,llama3-mig3g-40gb,openshift-user-workload-monitoring/user-workload,0.95,tgis-bam,7073.424587328709
2024-05-20 15:28:49.285000086,tgi_batch_next_tokens,http,10.128.2.18:3000,tgis-bam,fmaas-monitoring,llama3-mig3g-40gb,openshift-user-workload-monitoring/user-workload,0.95,tgis-bam,6965.328325870766
2024-05-20 15:28:54.285000086,tgi_batch_next_tokens,http,10.128.2.18:3000,tgis-bam,fmaas-monitoring,llama3-mig3g-40gb,openshift-user-workload-monitoring/user-workload,0.95,tgis-bam,6965.328325870766
2024-05-20 15:28:59.285000086,tgi_batch_next_tokens,http,10.128.2.18:3000,tgis-bam,fmaas-monitoring,llama3-mig3g-40gb,openshift-user-workload-monitoring/user-workload,0.95,tgis-bam,6965.328325870766
2024-05-20 15:29:04.285000086,tgi_batch_next_tokens,http,10.128.2.18:3000,tgis-bam,fmaas-monitoring,llama3-mig3g-40gb,openshift-user-workload-monitoring/user-workload,0.95,tgis-bam,6965.328325870766
2024-05-20 15:29:09.285000086,tgi_batch_next_tokens,http,10.128.2.18:3000,tgis-bam,fmaas-monitoring,llama3-mig3g-40gb,openshift-user-workload-monitoring/user-workload,0.95,tgis-bam,6965.328325870766
2024-05-20 15:29:14.285000086,tgi_batch_next_tokens,http,10.128.2.18:3000,tgis-bam,fmaas-monitoring,llama3-mig3g-40gb,openshift-user-workload-monitoring/user-workload,0.95,tgis-bam,6965.328325870766
2024-05-20 15:29:19.285000086,tgi_batch_next_tokens,http,10.128.2.18:3000,tgis-bam,fmaas-monitoring,llama3-mig3g-40gb,openshift-user-workload-monitoring/user-workload,0.95,tgis-bam,6965.328325870766
2024-05-20 15:29:24.285000086,tgi_batch_next_tokens,http,10.128.2.18:3000,tgis-bam,fmaas-monitoring,llama3-mig3g-40gb,openshift-user-workload-monitoring/user-workload,0.95,tgis-bam,6965.328325870766
2024-05-20 15:29:29.285000086,tgi_batch_next_tokens,http,10.128.2.18:3000,tgis-bam,fmaas-monitoring,llama3-mig3g-40gb,openshift-user-workload-monitoring/user-workload,0.95,tgis-bam,5701.588070216542
2024-05-20 15:29:34.301000118,tgi_batch_next_tokens,http,10.128.2.18:3000,tgis-bam,fmaas-monitoring,llama3-mig3g-40gb,openshift-user-workload-monitoring/user-workload,0.95,tgis-bam,5701.588070216542
2024-05-20 15:29:39.285000086,tgi_batch_next_tokens,http,10.128.2.18:3000,tgis-bam,fmaas-monitoring,llama3-mig3g-40gb,openshift-user-workload-monitoring/user-workload,0.95,tgis-bam,5701.588070216542
2024-05-20 15:29:44.285000086,tgi_batch_next_tokens,http,10.128.2.18:3000,tgis-bam,fmaas-monitoring,llama3-mig3g-40gb,openshift-user-workload-monitoring/user-workload,0.95,tgis-bam,5701.588070216542
2024-05-20 15:29:49.285000086,tgi_batch_next_tokens,http,10.128.2.18:3000,tgis-bam,fmaas-monitoring,llama3-mig3g-40gb,openshift-user-workload-monitoring/user-workload,0.95,tgis-bam,3992.209127231786
2024-05-20 15:29:54.285000086,tgi_batch_next_tokens,http,10.128.2.18:3000,tgis-bam,fmaas-monitoring,llama3-mig3g-40gb,openshift-user-workload-monitoring/user-workload,0.95,tgis-bam,5622.321994176591
2024-05-20 15:29:59.285000086,tgi_batch_next_tokens,http,10.128.2.18:3000,tgis-bam,fmaas-monitoring,llama3-mig3g-40gb,openshift-user-workload-monitoring/user-workload,0.95,tgis-bam,5987.923823856007
2024-05-20 15:30:04.285000086,tgi_batch_next_tokens,http,10.128.2.18:3000,tgis-bam,fmaas-monitoring,llama3-mig3g-40gb,openshift-user-workload-monitoring/user-workload,0.95,tgis-bam,5987.923823856007
2024-05-20 15:30:09.285000086,tgi_batch_next_tokens,http,10.128.2.18:3000,tgis-bam,fmaas-monitoring,llama3-mig3g-40gb,openshift-user-workload-monitoring/user-workload,0.95,tgis-bam,5987.923823856007
2024-05-20 15:30:14.285000086,tgi_batch_next_tokens,http,10.128.2.18:3000,tgis-bam,fmaas-monitoring,llama3-mig3g-40gb,openshift-user-workload-monitoring/user-workload,0.95,tgis-bam,5987.923823856007
2024-05-20 15:30:19.285000086,tgi_batch_next_tokens,http,10.128.2.18:3000,tgis-bam,fmaas-monitoring,llama3-mig3g-40gb,openshift-user-workload-monitoring/user-workload,0.95,tgis-bam,5987.923823856007
2024-05-20 15:30:24.285000086,tgi_batch_next_tokens,http,10.128.2.18:3000,tgis-bam,fmaas-monitoring,llama3-mig3g-40gb,openshift-user-workload-monitoring/user-workload,0.95,tgis-bam,5987.923823856007
2024-05-20 15:30:29.285000086,tgi_batch_next_tokens,http,10.128.2.18:3000,tgis-bam,fmaas-monitoring,llama3-mig3g-40gb,openshift-user-workload-monitoring/user-workload,0.95,tgis-bam,8431.247514267778
2024-05-20 15:30:34.285000086,tgi_batch_next_tokens,http,10.128.2.18:3000,tgis-bam,fmaas-monitoring,llama3-mig3g-40gb,openshift-user-workload-monitoring/user-workload,0.95,tgis-bam,8431.247514267778
2024-05-20 15:30:39.285000086,tgi_batch_next_tokens,http,10.128.2.18:3000,tgis-bam,fmaas-monitoring,llama3-mig3g-40gb,openshift-user-workload-monitoring/user-workload,0.95,tgis-bam,9472.044219155305
2024-05-20 15:30:44.285000086,tgi_batch_next_tokens,http,10.128.2.18:3000,tgis-bam,fmaas-monitoring,llama3-mig3g-40gb,openshift-user-workload-monitoring/user-workload,0.95,tgis-bam,10391.048837569067
2024-05-20 15:30:49.285000086,tgi_batch_next_tokens,http,10.128.2.18:3000,tgis-bam,fmaas-monitoring,llama3-mig3g-40gb,openshift-user-workload-monitoring/user-workload,0.95,tgis-bam,10391.048837569067
2024-05-20 15:30:54.285000086,tgi_batch_next_tokens,http,10.128.2.18:3000,tgis-bam,fmaas-monitoring,llama3-mig3g-40gb,openshift-user-workload-monitoring/user-workload,0.95,tgis-bam,10391.048837569067
2024-05-20 15:30:59.285000086,tgi_batch_next_tokens,http,10.128.2.18:3000,tgis-bam,fmaas-monitoring,llama3-mig3g-40gb,openshift-user-workload-monitoring/user-workload,0.95,tgis-bam,10391.048837569067
2024-05-20 15:31:04.285000086,tgi_batch_next_tokens,http,10.128.2.18:3000,tgis-bam,fmaas-monitoring,llama3-mig3g-40gb,openshift-user-workload-monitoring/user-workload,0.95,tgis-bam,10391.048837569067
2024-05-20 15:31:09.302999973,tgi_batch_next_tokens,http,10.128.2.18:3000,tgis-bam,fmaas-monitoring,llama3-mig3g-40gb,openshift-user-workload-monitoring/user-workload,0.95,tgis-bam,10391.048837569067
2024-05-20 15:31:14.285000086,tgi_batch_next_tokens,http,10.128.2.18:3000,tgis-bam,fmaas-monitoring,llama3-mig3g-40gb,openshift-user-workload-monitoring/user-workload,0.95,tgis-bam,10391.048837569067
2024-05-20 15:31:19.285000086,tgi_batch_next_tokens,http,10.128.2.18:3000,tgis-bam,fmaas-monitoring,llama3-mig3g-40gb,openshift-user-workload-monitoring/user-workload,0.95,tgis-bam,10391.048837569067
2024-05-20 15:31:24.285000086,tgi_batch_next_tokens,http,10.128.2.18:3000,tgis-bam,fmaas-monitoring,llama3-mig3g-40gb,openshift-user-workload-monitoring/user-workload,0.95,tgis-bam,10391.048837569067
2024-05-20 15:31:29.285000086,tgi_batch_next_tokens,http,10.128.2.18:3000,tgis-bam,fmaas-monitoring,llama3-mig3g-40gb,openshift-user-workload-monitoring/user-workload,0.95,tgis-bam,6760.823792419772
2024-05-20 15:31:34.285000086,tgi_batch_next_tokens,http,10.128.2.18:3000,tgis-bam,fmaas-monitoring,llama3-mig3g-40gb,openshift-user-workload-monitoring/user-workload,0.95,tgis-bam,6760.823792419772
2024-05-20 15:31:39.285000086,tgi_batch_next_tokens,http,10.128.2.18:3000,tgis-bam,fmaas-monitoring,llama3-mig3g-40gb,openshift-user-workload-monitoring/user-workload,0.95,tgis-bam,8747.297069216493
2024-05-20 15:31:44.285000086,tgi_batch_next_tokens,http,10.128.2.18:3000,tgis-bam,fmaas-monitoring,llama3-mig3g-40gb,openshift-user-workload-monitoring/user-workload,0.95,tgis-bam,8747.297069216493
2024-05-20 15:31:49.285000086,tgi_batch_next_tokens,http,10.128.2.18:3000,tgis-bam,fmaas-monitoring,llama3-mig3g-40gb,openshift-user-workload-monitoring/user-workload,0.95,tgis-bam,9831.040191937376
2024-05-20 15:31:54.285000086,tgi_batch_next_tokens,http,10.128.2.18:3000,tgis-bam,fmaas-monitoring,llama3-mig3g-40gb,openshift-user-workload-monitoring/user-workload,0.95,tgis-bam,9831.040191937376
2024-05-20 15:31:59.305999994,tgi_batch_next_tokens,http,10.128.2.18:3000,tgis-bam,fmaas-monitoring,llama3-mig3g-40gb,openshift-user-workload-monitoring/user-workload,0.95,tgis-bam,9831.040191937376
2024-05-20 15:32:04.285000086,tgi_batch_next_tokens,http,10.128.2.18:3000,tgis-bam,fmaas-monitoring,llama3-mig3g-40gb,openshift-user-workload-monitoring/user-workload,0.95,tgis-bam,7641.1242525090975
2024-05-20 15:32:09.285000086,tgi_batch_next_tokens,http,10.128.2.18:3000,tgis-bam,fmaas-monitoring,llama3-mig3g-40gb,openshift-user-workload-monitoring/user-workload,0.95,tgis-bam,7641.1242525090975
2024-05-20 15:32:14.285000086,tgi_batch_next_tokens,http,10.128.2.18:3000,tgis-bam,fmaas-monitoring,llama3-mig3g-40gb,openshift-user-workload-monitoring/user-workload,0.95,tgis-bam,7641.1242525090975
2024-05-20 15:32:19.285000086,tgi_batch_next_tokens,http,10.128.2.18:3000,tgis-bam,fmaas-monitoring,llama3-mig3g-40gb,openshift-user-workload-monitoring/user-workload,0.95,tgis-bam,7641.1242525090975
2024-05-20 15:32:24.285000086,tgi_batch_next_tokens,http,10.128.2.18:3000,tgis-bam,fmaas-monitoring,llama3-mig3g-40gb,openshift-user-workload-monitoring/user-workload,0.95,tgis-bam,7641.1242525090975
2024-05-20 15:32:29.285000086,tgi_batch_next_tokens,http,10.128.2.18:3000,tgis-bam,fmaas-monitoring,llama3-mig3g-40gb,openshift-user-workload-monitoring/user-workload,0.95,tgis-bam,7641.1242525090975
2024-05-20 15:32:34.285000086,tgi_batch_next_tokens,http,10.128.2.18:3000,tgis-bam,fmaas-monitoring,llama3-mig3g-40gb,openshift-user-workload-monitoring/user-workload,0.95,tgis-bam,7641.1242525090975
2024-05-20 15:32:39.285000086,tgi_batch_next_tokens,http,10.128.2.18:3000,tgis-bam,fmaas-monitoring,llama3-mig3g-40gb,openshift-user-workload-monitoring/user-workload,0.95,tgis-bam,7641.1242525090975
2024-05-20 15:32:44.285000086,tgi_batch_next_tokens,http,10.128.2.18:3000,tgis-bam,fmaas-monitoring,llama3-mig3g-40gb,openshift-user-workload-monitoring/user-workload,0.95,tgis-bam,7641.1242525090975
2024-05-20 15:32:49.285000086,tgi_batch_next_tokens,http,10.128.2.18:3000,tgis-bam,fmaas-monitoring,llama3-mig3g-40gb,openshift-user-workload-monitoring/user-workload,0.95,tgis-bam,4847.895747491682
2024-05-20 15:32:54.285000086,tgi_batch_next_tokens,http,10.128.2.18:3000,tgis-bam,fmaas-monitoring,llama3-mig3g-40gb,openshift-user-workload-monitoring/user-workload,0.95,tgis-bam,5065.965515210541
2024-05-20 15:32:59.285000086,tgi_batch_next_tokens,http,10.128.2.18:3000,tgis-bam,fmaas-monitoring,llama3-mig3g-40gb,openshift-user-workload-monitoring/user-workload,0.95,tgis-bam,5065.965515210541
2024-05-20 15:33:04.285000086,tgi_batch_next_tokens,http,10.128.2.18:3000,tgis-bam,fmaas-monitoring,llama3-mig3g-40gb,openshift-user-workload-monitoring/user-workload,0.95,tgis-bam,5065.965515210541
2024-05-20 15:33:09.285000086,tgi_batch_next_tokens,http,10.128.2.18:3000,tgis-bam,fmaas-monitoring,llama3-mig3g-40gb,openshift-user-workload-monitoring/user-workload,0.95,tgis-bam,5065.965515210541
2024-05-20 15:33:14.285000086,tgi_batch_next_tokens,http,10.128.2.18:3000,tgis-bam,fmaas-monitoring,llama3-mig3g-40gb,openshift-user-workload-monitoring/user-workload,0.95,tgis-bam,5065.965515210541
2024-05-20 15:33:19.285000086,tgi_batch_next_tokens,http,10.128.2.18:3000,tgis-bam,fmaas-monitoring,llama3-mig3g-40gb,openshift-user-workload-monitoring/user-workload,0.95,tgis-bam,5065.965515210541
2024-05-20 15:33:24.285000086,tgi_batch_next_tokens,http,10.128.2.18:3000,tgis-bam,fmaas-monitoring,llama3-mig3g-40gb,openshift-user-workload-monitoring/user-workload,0.95,tgis-bam,5065.965515210541
2024-05-20 15:23:29.285000086,tgi_batch_next_tokens,http,10.128.2.18:3000,tgis-bam,fmaas-monitoring,llama3-mig3g-40gb,openshift-user-workload-monitoring/user-workload,0.99,tgis-bam,6236.036131172716
2024-05-20 15:23:34.285000086,tgi_batch_next_tokens,http,10.128.2.18:3000,tgis-bam,fmaas-monitoring,llama3-mig3g-40gb,openshift-user-workload-monitoring/user-workload,0.99,tgis-bam,6236.036131172716
2024-05-20 15:23:39.285000086,tgi_batch_next_tokens,http,10.128.2.18:3000,tgis-bam,fmaas-monitoring,llama3-mig3g-40gb,openshift-user-workload-monitoring/user-workload,0.99,tgis-bam,6236.036131172716
2024-05-20 15:23:44.285000086,tgi_batch_next_tokens,http,10.128.2.18:3000,tgis-bam,fmaas-monitoring,llama3-mig3g-40gb,openshift-user-workload-monitoring/user-workload,0.99,tgis-bam,6236.036131172716
2024-05-20 15:23:49.285000086,tgi_batch_next_tokens,http,10.128.2.18:3000,tgis-bam,fmaas-monitoring,llama3-mig3g-40gb,openshift-user-workload-monitoring/user-workload,0.99,tgis-bam,6345.492670537892
2024-05-20 15:23:54.285000086,tgi_batch_next_tokens,http,10.128.2.18:3000,tgis-bam,fmaas-monitoring,llama3-mig3g-40gb,openshift-user-workload-monitoring/user-workload,0.99,tgis-bam,6345.492670537892
2024-05-20 15:23:59.285000086,tgi_batch_next_tokens,http,10.128.2.18:3000,tgis-bam,fmaas-monitoring,llama3-mig3g-40gb,openshift-user-workload-monitoring/user-workload,0.99,tgis-bam,6600.495654202663
2024-05-20 15:24:04.285000086,tgi_batch_next_tokens,http,10.128.2.18:3000,tgis-bam,fmaas-monitoring,llama3-mig3g-40gb,openshift-user-workload-monitoring/user-workload,0.99,tgis-bam,6600.495654202663
2024-05-20 15:24:09.285000086,tgi_batch_next_tokens,http,10.128.2.18:3000,tgis-bam,fmaas-monitoring,llama3-mig3g-40gb,openshift-user-workload-monitoring/user-workload,0.99,tgis-bam,6600.495654202663
2024-05-20 15:24:14.285000086,tgi_batch_next_tokens,http,10.128.2.18:3000,tgis-bam,fmaas-monitoring,llama3-mig3g-40gb,openshift-user-workload-monitoring/user-workload,0.99,tgis-bam,6600.495654202663
2024-05-20 15:24:19.285000086,tgi_batch_next_tokens,http,10.128.2.18:3000,tgis-bam,fmaas-monitoring,llama3-mig3g-40gb,openshift-user-workload-monitoring/user-workload,0.99,tgis-bam,6600.495654202663
2024-05-20 15:24:24.285000086,tgi_batch_next_tokens,http,10.128.2.18:3000,tgis-bam,fmaas-monitoring,llama3-mig3g-40gb,openshift-user-workload-monitoring/user-workload,0.99,tgis-bam,6600.495654202663
2024-05-20 15:24:29.285000086,tgi_batch_next_tokens,http,10.128.2.18:3000,tgis-bam,fmaas-monitoring,llama3-mig3g-40gb,openshift-user-workload-monitoring/user-workload,0.99,tgis-bam,6600.495654202663
2024-05-20 15:24:34.285000086,tgi_batch_next_tokens,http,10.128.2.18:3000,tgis-bam,fmaas-monitoring,llama3-mig3g-40gb,openshift-user-workload-monitoring/user-workload,0.99,tgis-bam,6600.495654202663
2024-05-20 15:24:39.285000086,tgi_batch_next_tokens,http,10.128.2.18:3000,tgis-bam,fmaas-monitoring,llama3-mig3g-40gb,openshift-user-workload-monitoring/user-workload,0.99,tgis-bam,6600.495654202663
2024-05-20 15:24:44.285000086,tgi_batch_next_tokens,http,10.128.2.18:3000,tgis-bam,fmaas-monitoring,llama3-mig3g-40gb,openshift-user-workload-monitoring/user-workload,0.99,tgis-bam,6600.495654202663
2024-05-20 15:24:49.285000086,tgi_batch_next_tokens,http,10.128.2.18:3000,tgis-bam,fmaas-monitoring,llama3-mig3g-40gb,openshift-user-workload-monitoring/user-workload,0.99,tgis-bam,4563.750411269138
2024-05-20 15:24:54.285000086,tgi_batch_next_tokens,http,10.128.2.18:3000,tgis-bam,fmaas-monitoring,llama3-mig3g-40gb,openshift-user-workload-monitoring/user-workload,0.99,tgis-bam,4563.750411269138
2024-05-20 15:24:59.285000086,tgi_batch_next_tokens,http,10.128.2.18:3000,tgis-bam,fmaas-monitoring,llama3-mig3g-40gb,openshift-user-workload-monitoring/user-workload,0.99,tgis-bam,5141.4993769243865
2024-05-20 15:25:04.285000086,tgi_batch_next_tokens,http,10.128.2.18:3000,tgis-bam,fmaas-monitoring,llama3-mig3g-40gb,openshift-user-workload-monitoring/user-workload,0.99,tgis-bam,5141.4993769243865
2024-05-20 15:25:09.285000086,tgi_batch_next_tokens,http,10.128.2.18:3000,tgis-bam,fmaas-monitoring,llama3-mig3g-40gb,openshift-user-workload-monitoring/user-workload,0.99,tgis-bam,5141.4993769243865
2024-05-20 15:25:14.285000086,tgi_batch_next_tokens,http,10.128.2.18:3000,tgis-bam,fmaas-monitoring,llama3-mig3g-40gb,openshift-user-workload-monitoring/user-workload,0.99,tgis-bam,5141.4993769243865
2024-05-20 15:25:19.285000086,tgi_batch_next_tokens,http,10.128.2.18:3000,tgis-bam,fmaas-monitoring,llama3-mig3g-40gb,openshift-user-workload-monitoring/user-workload,0.99,tgis-bam,5141.4993769243865
2024-05-20 15:25:24.285000086,tgi_batch_next_tokens,http,10.128.2.18:3000,tgis-bam,fmaas-monitoring,llama3-mig3g-40gb,openshift-user-workload-monitoring/user-workload,0.99,tgis-bam,5141.4993769243865
2024-05-20 15:25:29.285000086,tgi_batch_next_tokens,http,10.128.2.18:3000,tgis-bam,fmaas-monitoring,llama3-mig3g-40gb,openshift-user-workload-monitoring/user-workload,0.99,tgis-bam,4563.750411269138
2024-05-20 15:25:34.285000086,tgi_batch_next_tokens,http,10.128.2.18:3000,tgis-bam,fmaas-monitoring,llama3-mig3g-40gb,openshift-user-workload-monitoring/user-workload,0.99,tgis-bam,5141.4993769243865
2024-05-20 15:25:39.285000086,tgi_batch_next_tokens,http,10.128.2.18:3000,tgis-bam,fmaas-monitoring,llama3-mig3g-40gb,openshift-user-workload-monitoring/user-workload,0.99,tgis-bam,6312.5817510911875
2024-05-20 15:25:44.285000086,tgi_batch_next_tokens,http,10.128.2.18:3000,tgis-bam,fmaas-monitoring,llama3-mig3g-40gb,openshift-user-workload-monitoring/user-workload,0.99,tgis-bam,7488.322040192708
2024-05-20 15:25:49.285000086,tgi_batch_next_tokens,http,10.128.2.18:3000,tgis-bam,fmaas-monitoring,llama3-mig3g-40gb,openshift-user-workload-monitoring/user-workload,0.99,tgis-bam,7708.66288026974
2024-05-20 15:25:54.285000086,tgi_batch_next_tokens,http,10.128.2.18:3000,tgis-bam,fmaas-monitoring,llama3-mig3g-40gb,openshift-user-workload-monitoring/user-workload,0.99,tgis-bam,7708.66288026974
2024-05-20 15:25:59.285000086,tgi_batch_next_tokens,http,10.128.2.18:3000,tgis-bam,fmaas-monitoring,llama3-mig3g-40gb,openshift-user-workload-monitoring/user-workload,0.99,tgis-bam,7708.66288026974
2024-05-20 15:26:04.285000086,tgi_batch_next_tokens,http,10.128.2.18:3000,tgis-bam,fmaas-monitoring,llama3-mig3g-40gb,openshift-user-workload-monitoring/user-workload,0.99,tgis-bam,7708.66288026974
2024-05-20 15:26:09.285000086,tgi_batch_next_tokens,http,10.128.2.18:3000,tgis-bam,fmaas-monitoring,llama3-mig3g-40gb,openshift-user-workload-monitoring/user-workload,0.99,tgis-bam,7708.66288026974
2024-05-20 15:26:14.285000086,tgi_batch_next_tokens,http,10.128.2.18:3000,tgis-bam,fmaas-monitoring,llama3-mig3g-40gb,openshift-user-workload-monitoring/user-workload,0.99,tgis-bam,7708.66288026974
2024-05-20 15:26:19.305999994,tgi_batch_next_tokens,http,10.128.2.18:3000,tgis-bam,fmaas-monitoring,llama3-mig3g-40gb,openshift-user-workload-monitoring/user-workload,0.99,tgis-bam,7708.66288026974
2024-05-20 15:26:24.285000086,tgi_batch_next_tokens,http,10.128.2.18:3000,tgis-bam,fmaas-monitoring,llama3-mig3g-40gb,openshift-user-workload-monitoring/user-workload,0.99,tgis-bam,7708.66288026974
2024-05-20 15:26:29.285000086,tgi_batch_next_tokens,http,10.128.2.18:3000,tgis-bam,fmaas-monitoring,llama3-mig3g-40gb,openshift-user-workload-monitoring/user-workload,0.99,tgis-bam,3528.0479991251423
2024-05-20 15:26:34.285000086,tgi_batch_next_tokens,http,10.128.2.18:3000,tgis-bam,fmaas-monitoring,llama3-mig3g-40gb,openshift-user-workload-monitoring/user-workload,0.99,tgis-bam,4762.366669932339
2024-05-20 15:26:39.286999941,tgi_batch_next_tokens,http,10.128.2.18:3000,tgis-bam,fmaas-monitoring,llama3-mig3g-40gb,openshift-user-workload-monitoring/user-workload,0.99,tgis-bam,4898.576948875989
2024-05-20 15:26:44.285000086,tgi_batch_next_tokens,http,10.128.2.18:3000,tgis-bam,fmaas-monitoring,llama3-mig3g-40gb,openshift-user-workload-monitoring/user-workload,0.99,tgis-bam,5769.265320165516
2024-05-20 15:26:49.285000086,tgi_batch_next_tokens,http,10.128.2.18:3000,tgis-bam,fmaas-monitoring,llama3-mig3g-40gb,openshift-user-workload-monitoring/user-workload,0.99,tgis-bam,4898.576948875989
2024-05-20 15:26:54.285000086,tgi_batch_next_tokens,http,10.128.2.18:3000,tgis-bam,fmaas-monitoring,llama3-mig3g-40gb,openshift-user-workload-monitoring/user-workload,0.99,tgis-bam,4959.697467304472
2024-05-20 15:26:59.285000086,tgi_batch_next_tokens,http,10.128.2.18:3000,tgis-bam,fmaas-monitoring,llama3-mig3g-40gb,openshift-user-workload-monitoring/user-workload,0.99,tgis-bam,5769.265320165516
2024-05-20 15:27:04.285000086,tgi_batch_next_tokens,http,10.128.2.18:3000,tgis-bam,fmaas-monitoring,llama3-mig3g-40gb,openshift-user-workload-monitoring/user-workload,0.99,tgis-bam,5769.265320165516
2024-05-20 15:27:09.285000086,tgi_batch_next_tokens,http,10.128.2.18:3000,tgis-bam,fmaas-monitoring,llama3-mig3g-40gb,openshift-user-workload-monitoring/user-workload,0.99,tgis-bam,6588.625448375731
2024-05-20 15:27:14.285000086,tgi_batch_next_tokens,http,10.128.2.18:3000,tgis-bam,fmaas-monitoring,llama3-mig3g-40gb,openshift-user-workload-monitoring/user-workload,0.99,tgis-bam,6588.625448375731
2024-05-20 15:27:19.285000086,tgi_batch_next_tokens,http,10.128.2.18:3000,tgis-bam,fmaas-monitoring,llama3-mig3g-40gb,openshift-user-workload-monitoring/user-workload,0.99,tgis-bam,6588.625448375731
2024-05-20 15:27:24.285000086,tgi_batch_next_tokens,http,10.128.2.18:3000,tgis-bam,fmaas-monitoring,llama3-mig3g-40gb,openshift-user-workload-monitoring/user-workload,0.99,tgis-bam,6588.625448375731
2024-05-20 15:27:29.285000086,tgi_batch_next_tokens,http,10.128.2.18:3000,tgis-bam,fmaas-monitoring,llama3-mig3g-40gb,openshift-user-workload-monitoring/user-workload,0.99,tgis-bam,6588.625448375731
2024-05-20 15:27:34.285000086,tgi_batch_next_tokens,http,10.128.2.18:3000,tgis-bam,fmaas-monitoring,llama3-mig3g-40gb,openshift-user-workload-monitoring/user-workload,0.99,tgis-bam,6588.625448375731
2024-05-20 15:27:39.285000086,tgi_batch_next_tokens,http,10.128.2.18:3000,tgis-bam,fmaas-monitoring,llama3-mig3g-40gb,openshift-user-workload-monitoring/user-workload,0.99,tgis-bam,6588.625448375731
2024-05-20 15:27:44.285000086,tgi_batch_next_tokens,http,10.128.2.18:3000,tgis-bam,fmaas-monitoring,llama3-mig3g-40gb,openshift-user-workload-monitoring/user-workload,0.99,tgis-bam,6588.625448375731
2024-05-20 15:27:49.285000086,tgi_batch_next_tokens,http,10.128.2.18:3000,tgis-bam,fmaas-monitoring,llama3-mig3g-40gb,openshift-user-workload-monitoring/user-workload,0.99,tgis-bam,4753.802120305006
2024-05-20 15:27:54.285000086,tgi_batch_next_tokens,http,10.128.2.18:3000,tgis-bam,fmaas-monitoring,llama3-mig3g-40gb,openshift-user-workload-monitoring/user-workload,0.99,tgis-bam,5265.334859356524
2024-05-20 15:27:59.289000034,tgi_batch_next_tokens,http,10.128.2.18:3000,tgis-bam,fmaas-monitoring,llama3-mig3g-40gb,openshift-user-workload-monitoring/user-workload,0.99,tgis-bam,7073.424587328709
2024-05-20 15:28:04.285000086,tgi_batch_next_tokens,http,10.128.2.18:3000,tgis-bam,fmaas-monitoring,llama3-mig3g-40gb,openshift-user-workload-monitoring/user-workload,0.99,tgis-bam,7073.424587328709
2024-05-20 15:28:09.285000086,tgi_batch_next_tokens,http,10.128.2.18:3000,tgis-bam,fmaas-monitoring,llama3-mig3g-40gb,openshift-user-workload-monitoring/user-workload,0.99,tgis-bam,7073.424587328709
2024-05-20 15:28:14.288000107,tgi_batch_next_tokens,http,10.128.2.18:3000,tgis-bam,fmaas-monitoring,llama3-mig3g-40gb,openshift-user-workload-monitoring/user-workload,0.99,tgis-bam,7073.424587328709
2024-05-20 15:28:19.285000086,tgi_batch_next_tokens,http,10.128.2.18:3000,tgis-bam,fmaas-monitoring,llama3-mig3g-40gb,openshift-user-workload-monitoring/user-workload,0.99,tgis-bam,7073.424587328709
2024-05-20 15:28:24.285000086,tgi_batch_next_tokens,http,10.128.2.18:3000,tgis-bam,fmaas-monitoring,llama3-mig3g-40gb,openshift-user-workload-monitoring/user-workload,0.99,tgis-bam,7073.424587328709
2024-05-20 15:28:29.285000086,tgi_batch_next_tokens,http,10.128.2.18:3000,tgis-bam,fmaas-monitoring,llama3-mig3g-40gb,openshift-user-workload-monitoring/user-workload,0.99,tgis-bam,7073.424587328709
2024-05-20 15:28:34.285000086,tgi_batch_next_tokens,http,10.128.2.18:3000,tgis-bam,fmaas-monitoring,llama3-mig3g-40gb,openshift-user-workload-monitoring/user-workload,0.99,tgis-bam,7073.424587328709
2024-05-20 15:28:39.285000086,tgi_batch_next_tokens,http,10.128.2.18:3000,tgis-bam,fmaas-monitoring,llama3-mig3g-40gb,openshift-user-workload-monitoring/user-workload,0.99,tgis-bam,7644.1813135917455
2024-05-20 15:28:44.285000086,tgi_batch_next_tokens,http,10.128.2.18:3000,tgis-bam,fmaas-monitoring,llama3-mig3g-40gb,openshift-user-workload-monitoring/user-workload,0.99,tgis-bam,7644.1813135917455
2024-05-20 15:28:49.285000086,tgi_batch_next_tokens,http,10.128.2.18:3000,tgis-bam,fmaas-monitoring,llama3-mig3g-40gb,openshift-user-workload-monitoring/user-workload,0.99,tgis-bam,6965.328325870766
2024-05-20 15:28:54.285000086,tgi_batch_next_tokens,http,10.128.2.18:3000,tgis-bam,fmaas-monitoring,llama3-mig3g-40gb,openshift-user-workload-monitoring/user-workload,0.99,tgis-bam,7900.647719590133
2024-05-20 15:28:59.285000086,tgi_batch_next_tokens,http,10.128.2.18:3000,tgis-bam,fmaas-monitoring,llama3-mig3g-40gb,openshift-user-workload-monitoring/user-workload,0.99,tgis-bam,7900.647719590133
2024-05-20 15:29:04.285000086,tgi_batch_next_tokens,http,10.128.2.18:3000,tgis-bam,fmaas-monitoring,llama3-mig3g-40gb,openshift-user-workload-monitoring/user-workload,0.99,tgis-bam,7900.647719590133
2024-05-20 15:29:09.285000086,tgi_batch_next_tokens,http,10.128.2.18:3000,tgis-bam,fmaas-monitoring,llama3-mig3g-40gb,openshift-user-workload-monitoring/user-workload,0.99,tgis-bam,7900.647719590133
2024-05-20 15:29:14.285000086,tgi_batch_next_tokens,http,10.128.2.18:3000,tgis-bam,fmaas-monitoring,llama3-mig3g-40gb,openshift-user-workload-monitoring/user-workload,0.99,tgis-bam,7900.647719590133
2024-05-20 15:29:19.285000086,tgi_batch_next_tokens,http,10.128.2.18:3000,tgis-bam,fmaas-monitoring,llama3-mig3g-40gb,openshift-user-workload-monitoring/user-workload,0.99,tgis-bam,7900.647719590133
2024-05-20 15:29:24.285000086,tgi_batch_next_tokens,http,10.128.2.18:3000,tgis-bam,fmaas-monitoring,llama3-mig3g-40gb,openshift-user-workload-monitoring/user-workload,0.99,tgis-bam,7900.647719590133
2024-05-20 15:29:29.285000086,tgi_batch_next_tokens,http,10.128.2.18:3000,tgis-bam,fmaas-monitoring,llama3-mig3g-40gb,openshift-user-workload-monitoring/user-workload,0.99,tgis-bam,5701.588070216542
2024-05-20 15:29:34.301000118,tgi_batch_next_tokens,http,10.128.2.18:3000,tgis-bam,fmaas-monitoring,llama3-mig3g-40gb,openshift-user-workload-monitoring/user-workload,0.99,tgis-bam,5701.588070216542
2024-05-20 15:29:39.285000086,tgi_batch_next_tokens,http,10.128.2.18:3000,tgis-bam,fmaas-monitoring,llama3-mig3g-40gb,openshift-user-workload-monitoring/user-workload,0.99,tgis-bam,5701.588070216542
2024-05-20 15:29:44.285000086,tgi_batch_next_tokens,http,10.128.2.18:3000,tgis-bam,fmaas-monitoring,llama3-mig3g-40gb,openshift-user-workload-monitoring/user-workload,0.99,tgis-bam,5987.923823856007
2024-05-20 15:29:49.285000086,tgi_batch_next_tokens,http,10.128.2.18:3000,tgis-bam,fmaas-monitoring,llama3-mig3g-40gb,openshift-user-workload-monitoring/user-workload,0.99,tgis-bam,5622.321994176591
2024-05-20 15:29:54.285000086,tgi_batch_next_tokens,http,10.128.2.18:3000,tgis-bam,fmaas-monitoring,llama3-mig3g-40gb,openshift-user-workload-monitoring/user-workload,0.99,tgis-bam,5987.923823856007
2024-05-20 15:29:59.285000086,tgi_batch_next_tokens,http,10.128.2.18:3000,tgis-bam,fmaas-monitoring,llama3-mig3g-40gb,openshift-user-workload-monitoring/user-workload,0.99,tgis-bam,8431.247514267778
2024-05-20 15:30:04.285000086,tgi_batch_next_tokens,http,10.128.2.18:3000,tgis-bam,fmaas-monitoring,llama3-mig3g-40gb,openshift-user-workload-monitoring/user-workload,0.99,tgis-bam,8431.247514267778
2024-05-20 15:30:09.285000086,tgi_batch_next_tokens,http,10.128.2.18:3000,tgis-bam,fmaas-monitoring,llama3-mig3g-40gb,openshift-user-workload-monitoring/user-workload,0.99,tgis-bam,8431.247514267778
2024-05-20 15:30:14.285000086,tgi_batch_next_tokens,http,10.128.2.18:3000,tgis-bam,fmaas-monitoring,llama3-mig3g-40gb,openshift-user-workload-monitoring/user-workload,0.99,tgis-bam,8431.247514267778
2024-05-20 15:30:19.285000086,tgi_batch_next_tokens,http,10.128.2.18:3000,tgis-bam,fmaas-monitoring,llama3-mig3g-40gb,openshift-user-workload-monitoring/user-workload,0.99,tgis-bam,8431.247514267778
2024-05-20 15:30:24.285000086,tgi_batch_next_tokens,http,10.128.2.18:3000,tgis-bam,fmaas-monitoring,llama3-mig3g-40gb,openshift-user-workload-monitoring/user-workload,0.99,tgis-bam,8431.247514267778
2024-05-20 15:30:29.285000086,tgi_batch_next_tokens,http,10.128.2.18:3000,tgis-bam,fmaas-monitoring,llama3-mig3g-40gb,openshift-user-workload-monitoring/user-workload,0.99,tgis-bam,8431.247514267778
2024-05-20 15:30:34.285000086,tgi_batch_next_tokens,http,10.128.2.18:3000,tgis-bam,fmaas-monitoring,llama3-mig3g-40gb,openshift-user-workload-monitoring/user-workload,0.99,tgis-bam,8431.247514267778
2024-05-20 15:30:39.285000086,tgi_batch_next_tokens,http,10.128.2.18:3000,tgis-bam,fmaas-monitoring,llama3-mig3g-40gb,openshift-user-workload-monitoring/user-workload,0.99,tgis-bam,9472.044219155305
2024-05-20 15:30:44.285000086,tgi_batch_next_tokens,http,10.128.2.18:3000,tgis-bam,fmaas-monitoring,llama3-mig3g-40gb,openshift-user-workload-monitoring/user-workload,0.99,tgis-bam,10391.048837569067
2024-05-20 15:30:49.285000086,tgi_batch_next_tokens,http,10.128.2.18:3000,tgis-bam,fmaas-monitoring,llama3-mig3g-40gb,openshift-user-workload-monitoring/user-workload,0.99,tgis-bam,10391.048837569067
2024-05-20 15:30:54.285000086,tgi_batch_next_tokens,http,10.128.2.18:3000,tgis-bam,fmaas-monitoring,llama3-mig3g-40gb,openshift-user-workload-monitoring/user-workload,0.99,tgis-bam,10391.048837569067
2024-05-20 15:30:59.285000086,tgi_batch_next_tokens,http,10.128.2.18:3000,tgis-bam,fmaas-monitoring,llama3-mig3g-40gb,openshift-user-workload-monitoring/user-workload,0.99,tgis-bam,10391.048837569067
2024-05-20 15:31:04.285000086,tgi_batch_next_tokens,http,10.128.2.18:3000,tgis-bam,fmaas-monitoring,llama3-mig3g-40gb,openshift-user-workload-monitoring/user-workload,0.99,tgis-bam,10391.048837569067
2024-05-20 15:31:09.302999973,tgi_batch_next_tokens,http,10.128.2.18:3000,tgis-bam,fmaas-monitoring,llama3-mig3g-40gb,openshift-user-workload-monitoring/user-workload,0.99,tgis-bam,10391.048837569067
2024-05-20 15:31:14.285000086,tgi_batch_next_tokens,http,10.128.2.18:3000,tgis-bam,fmaas-monitoring,llama3-mig3g-40gb,openshift-user-workload-monitoring/user-workload,0.99,tgis-bam,10391.048837569067
2024-05-20 15:31:19.285000086,tgi_batch_next_tokens,http,10.128.2.18:3000,tgis-bam,fmaas-monitoring,llama3-mig3g-40gb,openshift-user-workload-monitoring/user-workload,0.99,tgis-bam,10391.048837569067
2024-05-20 15:31:24.285000086,tgi_batch_next_tokens,http,10.128.2.18:3000,tgis-bam,fmaas-monitoring,llama3-mig3g-40gb,openshift-user-workload-monitoring/user-workload,0.99,tgis-bam,10391.048837569067
2024-05-20 15:31:29.285000086,tgi_batch_next_tokens,http,10.128.2.18:3000,tgis-bam,fmaas-monitoring,llama3-mig3g-40gb,openshift-user-workload-monitoring/user-workload,0.99,tgis-bam,6760.823792419772
2024-05-20 15:31:34.285000086,tgi_batch_next_tokens,http,10.128.2.18:3000,tgis-bam,fmaas-monitoring,llama3-mig3g-40gb,openshift-user-workload-monitoring/user-workload,0.99,tgis-bam,6760.823792419772
2024-05-20 15:31:39.285000086,tgi_batch_next_tokens,http,10.128.2.18:3000,tgis-bam,fmaas-monitoring,llama3-mig3g-40gb,openshift-user-workload-monitoring/user-workload,0.99,tgis-bam,8747.297069216493
2024-05-20 15:31:44.285000086,tgi_batch_next_tokens,http,10.128.2.18:3000,tgis-bam,fmaas-monitoring,llama3-mig3g-40gb,openshift-user-workload-monitoring/user-workload,0.99,tgis-bam,8747.297069216493
2024-05-20 15:31:49.285000086,tgi_batch_next_tokens,http,10.128.2.18:3000,tgis-bam,fmaas-monitoring,llama3-mig3g-40gb,openshift-user-workload-monitoring/user-workload,0.99,tgis-bam,9831.040191937376
2024-05-20 15:31:54.285000086,tgi_batch_next_tokens,http,10.128.2.18:3000,tgis-bam,fmaas-monitoring,llama3-mig3g-40gb,openshift-user-workload-monitoring/user-workload,0.99,tgis-bam,9831.040191937376
2024-05-20 15:31:59.305999994,tgi_batch_next_tokens,http,10.128.2.18:3000,tgis-bam,fmaas-monitoring,llama3-mig3g-40gb,openshift-user-workload-monitoring/user-workload,0.99,tgis-bam,9831.040191937376
2024-05-20 15:32:04.285000086,tgi_batch_next_tokens,http,10.128.2.18:3000,tgis-bam,fmaas-monitoring,llama3-mig3g-40gb,openshift-user-workload-monitoring/user-workload,0.99,tgis-bam,9831.040191937376
2024-05-20 15:32:09.285000086,tgi_batch_next_tokens,http,10.128.2.18:3000,tgis-bam,fmaas-monitoring,llama3-mig3g-40gb,openshift-user-workload-monitoring/user-workload,0.99,tgis-bam,9831.040191937376
2024-05-20 15:32:14.285000086,tgi_batch_next_tokens,http,10.128.2.18:3000,tgis-bam,fmaas-monitoring,llama3-mig3g-40gb,openshift-user-workload-monitoring/user-workload,0.99,tgis-bam,9831.040191937376
2024-05-20 15:32:19.285000086,tgi_batch_next_tokens,http,10.128.2.18:3000,tgis-bam,fmaas-monitoring,llama3-mig3g-40gb,openshift-user-workload-monitoring/user-workload,0.99,tgis-bam,9831.040191937376
2024-05-20 15:32:24.285000086,tgi_batch_next_tokens,http,10.128.2.18:3000,tgis-bam,fmaas-monitoring,llama3-mig3g-40gb,openshift-user-workload-monitoring/user-workload,0.99,tgis-bam,9831.040191937376
2024-05-20 15:32:29.285000086,tgi_batch_next_tokens,http,10.128.2.18:3000,tgis-bam,fmaas-monitoring,llama3-mig3g-40gb,openshift-user-workload-monitoring/user-workload,0.99,tgis-bam,7641.1242525090975
2024-05-20 15:32:34.285000086,tgi_batch_next_tokens,http,10.128.2.18:3000,tgis-bam,fmaas-monitoring,llama3-mig3g-40gb,openshift-user-workload-monitoring/user-workload,0.99,tgis-bam,7641.1242525090975
2024-05-20 15:32:39.285000086,tgi_batch_next_tokens,http,10.128.2.18:3000,tgis-bam,fmaas-monitoring,llama3-mig3g-40gb,openshift-user-workload-monitoring/user-workload,0.99,tgis-bam,7641.1242525090975
2024-05-20 15:32:44.285000086,tgi_batch_next_tokens,http,10.128.2.18:3000,tgis-bam,fmaas-monitoring,llama3-mig3g-40gb,openshift-user-workload-monitoring/user-workload,0.99,tgis-bam,9168.234579640144
2024-05-20 15:32:49.285000086,tgi_batch_next_tokens,http,10.128.2.18:3000,tgis-bam,fmaas-monitoring,llama3-mig3g-40gb,openshift-user-workload-monitoring/user-workload,0.99,tgis-bam,5065.965515210541
2024-05-20 15:32:54.285000086,tgi_batch_next_tokens,http,10.128.2.18:3000,tgis-bam,fmaas-monitoring,llama3-mig3g-40gb,openshift-user-workload-monitoring/user-workload,0.99,tgis-bam,7233.657204123269
2024-05-20 15:32:59.285000086,tgi_batch_next_tokens,http,10.128.2.18:3000,tgis-bam,fmaas-monitoring,llama3-mig3g-40gb,openshift-user-workload-monitoring/user-workload,0.99,tgis-bam,7233.657204123269
2024-05-20 15:33:04.285000086,tgi_batch_next_tokens,http,10.128.2.18:3000,tgis-bam,fmaas-monitoring,llama3-mig3g-40gb,openshift-user-workload-monitoring/user-workload,0.99,tgis-bam,7233.657204123269
2024-05-20 15:33:09.285000086,tgi_batch_next_tokens,http,10.128.2.18:3000,tgis-bam,fmaas-monitoring,llama3-mig3g-40gb,openshift-user-workload-monitoring/user-workload,0.99,tgis-bam,7233.657204123269
2024-05-20 15:33:14.285000086,tgi_batch_next_tokens,http,10.128.2.18:3000,tgis-bam,fmaas-monitoring,llama3-mig3g-40gb,openshift-user-workload-monitoring/user-workload,0.99,tgis-bam,7233.657204123269
2024-05-20 15:33:19.285000086,tgi_batch_next_tokens,http,10.128.2.18:3000,tgis-bam,fmaas-monitoring,llama3-mig3g-40gb,openshift-user-workload-monitoring/user-workload,0.99,tgis-bam,7233.657204123269
2024-05-20 15:33:24.285000086,tgi_batch_next_tokens,http,10.128.2.18:3000,tgis-bam,fmaas-monitoring,llama3-mig3g-40gb,openshift-user-workload-monitoring/user-workload,0.99,tgis-bam,7233.657204123269
2024-05-20 15:23:29.285000086,tgi_batch_next_tokens,http,10.128.2.18:3000,tgis-bam,fmaas-monitoring,llama3-mig3g-40gb,openshift-user-workload-monitoring/user-workload,0.999,tgis-bam,6236.036131172716
2024-05-20 15:23:34.285000086,tgi_batch_next_tokens,http,10.128.2.18:3000,tgis-bam,fmaas-monitoring,llama3-mig3g-40gb,openshift-user-workload-monitoring/user-workload,0.999,tgis-bam,6236.036131172716
2024-05-20 15:23:39.285000086,tgi_batch_next_tokens,http,10.128.2.18:3000,tgis-bam,fmaas-monitoring,llama3-mig3g-40gb,openshift-user-workload-monitoring/user-workload,0.999,tgis-bam,6236.036131172716
2024-05-20 15:23:44.285000086,tgi_batch_next_tokens,http,10.128.2.18:3000,tgis-bam,fmaas-monitoring,llama3-mig3g-40gb,openshift-user-workload-monitoring/user-workload,0.999,tgis-bam,6236.036131172716
2024-05-20 15:23:49.285000086,tgi_batch_next_tokens,http,10.128.2.18:3000,tgis-bam,fmaas-monitoring,llama3-mig3g-40gb,openshift-user-workload-monitoring/user-workload,0.999,tgis-bam,6345.492670537892
2024-05-20 15:23:54.285000086,tgi_batch_next_tokens,http,10.128.2.18:3000,tgis-bam,fmaas-monitoring,llama3-mig3g-40gb,openshift-user-workload-monitoring/user-workload,0.999,tgis-bam,6345.492670537892
2024-05-20 15:23:59.285000086,tgi_batch_next_tokens,http,10.128.2.18:3000,tgis-bam,fmaas-monitoring,llama3-mig3g-40gb,openshift-user-workload-monitoring/user-workload,0.999,tgis-bam,6600.495654202663
2024-05-20 15:24:04.285000086,tgi_batch_next_tokens,http,10.128.2.18:3000,tgis-bam,fmaas-monitoring,llama3-mig3g-40gb,openshift-user-workload-monitoring/user-workload,0.999,tgis-bam,6600.495654202663
2024-05-20 15:24:09.285000086,tgi_batch_next_tokens,http,10.128.2.18:3000,tgis-bam,fmaas-monitoring,llama3-mig3g-40gb,openshift-user-workload-monitoring/user-workload,0.999,tgis-bam,6600.495654202663
2024-05-20 15:24:14.285000086,tgi_batch_next_tokens,http,10.128.2.18:3000,tgis-bam,fmaas-monitoring,llama3-mig3g-40gb,openshift-user-workload-monitoring/user-workload,0.999,tgis-bam,6600.495654202663
2024-05-20 15:24:19.285000086,tgi_batch_next_tokens,http,10.128.2.18:3000,tgis-bam,fmaas-monitoring,llama3-mig3g-40gb,openshift-user-workload-monitoring/user-workload,0.999,tgis-bam,6600.495654202663
2024-05-20 15:24:24.285000086,tgi_batch_next_tokens,http,10.128.2.18:3000,tgis-bam,fmaas-monitoring,llama3-mig3g-40gb,openshift-user-workload-monitoring/user-workload,0.999,tgis-bam,6600.495654202663
2024-05-20 15:24:29.285000086,tgi_batch_next_tokens,http,10.128.2.18:3000,tgis-bam,fmaas-monitoring,llama3-mig3g-40gb,openshift-user-workload-monitoring/user-workload,0.999,tgis-bam,6600.495654202663
2024-05-20 15:24:34.285000086,tgi_batch_next_tokens,http,10.128.2.18:3000,tgis-bam,fmaas-monitoring,llama3-mig3g-40gb,openshift-user-workload-monitoring/user-workload,0.999,tgis-bam,6600.495654202663
2024-05-20 15:24:39.285000086,tgi_batch_next_tokens,http,10.128.2.18:3000,tgis-bam,fmaas-monitoring,llama3-mig3g-40gb,openshift-user-workload-monitoring/user-workload,0.999,tgis-bam,6600.495654202663
2024-05-20 15:24:44.285000086,tgi_batch_next_tokens,http,10.128.2.18:3000,tgis-bam,fmaas-monitoring,llama3-mig3g-40gb,openshift-user-workload-monitoring/user-workload,0.999,tgis-bam,6600.495654202663
2024-05-20 15:24:49.285000086,tgi_batch_next_tokens,http,10.128.2.18:3000,tgis-bam,fmaas-monitoring,llama3-mig3g-40gb,openshift-user-workload-monitoring/user-workload,0.999,tgis-bam,4563.750411269138
2024-05-20 15:24:54.285000086,tgi_batch_next_tokens,http,10.128.2.18:3000,tgis-bam,fmaas-monitoring,llama3-mig3g-40gb,openshift-user-workload-monitoring/user-workload,0.999,tgis-bam,4563.750411269138
2024-05-20 15:24:59.285000086,tgi_batch_next_tokens,http,10.128.2.18:3000,tgis-bam,fmaas-monitoring,llama3-mig3g-40gb,openshift-user-workload-monitoring/user-workload,0.999,tgis-bam,5141.4993769243865
2024-05-20 15:25:04.285000086,tgi_batch_next_tokens,http,10.128.2.18:3000,tgis-bam,fmaas-monitoring,llama3-mig3g-40gb,openshift-user-workload-monitoring/user-workload,0.999,tgis-bam,5141.4993769243865
2024-05-20 15:25:09.285000086,tgi_batch_next_tokens,http,10.128.2.18:3000,tgis-bam,fmaas-monitoring,llama3-mig3g-40gb,openshift-user-workload-monitoring/user-workload,0.999,tgis-bam,5141.4993769243865
2024-05-20 15:25:14.285000086,tgi_batch_next_tokens,http,10.128.2.18:3000,tgis-bam,fmaas-monitoring,llama3-mig3g-40gb,openshift-user-workload-monitoring/user-workload,0.999,tgis-bam,5141.4993769243865
2024-05-20 15:25:19.285000086,tgi_batch_next_tokens,http,10.128.2.18:3000,tgis-bam,fmaas-monitoring,llama3-mig3g-40gb,openshift-user-workload-monitoring/user-workload,0.999,tgis-bam,5141.4993769243865
2024-05-20 15:25:24.285000086,tgi_batch_next_tokens,http,10.128.2.18:3000,tgis-bam,fmaas-monitoring,llama3-mig3g-40gb,openshift-user-workload-monitoring/user-workload,0.999,tgis-bam,5141.4993769243865
2024-05-20 15:25:29.285000086,tgi_batch_next_tokens,http,10.128.2.18:3000,tgis-bam,fmaas-monitoring,llama3-mig3g-40gb,openshift-user-workload-monitoring/user-workload,0.999,tgis-bam,4563.750411269138
2024-05-20 15:25:34.285000086,tgi_batch_next_tokens,http,10.128.2.18:3000,tgis-bam,fmaas-monitoring,llama3-mig3g-40gb,openshift-user-workload-monitoring/user-workload,0.999,tgis-bam,5141.4993769243865
2024-05-20 15:25:39.285000086,tgi_batch_next_tokens,http,10.128.2.18:3000,tgis-bam,fmaas-monitoring,llama3-mig3g-40gb,openshift-user-workload-monitoring/user-workload,0.999,tgis-bam,6312.5817510911875
2024-05-20 15:25:44.285000086,tgi_batch_next_tokens,http,10.128.2.18:3000,tgis-bam,fmaas-monitoring,llama3-mig3g-40gb,openshift-user-workload-monitoring/user-workload,0.999,tgis-bam,7488.322040192708
2024-05-20 15:25:49.285000086,tgi_batch_next_tokens,http,10.128.2.18:3000,tgis-bam,fmaas-monitoring,llama3-mig3g-40gb,openshift-user-workload-monitoring/user-workload,0.999,tgis-bam,7708.66288026974
2024-05-20 15:25:54.285000086,tgi_batch_next_tokens,http,10.128.2.18:3000,tgis-bam,fmaas-monitoring,llama3-mig3g-40gb,openshift-user-workload-monitoring/user-workload,0.999,tgis-bam,7708.66288026974
2024-05-20 15:25:59.285000086,tgi_batch_next_tokens,http,10.128.2.18:3000,tgis-bam,fmaas-monitoring,llama3-mig3g-40gb,openshift-user-workload-monitoring/user-workload,0.999,tgis-bam,7708.66288026974
2024-05-20 15:26:04.285000086,tgi_batch_next_tokens,http,10.128.2.18:3000,tgis-bam,fmaas-monitoring,llama3-mig3g-40gb,openshift-user-workload-monitoring/user-workload,0.999,tgis-bam,7708.66288026974
2024-05-20 15:26:09.285000086,tgi_batch_next_tokens,http,10.128.2.18:3000,tgis-bam,fmaas-monitoring,llama3-mig3g-40gb,openshift-user-workload-monitoring/user-workload,0.999,tgis-bam,7708.66288026974
2024-05-20 15:26:14.285000086,tgi_batch_next_tokens,http,10.128.2.18:3000,tgis-bam,fmaas-monitoring,llama3-mig3g-40gb,openshift-user-workload-monitoring/user-workload,0.999,tgis-bam,7708.66288026974
2024-05-20 15:26:19.305999994,tgi_batch_next_tokens,http,10.128.2.18:3000,tgis-bam,fmaas-monitoring,llama3-mig3g-40gb,openshift-user-workload-monitoring/user-workload,0.999,tgis-bam,7708.66288026974
2024-05-20 15:26:24.285000086,tgi_batch_next_tokens,http,10.128.2.18:3000,tgis-bam,fmaas-monitoring,llama3-mig3g-40gb,openshift-user-workload-monitoring/user-workload,0.999,tgis-bam,7708.66288026974
2024-05-20 15:26:29.285000086,tgi_batch_next_tokens,http,10.128.2.18:3000,tgis-bam,fmaas-monitoring,llama3-mig3g-40gb,openshift-user-workload-monitoring/user-workload,0.999,tgis-bam,3528.0479991251423
2024-05-20 15:26:34.285000086,tgi_batch_next_tokens,http,10.128.2.18:3000,tgis-bam,fmaas-monitoring,llama3-mig3g-40gb,openshift-user-workload-monitoring/user-workload,0.999,tgis-bam,4762.366669932339
2024-05-20 15:26:39.286999941,tgi_batch_next_tokens,http,10.128.2.18:3000,tgis-bam,fmaas-monitoring,llama3-mig3g-40gb,openshift-user-workload-monitoring/user-workload,0.999,tgis-bam,4898.576948875989
2024-05-20 15:26:44.285000086,tgi_batch_next_tokens,http,10.128.2.18:3000,tgis-bam,fmaas-monitoring,llama3-mig3g-40gb,openshift-user-workload-monitoring/user-workload,0.999,tgis-bam,5769.265320165516
2024-05-20 15:26:49.285000086,tgi_batch_next_tokens,http,10.128.2.18:3000,tgis-bam,fmaas-monitoring,llama3-mig3g-40gb,openshift-user-workload-monitoring/user-workload,0.999,tgis-bam,4898.576948875989
2024-05-20 15:26:54.285000086,tgi_batch_next_tokens,http,10.128.2.18:3000,tgis-bam,fmaas-monitoring,llama3-mig3g-40gb,openshift-user-workload-monitoring/user-workload,0.999,tgis-bam,4959.697467304472
2024-05-20 15:26:59.285000086,tgi_batch_next_tokens,http,10.128.2.18:3000,tgis-bam,fmaas-monitoring,llama3-mig3g-40gb,openshift-user-workload-monitoring/user-workload,0.999,tgis-bam,5769.265320165516
2024-05-20 15:27:04.285000086,tgi_batch_next_tokens,http,10.128.2.18:3000,tgis-bam,fmaas-monitoring,llama3-mig3g-40gb,openshift-user-workload-monitoring/user-workload,0.999,tgis-bam,5769.265320165516
2024-05-20 15:27:09.285000086,tgi_batch_next_tokens,http,10.128.2.18:3000,tgis-bam,fmaas-monitoring,llama3-mig3g-40gb,openshift-user-workload-monitoring/user-workload,0.999,tgis-bam,6588.625448375731
2024-05-20 15:27:14.285000086,tgi_batch_next_tokens,http,10.128.2.18:3000,tgis-bam,fmaas-monitoring,llama3-mig3g-40gb,openshift-user-workload-monitoring/user-workload,0.999,tgis-bam,6588.625448375731
2024-05-20 15:27:19.285000086,tgi_batch_next_tokens,http,10.128.2.18:3000,tgis-bam,fmaas-monitoring,llama3-mig3g-40gb,openshift-user-workload-monitoring/user-workload,0.999,tgis-bam,6588.625448375731
2024-05-20 15:27:24.285000086,tgi_batch_next_tokens,http,10.128.2.18:3000,tgis-bam,fmaas-monitoring,llama3-mig3g-40gb,openshift-user-workload-monitoring/user-workload,0.999,tgis-bam,6588.625448375731
2024-05-20 15:27:29.285000086,tgi_batch_next_tokens,http,10.128.2.18:3000,tgis-bam,fmaas-monitoring,llama3-mig3g-40gb,openshift-user-workload-monitoring/user-workload,0.999,tgis-bam,6588.625448375731
2024-05-20 15:27:34.285000086,tgi_batch_next_tokens,http,10.128.2.18:3000,tgis-bam,fmaas-monitoring,llama3-mig3g-40gb,openshift-user-workload-monitoring/user-workload,0.999,tgis-bam,6588.625448375731
2024-05-20 15:27:39.285000086,tgi_batch_next_tokens,http,10.128.2.18:3000,tgis-bam,fmaas-monitoring,llama3-mig3g-40gb,openshift-user-workload-monitoring/user-workload,0.999,tgis-bam,6588.625448375731
2024-05-20 15:27:44.285000086,tgi_batch_next_tokens,http,10.128.2.18:3000,tgis-bam,fmaas-monitoring,llama3-mig3g-40gb,openshift-user-workload-monitoring/user-workload,0.999,tgis-bam,6588.625448375731
2024-05-20 15:27:49.285000086,tgi_batch_next_tokens,http,10.128.2.18:3000,tgis-bam,fmaas-monitoring,llama3-mig3g-40gb,openshift-user-workload-monitoring/user-workload,0.999,tgis-bam,4753.802120305006
2024-05-20 15:27:54.285000086,tgi_batch_next_tokens,http,10.128.2.18:3000,tgis-bam,fmaas-monitoring,llama3-mig3g-40gb,openshift-user-workload-monitoring/user-workload,0.999,tgis-bam,5265.334859356524
2024-05-20 15:27:59.289000034,tgi_batch_next_tokens,http,10.128.2.18:3000,tgis-bam,fmaas-monitoring,llama3-mig3g-40gb,openshift-user-workload-monitoring/user-workload,0.999,tgis-bam,7073.424587328709
2024-05-20 15:28:04.285000086,tgi_batch_next_tokens,http,10.128.2.18:3000,tgis-bam,fmaas-monitoring,llama3-mig3g-40gb,openshift-user-workload-monitoring/user-workload,0.999,tgis-bam,7073.424587328709
2024-05-20 15:28:09.285000086,tgi_batch_next_tokens,http,10.128.2.18:3000,tgis-bam,fmaas-monitoring,llama3-mig3g-40gb,openshift-user-workload-monitoring/user-workload,0.999,tgis-bam,7073.424587328709
2024-05-20 15:28:14.288000107,tgi_batch_next_tokens,http,10.128.2.18:3000,tgis-bam,fmaas-monitoring,llama3-mig3g-40gb,openshift-user-workload-monitoring/user-workload,0.999,tgis-bam,7073.424587328709
2024-05-20 15:28:19.285000086,tgi_batch_next_tokens,http,10.128.2.18:3000,tgis-bam,fmaas-monitoring,llama3-mig3g-40gb,openshift-user-workload-monitoring/user-workload,0.999,tgis-bam,7073.424587328709
2024-05-20 15:28:24.285000086,tgi_batch_next_tokens,http,10.128.2.18:3000,tgis-bam,fmaas-monitoring,llama3-mig3g-40gb,openshift-user-workload-monitoring/user-workload,0.999,tgis-bam,7073.424587328709
2024-05-20 15:28:29.285000086,tgi_batch_next_tokens,http,10.128.2.18:3000,tgis-bam,fmaas-monitoring,llama3-mig3g-40gb,openshift-user-workload-monitoring/user-workload,0.999,tgis-bam,7073.424587328709
2024-05-20 15:28:34.285000086,tgi_batch_next_tokens,http,10.128.2.18:3000,tgis-bam,fmaas-monitoring,llama3-mig3g-40gb,openshift-user-workload-monitoring/user-workload,0.999,tgis-bam,7073.424587328709
2024-05-20 15:28:39.285000086,tgi_batch_next_tokens,http,10.128.2.18:3000,tgis-bam,fmaas-monitoring,llama3-mig3g-40gb,openshift-user-workload-monitoring/user-workload,0.999,tgis-bam,7644.1813135917455
2024-05-20 15:28:44.285000086,tgi_batch_next_tokens,http,10.128.2.18:3000,tgis-bam,fmaas-monitoring,llama3-mig3g-40gb,openshift-user-workload-monitoring/user-workload,0.999,tgis-bam,7644.1813135917455
2024-05-20 15:28:49.285000086,tgi_batch_next_tokens,http,10.128.2.18:3000,tgis-bam,fmaas-monitoring,llama3-mig3g-40gb,openshift-user-workload-monitoring/user-workload,0.999,tgis-bam,6965.328325870766
2024-05-20 15:28:54.285000086,tgi_batch_next_tokens,http,10.128.2.18:3000,tgis-bam,fmaas-monitoring,llama3-mig3g-40gb,openshift-user-workload-monitoring/user-workload,0.999,tgis-bam,7900.647719590133
2024-05-20 15:28:59.285000086,tgi_batch_next_tokens,http,10.128.2.18:3000,tgis-bam,fmaas-monitoring,llama3-mig3g-40gb,openshift-user-workload-monitoring/user-workload,0.999,tgis-bam,7900.647719590133
2024-05-20 15:29:04.285000086,tgi_batch_next_tokens,http,10.128.2.18:3000,tgis-bam,fmaas-monitoring,llama3-mig3g-40gb,openshift-user-workload-monitoring/user-workload,0.999,tgis-bam,7900.647719590133
2024-05-20 15:29:09.285000086,tgi_batch_next_tokens,http,10.128.2.18:3000,tgis-bam,fmaas-monitoring,llama3-mig3g-40gb,openshift-user-workload-monitoring/user-workload,0.999,tgis-bam,7900.647719590133
2024-05-20 15:29:14.285000086,tgi_batch_next_tokens,http,10.128.2.18:3000,tgis-bam,fmaas-monitoring,llama3-mig3g-40gb,openshift-user-workload-monitoring/user-workload,0.999,tgis-bam,7900.647719590133
2024-05-20 15:29:19.285000086,tgi_batch_next_tokens,http,10.128.2.18:3000,tgis-bam,fmaas-monitoring,llama3-mig3g-40gb,openshift-user-workload-monitoring/user-workload,0.999,tgis-bam,7900.647719590133
2024-05-20 15:29:24.285000086,tgi_batch_next_tokens,http,10.128.2.18:3000,tgis-bam,fmaas-monitoring,llama3-mig3g-40gb,openshift-user-workload-monitoring/user-workload,0.999,tgis-bam,7900.647719590133
2024-05-20 15:29:29.285000086,tgi_batch_next_tokens,http,10.128.2.18:3000,tgis-bam,fmaas-monitoring,llama3-mig3g-40gb,openshift-user-workload-monitoring/user-workload,0.999,tgis-bam,5701.588070216542
2024-05-20 15:29:34.301000118,tgi_batch_next_tokens,http,10.128.2.18:3000,tgis-bam,fmaas-monitoring,llama3-mig3g-40gb,openshift-user-workload-monitoring/user-workload,0.999,tgis-bam,5701.588070216542
2024-05-20 15:29:39.285000086,tgi_batch_next_tokens,http,10.128.2.18:3000,tgis-bam,fmaas-monitoring,llama3-mig3g-40gb,openshift-user-workload-monitoring/user-workload,0.999,tgis-bam,5701.588070216542
2024-05-20 15:29:44.285000086,tgi_batch_next_tokens,http,10.128.2.18:3000,tgis-bam,fmaas-monitoring,llama3-mig3g-40gb,openshift-user-workload-monitoring/user-workload,0.999,tgis-bam,5987.923823856007
2024-05-20 15:29:49.285000086,tgi_batch_next_tokens,http,10.128.2.18:3000,tgis-bam,fmaas-monitoring,llama3-mig3g-40gb,openshift-user-workload-monitoring/user-workload,0.999,tgis-bam,5622.321994176591
2024-05-20 15:29:54.285000086,tgi_batch_next_tokens,http,10.128.2.18:3000,tgis-bam,fmaas-monitoring,llama3-mig3g-40gb,openshift-user-workload-monitoring/user-workload,0.999,tgis-bam,5987.923823856007
2024-05-20 15:29:59.285000086,tgi_batch_next_tokens,http,10.128.2.18:3000,tgis-bam,fmaas-monitoring,llama3-mig3g-40gb,openshift-user-workload-monitoring/user-workload,0.999,tgis-bam,8431.247514267778
2024-05-20 15:30:04.285000086,tgi_batch_next_tokens,http,10.128.2.18:3000,tgis-bam,fmaas-monitoring,llama3-mig3g-40gb,openshift-user-workload-monitoring/user-workload,0.999,tgis-bam,8431.247514267778
2024-05-20 15:30:09.285000086,tgi_batch_next_tokens,http,10.128.2.18:3000,tgis-bam,fmaas-monitoring,llama3-mig3g-40gb,openshift-user-workload-monitoring/user-workload,0.999,tgis-bam,8431.247514267778
2024-05-20 15:30:14.285000086,tgi_batch_next_tokens,http,10.128.2.18:3000,tgis-bam,fmaas-monitoring,llama3-mig3g-40gb,openshift-user-workload-monitoring/user-workload,0.999,tgis-bam,8431.247514267778
2024-05-20 15:30:19.285000086,tgi_batch_next_tokens,http,10.128.2.18:3000,tgis-bam,fmaas-monitoring,llama3-mig3g-40gb,openshift-user-workload-monitoring/user-workload,0.999,tgis-bam,8431.247514267778
2024-05-20 15:30:24.285000086,tgi_batch_next_tokens,http,10.128.2.18:3000,tgis-bam,fmaas-monitoring,llama3-mig3g-40gb,openshift-user-workload-monitoring/user-workload,0.999,tgis-bam,8431.247514267778
2024-05-20 15:30:29.285000086,tgi_batch_next_tokens,http,10.128.2.18:3000,tgis-bam,fmaas-monitoring,llama3-mig3g-40gb,openshift-user-workload-monitoring/user-workload,0.999,tgis-bam,8431.247514267778
2024-05-20 15:30:34.285000086,tgi_batch_next_tokens,http,10.128.2.18:3000,tgis-bam,fmaas-monitoring,llama3-mig3g-40gb,openshift-user-workload-monitoring/user-workload,0.999,tgis-bam,8431.247514267778
2024-05-20 15:30:39.285000086,tgi_batch_next_tokens,http,10.128.2.18:3000,tgis-bam,fmaas-monitoring,llama3-mig3g-40gb,openshift-user-workload-monitoring/user-workload,0.999,tgis-bam,9472.044219155305
2024-05-20 15:30:44.285000086,tgi_batch_next_tokens,http,10.128.2.18:3000,tgis-bam,fmaas-monitoring,llama3-mig3g-40gb,openshift-user-workload-monitoring/user-workload,0.999,tgis-bam,10391.048837569067
2024-05-20 15:30:49.285000086,tgi_batch_next_tokens,http,10.128.2.18:3000,tgis-bam,fmaas-monitoring,llama3-mig3g-40gb,openshift-user-workload-monitoring/user-workload,0.999,tgis-bam,10391.048837569067
2024-05-20 15:30:54.285000086,tgi_batch_next_tokens,http,10.128.2.18:3000,tgis-bam,fmaas-monitoring,llama3-mig3g-40gb,openshift-user-workload-monitoring/user-workload,0.999,tgis-bam,10391.048837569067
2024-05-20 15:30:59.285000086,tgi_batch_next_tokens,http,10.128.2.18:3000,tgis-bam,fmaas-monitoring,llama3-mig3g-40gb,openshift-user-workload-monitoring/user-workload,0.999,tgis-bam,10391.048837569067
2024-05-20 15:31:04.285000086,tgi_batch_next_tokens,http,10.128.2.18:3000,tgis-bam,fmaas-monitoring,llama3-mig3g-40gb,openshift-user-workload-monitoring/user-workload,0.999,tgis-bam,10391.048837569067
2024-05-20 15:31:09.302999973,tgi_batch_next_tokens,http,10.128.2.18:3000,tgis-bam,fmaas-monitoring,llama3-mig3g-40gb,openshift-user-workload-monitoring/user-workload,0.999,tgis-bam,10391.048837569067
2024-05-20 15:31:14.285000086,tgi_batch_next_tokens,http,10.128.2.18:3000,tgis-bam,fmaas-monitoring,llama3-mig3g-40gb,openshift-user-workload-monitoring/user-workload,0.999,tgis-bam,10391.048837569067
2024-05-20 15:31:19.285000086,tgi_batch_next_tokens,http,10.128.2.18:3000,tgis-bam,fmaas-monitoring,llama3-mig3g-40gb,openshift-user-workload-monitoring/user-workload,0.999,tgis-bam,10391.048837569067
2024-05-20 15:31:24.285000086,tgi_batch_next_tokens,http,10.128.2.18:3000,tgis-bam,fmaas-monitoring,llama3-mig3g-40gb,openshift-user-workload-monitoring/user-workload,0.999,tgis-bam,10391.048837569067
2024-05-20 15:31:29.285000086,tgi_batch_next_tokens,http,10.128.2.18:3000,tgis-bam,fmaas-monitoring,llama3-mig3g-40gb,openshift-user-workload-monitoring/user-workload,0.999,tgis-bam,6760.823792419772
2024-05-20 15:31:34.285000086,tgi_batch_next_tokens,http,10.128.2.18:3000,tgis-bam,fmaas-monitoring,llama3-mig3g-40gb,openshift-user-workload-monitoring/user-workload,0.999,tgis-bam,6760.823792419772
2024-05-20 15:31:39.285000086,tgi_batch_next_tokens,http,10.128.2.18:3000,tgis-bam,fmaas-monitoring,llama3-mig3g-40gb,openshift-user-workload-monitoring/user-workload,0.999,tgis-bam,8747.297069216493
2024-05-20 15:31:44.285000086,tgi_batch_next_tokens,http,10.128.2.18:3000,tgis-bam,fmaas-monitoring,llama3-mig3g-40gb,openshift-user-workload-monitoring/user-workload,0.999,tgis-bam,8747.297069216493
2024-05-20 15:31:49.285000086,tgi_batch_next_tokens,http,10.128.2.18:3000,tgis-bam,fmaas-monitoring,llama3-mig3g-40gb,openshift-user-workload-monitoring/user-workload,0.999,tgis-bam,9831.040191937376
2024-05-20 15:31:54.285000086,tgi_batch_next_tokens,http,10.128.2.18:3000,tgis-bam,fmaas-monitoring,llama3-mig3g-40gb,openshift-user-workload-monitoring/user-workload,0.999,tgis-bam,9831.040191937376
2024-05-20 15:31:59.305999994,tgi_batch_next_tokens,http,10.128.2.18:3000,tgis-bam,fmaas-monitoring,llama3-mig3g-40gb,openshift-user-workload-monitoring/user-workload,0.999,tgis-bam,9831.040191937376
2024-05-20 15:32:04.285000086,tgi_batch_next_tokens,http,10.128.2.18:3000,tgis-bam,fmaas-monitoring,llama3-mig3g-40gb,openshift-user-workload-monitoring/user-workload,0.999,tgis-bam,9831.040191937376
2024-05-20 15:32:09.285000086,tgi_batch_next_tokens,http,10.128.2.18:3000,tgis-bam,fmaas-monitoring,llama3-mig3g-40gb,openshift-user-workload-monitoring/user-workload,0.999,tgis-bam,9831.040191937376
2024-05-20 15:32:14.285000086,tgi_batch_next_tokens,http,10.128.2.18:3000,tgis-bam,fmaas-monitoring,llama3-mig3g-40gb,openshift-user-workload-monitoring/user-workload,0.999,tgis-bam,9831.040191937376
2024-05-20 15:32:19.285000086,tgi_batch_next_tokens,http,10.128.2.18:3000,tgis-bam,fmaas-monitoring,llama3-mig3g-40gb,openshift-user-workload-monitoring/user-workload,0.999,tgis-bam,9831.040191937376
2024-05-20 15:32:24.285000086,tgi_batch_next_tokens,http,10.128.2.18:3000,tgis-bam,fmaas-monitoring,llama3-mig3g-40gb,openshift-user-workload-monitoring/user-workload,0.999,tgis-bam,9831.040191937376
2024-05-20 15:32:29.285000086,tgi_batch_next_tokens,http,10.128.2.18:3000,tgis-bam,fmaas-monitoring,llama3-mig3g-40gb,openshift-user-workload-monitoring/user-workload,0.999,tgis-bam,7641.1242525090975
2024-05-20 15:32:34.285000086,tgi_batch_next_tokens,http,10.128.2.18:3000,tgis-bam,fmaas-monitoring,llama3-mig3g-40gb,openshift-user-workload-monitoring/user-workload,0.999,tgis-bam,7641.1242525090975
2024-05-20 15:32:39.285000086,tgi_batch_next_tokens,http,10.128.2.18:3000,tgis-bam,fmaas-monitoring,llama3-mig3g-40gb,openshift-user-workload-monitoring/user-workload,0.999,tgis-bam,7641.1242525090975
2024-05-20 15:32:44.285000086,tgi_batch_next_tokens,http,10.128.2.18:3000,tgis-bam,fmaas-monitoring,llama3-mig3g-40gb,openshift-user-workload-monitoring/user-workload,0.999,tgis-bam,9168.234579640144
2024-05-20 15:32:49.285000086,tgi_batch_next_tokens,http,10.128.2.18:3000,tgis-bam,fmaas-monitoring,llama3-mig3g-40gb,openshift-user-workload-monitoring/user-workload,0.999,tgis-bam,5065.965515210541
2024-05-20 15:32:54.285000086,tgi_batch_next_tokens,http,10.128.2.18:3000,tgis-bam,fmaas-monitoring,llama3-mig3g-40gb,openshift-user-workload-monitoring/user-workload,0.999,tgis-bam,7233.657204123269
2024-05-20 15:32:59.285000086,tgi_batch_next_tokens,http,10.128.2.18:3000,tgis-bam,fmaas-monitoring,llama3-mig3g-40gb,openshift-user-workload-monitoring/user-workload,0.999,tgis-bam,7233.657204123269
2024-05-20 15:33:04.285000086,tgi_batch_next_tokens,http,10.128.2.18:3000,tgis-bam,fmaas-monitoring,llama3-mig3g-40gb,openshift-user-workload-monitoring/user-workload,0.999,tgis-bam,7233.657204123269
2024-05-20 15:33:09.285000086,tgi_batch_next_tokens,http,10.128.2.18:3000,tgis-bam,fmaas-monitoring,llama3-mig3g-40gb,openshift-user-workload-monitoring/user-workload,0.999,tgis-bam,7233.657204123269
2024-05-20 15:33:14.285000086,tgi_batch_next_tokens,http,10.128.2.18:3000,tgis-bam,fmaas-monitoring,llama3-mig3g-40gb,openshift-user-workload-monitoring/user-workload,0.999,tgis-bam,7233.657204123269
2024-05-20 15:33:19.285000086,tgi_batch_next_tokens,http,10.128.2.18:3000,tgis-bam,fmaas-monitoring,llama3-mig3g-40gb,openshift-user-workload-monitoring/user-workload,0.999,tgis-bam,7233.657204123269
2024-05-20 15:33:24.285000086,tgi_batch_next_tokens,http,10.128.2.18:3000,tgis-bam,fmaas-monitoring,llama3-mig3g-40gb,openshift-user-workload-monitoring/user-workload,0.999,tgis-bam,7233.657204123269
2024-05-20 15:23:29.285000086,tgi_batch_next_tokens,http,10.128.2.18:3000,tgis-bam,fmaas-monitoring,llama3-mig3g-40gb,openshift-user-workload-monitoring/user-workload,1,tgis-bam,6287.0
2024-05-20 15:23:34.285000086,tgi_batch_next_tokens,http,10.128.2.18:3000,tgis-bam,fmaas-monitoring,llama3-mig3g-40gb,openshift-user-workload-monitoring/user-workload,1,tgis-bam,6287.0
2024-05-20 15:23:39.285000086,tgi_batch_next_tokens,http,10.128.2.18:3000,tgis-bam,fmaas-monitoring,llama3-mig3g-40gb,openshift-user-workload-monitoring/user-workload,1,tgis-bam,6287.0
2024-05-20 15:23:44.285000086,tgi_batch_next_tokens,http,10.128.2.18:3000,tgis-bam,fmaas-monitoring,llama3-mig3g-40gb,openshift-user-workload-monitoring/user-workload,1,tgis-bam,6287.0
2024-05-20 15:23:49.285000086,tgi_batch_next_tokens,http,10.128.2.18:3000,tgis-bam,fmaas-monitoring,llama3-mig3g-40gb,openshift-user-workload-monitoring/user-workload,1,tgis-bam,8708.0
2024-05-20 15:23:54.285000086,tgi_batch_next_tokens,http,10.128.2.18:3000,tgis-bam,fmaas-monitoring,llama3-mig3g-40gb,openshift-user-workload-monitoring/user-workload,1,tgis-bam,8708.0
2024-05-20 15:23:59.285000086,tgi_batch_next_tokens,http,10.128.2.18:3000,tgis-bam,fmaas-monitoring,llama3-mig3g-40gb,openshift-user-workload-monitoring/user-workload,1,tgis-bam,8708.0
2024-05-20 15:24:04.285000086,tgi_batch_next_tokens,http,10.128.2.18:3000,tgis-bam,fmaas-monitoring,llama3-mig3g-40gb,openshift-user-workload-monitoring/user-workload,1,tgis-bam,8708.0
2024-05-20 15:24:09.285000086,tgi_batch_next_tokens,http,10.128.2.18:3000,tgis-bam,fmaas-monitoring,llama3-mig3g-40gb,openshift-user-workload-monitoring/user-workload,1,tgis-bam,8708.0
2024-05-20 15:24:14.285000086,tgi_batch_next_tokens,http,10.128.2.18:3000,tgis-bam,fmaas-monitoring,llama3-mig3g-40gb,openshift-user-workload-monitoring/user-workload,1,tgis-bam,8708.0
2024-05-20 15:24:19.285000086,tgi_batch_next_tokens,http,10.128.2.18:3000,tgis-bam,fmaas-monitoring,llama3-mig3g-40gb,openshift-user-workload-monitoring/user-workload,1,tgis-bam,8708.0
2024-05-20 15:24:24.285000086,tgi_batch_next_tokens,http,10.128.2.18:3000,tgis-bam,fmaas-monitoring,llama3-mig3g-40gb,openshift-user-workload-monitoring/user-workload,1,tgis-bam,8708.0
2024-05-20 15:24:29.285000086,tgi_batch_next_tokens,http,10.128.2.18:3000,tgis-bam,fmaas-monitoring,llama3-mig3g-40gb,openshift-user-workload-monitoring/user-workload,1,tgis-bam,8708.0
2024-05-20 15:24:34.285000086,tgi_batch_next_tokens,http,10.128.2.18:3000,tgis-bam,fmaas-monitoring,llama3-mig3g-40gb,openshift-user-workload-monitoring/user-workload,1,tgis-bam,8708.0
2024-05-20 15:24:39.285000086,tgi_batch_next_tokens,http,10.128.2.18:3000,tgis-bam,fmaas-monitoring,llama3-mig3g-40gb,openshift-user-workload-monitoring/user-workload,1,tgis-bam,8708.0
2024-05-20 15:24:44.285000086,tgi_batch_next_tokens,http,10.128.2.18:3000,tgis-bam,fmaas-monitoring,llama3-mig3g-40gb,openshift-user-workload-monitoring/user-workload,1,tgis-bam,8708.0
2024-05-20 15:24:49.285000086,tgi_batch_next_tokens,http,10.128.2.18:3000,tgis-bam,fmaas-monitoring,llama3-mig3g-40gb,openshift-user-workload-monitoring/user-workload,1,tgis-bam,6228.0
2024-05-20 15:24:54.285000086,tgi_batch_next_tokens,http,10.128.2.18:3000,tgis-bam,fmaas-monitoring,llama3-mig3g-40gb,openshift-user-workload-monitoring/user-workload,1,tgis-bam,6228.0
2024-05-20 15:24:59.285000086,tgi_batch_next_tokens,http,10.128.2.18:3000,tgis-bam,fmaas-monitoring,llama3-mig3g-40gb,openshift-user-workload-monitoring/user-workload,1,tgis-bam,6228.0
2024-05-20 15:25:04.285000086,tgi_batch_next_tokens,http,10.128.2.18:3000,tgis-bam,fmaas-monitoring,llama3-mig3g-40gb,openshift-user-workload-monitoring/user-workload,1,tgis-bam,6228.0
2024-05-20 15:25:09.285000086,tgi_batch_next_tokens,http,10.128.2.18:3000,tgis-bam,fmaas-monitoring,llama3-mig3g-40gb,openshift-user-workload-monitoring/user-workload,1,tgis-bam,6228.0
2024-05-20 15:25:14.285000086,tgi_batch_next_tokens,http,10.128.2.18:3000,tgis-bam,fmaas-monitoring,llama3-mig3g-40gb,openshift-user-workload-monitoring/user-workload,1,tgis-bam,6228.0
2024-05-20 15:25:19.285000086,tgi_batch_next_tokens,http,10.128.2.18:3000,tgis-bam,fmaas-monitoring,llama3-mig3g-40gb,openshift-user-workload-monitoring/user-workload,1,tgis-bam,6228.0
2024-05-20 15:25:24.285000086,tgi_batch_next_tokens,http,10.128.2.18:3000,tgis-bam,fmaas-monitoring,llama3-mig3g-40gb,openshift-user-workload-monitoring/user-workload,1,tgis-bam,6228.0
2024-05-20 15:25:29.285000086,tgi_batch_next_tokens,http,10.128.2.18:3000,tgis-bam,fmaas-monitoring,llama3-mig3g-40gb,openshift-user-workload-monitoring/user-workload,1,tgis-bam,5142.0
2024-05-20 15:25:34.285000086,tgi_batch_next_tokens,http,10.128.2.18:3000,tgis-bam,fmaas-monitoring,llama3-mig3g-40gb,openshift-user-workload-monitoring/user-workload,1,tgis-bam,6438.0
2024-05-20 15:25:39.285000086,tgi_batch_next_tokens,http,10.128.2.18:3000,tgis-bam,fmaas-monitoring,llama3-mig3g-40gb,openshift-user-workload-monitoring/user-workload,1,tgis-bam,6438.0
2024-05-20 15:25:44.285000086,tgi_batch_next_tokens,http,10.128.2.18:3000,tgis-bam,fmaas-monitoring,llama3-mig3g-40gb,openshift-user-workload-monitoring/user-workload,1,tgis-bam,7708.0
2024-05-20 15:25:49.285000086,tgi_batch_next_tokens,http,10.128.2.18:3000,tgis-bam,fmaas-monitoring,llama3-mig3g-40gb,openshift-user-workload-monitoring/user-workload,1,tgis-bam,7840.0
2024-05-20 15:25:54.285000086,tgi_batch_next_tokens,http,10.128.2.18:3000,tgis-bam,fmaas-monitoring,llama3-mig3g-40gb,openshift-user-workload-monitoring/user-workload,1,tgis-bam,7840.0
2024-05-20 15:25:59.285000086,tgi_batch_next_tokens,http,10.128.2.18:3000,tgis-bam,fmaas-monitoring,llama3-mig3g-40gb,openshift-user-workload-monitoring/user-workload,1,tgis-bam,7840.0
2024-05-20 15:26:04.285000086,tgi_batch_next_tokens,http,10.128.2.18:3000,tgis-bam,fmaas-monitoring,llama3-mig3g-40gb,openshift-user-workload-monitoring/user-workload,1,tgis-bam,7840.0
2024-05-20 15:26:09.285000086,tgi_batch_next_tokens,http,10.128.2.18:3000,tgis-bam,fmaas-monitoring,llama3-mig3g-40gb,openshift-user-workload-monitoring/user-workload,1,tgis-bam,7840.0
2024-05-20 15:26:14.285000086,tgi_batch_next_tokens,http,10.128.2.18:3000,tgis-bam,fmaas-monitoring,llama3-mig3g-40gb,openshift-user-workload-monitoring/user-workload,1,tgis-bam,7840.0
2024-05-20 15:26:19.305999994,tgi_batch_next_tokens,http,10.128.2.18:3000,tgis-bam,fmaas-monitoring,llama3-mig3g-40gb,openshift-user-workload-monitoring/user-workload,1,tgis-bam,7840.0
2024-05-20 15:26:24.285000086,tgi_batch_next_tokens,http,10.128.2.18:3000,tgis-bam,fmaas-monitoring,llama3-mig3g-40gb,openshift-user-workload-monitoring/user-workload,1,tgis-bam,7840.0
2024-05-20 15:26:29.285000086,tgi_batch_next_tokens,http,10.128.2.18:3000,tgis-bam,fmaas-monitoring,llama3-mig3g-40gb,openshift-user-workload-monitoring/user-workload,1,tgis-bam,7840.0
2024-05-20 15:26:34.285000086,tgi_batch_next_tokens,http,10.128.2.18:3000,tgis-bam,fmaas-monitoring,llama3-mig3g-40gb,openshift-user-workload-monitoring/user-workload,1,tgis-bam,7840.0
2024-05-20 15:26:39.286999941,tgi_batch_next_tokens,http,10.128.2.18:3000,tgis-bam,fmaas-monitoring,llama3-mig3g-40gb,openshift-user-workload-monitoring/user-workload,1,tgis-bam,7840.0
2024-05-20 15:26:44.285000086,tgi_batch_next_tokens,http,10.128.2.18:3000,tgis-bam,fmaas-monitoring,llama3-mig3g-40gb,openshift-user-workload-monitoring/user-workload,1,tgis-bam,7840.0
2024-05-20 15:26:49.285000086,tgi_batch_next_tokens,http,10.128.2.18:3000,tgis-bam,fmaas-monitoring,llama3-mig3g-40gb,openshift-user-workload-monitoring/user-workload,1,tgis-bam,5769.0
2024-05-20 15:26:54.285000086,tgi_batch_next_tokens,http,10.128.2.18:3000,tgis-bam,fmaas-monitoring,llama3-mig3g-40gb,openshift-user-workload-monitoring/user-workload,1,tgis-bam,5769.0
2024-05-20 15:26:59.285000086,tgi_batch_next_tokens,http,10.128.2.18:3000,tgis-bam,fmaas-monitoring,llama3-mig3g-40gb,openshift-user-workload-monitoring/user-workload,1,tgis-bam,6588.0
2024-05-20 15:27:04.285000086,tgi_batch_next_tokens,http,10.128.2.18:3000,tgis-bam,fmaas-monitoring,llama3-mig3g-40gb,openshift-user-workload-monitoring/user-workload,1,tgis-bam,6588.0
2024-05-20 15:27:09.285000086,tgi_batch_next_tokens,http,10.128.2.18:3000,tgis-bam,fmaas-monitoring,llama3-mig3g-40gb,openshift-user-workload-monitoring/user-workload,1,tgis-bam,6876.0
2024-05-20 15:27:14.285000086,tgi_batch_next_tokens,http,10.128.2.18:3000,tgis-bam,fmaas-monitoring,llama3-mig3g-40gb,openshift-user-workload-monitoring/user-workload,1,tgis-bam,6876.0
2024-05-20 15:27:19.285000086,tgi_batch_next_tokens,http,10.128.2.18:3000,tgis-bam,fmaas-monitoring,llama3-mig3g-40gb,openshift-user-workload-monitoring/user-workload,1,tgis-bam,6876.0
2024-05-20 15:27:24.285000086,tgi_batch_next_tokens,http,10.128.2.18:3000,tgis-bam,fmaas-monitoring,llama3-mig3g-40gb,openshift-user-workload-monitoring/user-workload,1,tgis-bam,6876.0
2024-05-20 15:27:29.285000086,tgi_batch_next_tokens,http,10.128.2.18:3000,tgis-bam,fmaas-monitoring,llama3-mig3g-40gb,openshift-user-workload-monitoring/user-workload,1,tgis-bam,6876.0
2024-05-20 15:27:34.285000086,tgi_batch_next_tokens,http,10.128.2.18:3000,tgis-bam,fmaas-monitoring,llama3-mig3g-40gb,openshift-user-workload-monitoring/user-workload,1,tgis-bam,6876.0
2024-05-20 15:27:39.285000086,tgi_batch_next_tokens,http,10.128.2.18:3000,tgis-bam,fmaas-monitoring,llama3-mig3g-40gb,openshift-user-workload-monitoring/user-workload,1,tgis-bam,6876.0
2024-05-20 15:27:44.285000086,tgi_batch_next_tokens,http,10.128.2.18:3000,tgis-bam,fmaas-monitoring,llama3-mig3g-40gb,openshift-user-workload-monitoring/user-workload,1,tgis-bam,6876.0
2024-05-20 15:27:49.285000086,tgi_batch_next_tokens,http,10.128.2.18:3000,tgis-bam,fmaas-monitoring,llama3-mig3g-40gb,openshift-user-workload-monitoring/user-workload,1,tgis-bam,5265.0
2024-05-20 15:27:54.285000086,tgi_batch_next_tokens,http,10.128.2.18:3000,tgis-bam,fmaas-monitoring,llama3-mig3g-40gb,openshift-user-workload-monitoring/user-workload,1,tgis-bam,7074.0
2024-05-20 15:27:59.289000034,tgi_batch_next_tokens,http,10.128.2.18:3000,tgis-bam,fmaas-monitoring,llama3-mig3g-40gb,openshift-user-workload-monitoring/user-workload,1,tgis-bam,7644.0
2024-05-20 15:28:04.285000086,tgi_batch_next_tokens,http,10.128.2.18:3000,tgis-bam,fmaas-monitoring,llama3-mig3g-40gb,openshift-user-workload-monitoring/user-workload,1,tgis-bam,7644.0
2024-05-20 15:28:09.285000086,tgi_batch_next_tokens,http,10.128.2.18:3000,tgis-bam,fmaas-monitoring,llama3-mig3g-40gb,openshift-user-workload-monitoring/user-workload,1,tgis-bam,7644.0
2024-05-20 15:28:14.288000107,tgi_batch_next_tokens,http,10.128.2.18:3000,tgis-bam,fmaas-monitoring,llama3-mig3g-40gb,openshift-user-workload-monitoring/user-workload,1,tgis-bam,7644.0
2024-05-20 15:28:19.285000086,tgi_batch_next_tokens,http,10.128.2.18:3000,tgis-bam,fmaas-monitoring,llama3-mig3g-40gb,openshift-user-workload-monitoring/user-workload,1,tgis-bam,7644.0
2024-05-20 15:28:24.285000086,tgi_batch_next_tokens,http,10.128.2.18:3000,tgis-bam,fmaas-monitoring,llama3-mig3g-40gb,openshift-user-workload-monitoring/user-workload,1,tgis-bam,7644.0
2024-05-20 15:28:29.285000086,tgi_batch_next_tokens,http,10.128.2.18:3000,tgis-bam,fmaas-monitoring,llama3-mig3g-40gb,openshift-user-workload-monitoring/user-workload,1,tgis-bam,7644.0
2024-05-20 15:28:34.285000086,tgi_batch_next_tokens,http,10.128.2.18:3000,tgis-bam,fmaas-monitoring,llama3-mig3g-40gb,openshift-user-workload-monitoring/user-workload,1,tgis-bam,7644.0
2024-05-20 15:28:39.285000086,tgi_batch_next_tokens,http,10.128.2.18:3000,tgis-bam,fmaas-monitoring,llama3-mig3g-40gb,openshift-user-workload-monitoring/user-workload,1,tgis-bam,8946.0
2024-05-20 15:28:44.285000086,tgi_batch_next_tokens,http,10.128.2.18:3000,tgis-bam,fmaas-monitoring,llama3-mig3g-40gb,openshift-user-workload-monitoring/user-workload,1,tgis-bam,8946.0
2024-05-20 15:28:49.285000086,tgi_batch_next_tokens,http,10.128.2.18:3000,tgis-bam,fmaas-monitoring,llama3-mig3g-40gb,openshift-user-workload-monitoring/user-workload,1,tgis-bam,8946.0
2024-05-20 15:28:54.285000086,tgi_batch_next_tokens,http,10.128.2.18:3000,tgis-bam,fmaas-monitoring,llama3-mig3g-40gb,openshift-user-workload-monitoring/user-workload,1,tgis-bam,8946.0
2024-05-20 15:28:59.285000086,tgi_batch_next_tokens,http,10.128.2.18:3000,tgis-bam,fmaas-monitoring,llama3-mig3g-40gb,openshift-user-workload-monitoring/user-workload,1,tgis-bam,8946.0
2024-05-20 15:29:04.285000086,tgi_batch_next_tokens,http,10.128.2.18:3000,tgis-bam,fmaas-monitoring,llama3-mig3g-40gb,openshift-user-workload-monitoring/user-workload,1,tgis-bam,8946.0
2024-05-20 15:29:09.285000086,tgi_batch_next_tokens,http,10.128.2.18:3000,tgis-bam,fmaas-monitoring,llama3-mig3g-40gb,openshift-user-workload-monitoring/user-workload,1,tgis-bam,8946.0
2024-05-20 15:29:14.285000086,tgi_batch_next_tokens,http,10.128.2.18:3000,tgis-bam,fmaas-monitoring,llama3-mig3g-40gb,openshift-user-workload-monitoring/user-workload,1,tgis-bam,8946.0
2024-05-20 15:29:19.285000086,tgi_batch_next_tokens,http,10.128.2.18:3000,tgis-bam,fmaas-monitoring,llama3-mig3g-40gb,openshift-user-workload-monitoring/user-workload,1,tgis-bam,8946.0
2024-05-20 15:29:24.285000086,tgi_batch_next_tokens,http,10.128.2.18:3000,tgis-bam,fmaas-monitoring,llama3-mig3g-40gb,openshift-user-workload-monitoring/user-workload,1,tgis-bam,8946.0
2024-05-20 15:29:29.285000086,tgi_batch_next_tokens,http,10.128.2.18:3000,tgis-bam,fmaas-monitoring,llama3-mig3g-40gb,openshift-user-workload-monitoring/user-workload,1,tgis-bam,7900.0
2024-05-20 15:29:34.301000118,tgi_batch_next_tokens,http,10.128.2.18:3000,tgis-bam,fmaas-monitoring,llama3-mig3g-40gb,openshift-user-workload-monitoring/user-workload,1,tgis-bam,7900.0
2024-05-20 15:29:39.285000086,tgi_batch_next_tokens,http,10.128.2.18:3000,tgis-bam,fmaas-monitoring,llama3-mig3g-40gb,openshift-user-workload-monitoring/user-workload,1,tgis-bam,7900.0
2024-05-20 15:29:44.285000086,tgi_batch_next_tokens,http,10.128.2.18:3000,tgis-bam,fmaas-monitoring,llama3-mig3g-40gb,openshift-user-workload-monitoring/user-workload,1,tgis-bam,7900.0
2024-05-20 15:29:49.285000086,tgi_batch_next_tokens,http,10.128.2.18:3000,tgis-bam,fmaas-monitoring,llama3-mig3g-40gb,openshift-user-workload-monitoring/user-workload,1,tgis-bam,5988.0
2024-05-20 15:29:54.285000086,tgi_batch_next_tokens,http,10.128.2.18:3000,tgis-bam,fmaas-monitoring,llama3-mig3g-40gb,openshift-user-workload-monitoring/user-workload,1,tgis-bam,9472.0
2024-05-20 15:29:59.285000086,tgi_batch_next_tokens,http,10.128.2.18:3000,tgis-bam,fmaas-monitoring,llama3-mig3g-40gb,openshift-user-workload-monitoring/user-workload,1,tgis-bam,9472.0
2024-05-20 15:30:04.285000086,tgi_batch_next_tokens,http,10.128.2.18:3000,tgis-bam,fmaas-monitoring,llama3-mig3g-40gb,openshift-user-workload-monitoring/user-workload,1,tgis-bam,9472.0
2024-05-20 15:30:09.285000086,tgi_batch_next_tokens,http,10.128.2.18:3000,tgis-bam,fmaas-monitoring,llama3-mig3g-40gb,openshift-user-workload-monitoring/user-workload,1,tgis-bam,9472.0
2024-05-20 15:30:14.285000086,tgi_batch_next_tokens,http,10.128.2.18:3000,tgis-bam,fmaas-monitoring,llama3-mig3g-40gb,openshift-user-workload-monitoring/user-workload,1,tgis-bam,9472.0
2024-05-20 15:30:19.285000086,tgi_batch_next_tokens,http,10.128.2.18:3000,tgis-bam,fmaas-monitoring,llama3-mig3g-40gb,openshift-user-workload-monitoring/user-workload,1,tgis-bam,9472.0
2024-05-20 15:30:24.285000086,tgi_batch_next_tokens,http,10.128.2.18:3000,tgis-bam,fmaas-monitoring,llama3-mig3g-40gb,openshift-user-workload-monitoring/user-workload,1,tgis-bam,9472.0
2024-05-20 15:30:29.285000086,tgi_batch_next_tokens,http,10.128.2.18:3000,tgis-bam,fmaas-monitoring,llama3-mig3g-40gb,openshift-user-workload-monitoring/user-workload,1,tgis-bam,9472.0
2024-05-20 15:30:34.285000086,tgi_batch_next_tokens,http,10.128.2.18:3000,tgis-bam,fmaas-monitoring,llama3-mig3g-40gb,openshift-user-workload-monitoring/user-workload,1,tgis-bam,9472.0
2024-05-20 15:30:39.285000086,tgi_batch_next_tokens,http,10.128.2.18:3000,tgis-bam,fmaas-monitoring,llama3-mig3g-40gb,openshift-user-workload-monitoring/user-workload,1,tgis-bam,10436.0
2024-05-20 15:30:44.285000086,tgi_batch_next_tokens,http,10.128.2.18:3000,tgis-bam,fmaas-monitoring,llama3-mig3g-40gb,openshift-user-workload-monitoring/user-workload,1,tgis-bam,10436.0
2024-05-20 15:30:49.285000086,tgi_batch_next_tokens,http,10.128.2.18:3000,tgis-bam,fmaas-monitoring,llama3-mig3g-40gb,openshift-user-workload-monitoring/user-workload,1,tgis-bam,10436.0
2024-05-20 15:30:54.285000086,tgi_batch_next_tokens,http,10.128.2.18:3000,tgis-bam,fmaas-monitoring,llama3-mig3g-40gb,openshift-user-workload-monitoring/user-workload,1,tgis-bam,10436.0
2024-05-20 15:30:59.285000086,tgi_batch_next_tokens,http,10.128.2.18:3000,tgis-bam,fmaas-monitoring,llama3-mig3g-40gb,openshift-user-workload-monitoring/user-workload,1,tgis-bam,10436.0
2024-05-20 15:31:04.285000086,tgi_batch_next_tokens,http,10.128.2.18:3000,tgis-bam,fmaas-monitoring,llama3-mig3g-40gb,openshift-user-workload-monitoring/user-workload,1,tgis-bam,10436.0
2024-05-20 15:31:09.302999973,tgi_batch_next_tokens,http,10.128.2.18:3000,tgis-bam,fmaas-monitoring,llama3-mig3g-40gb,openshift-user-workload-monitoring/user-workload,1,tgis-bam,10436.0
2024-05-20 15:31:14.285000086,tgi_batch_next_tokens,http,10.128.2.18:3000,tgis-bam,fmaas-monitoring,llama3-mig3g-40gb,openshift-user-workload-monitoring/user-workload,1,tgis-bam,10436.0
2024-05-20 15:31:19.285000086,tgi_batch_next_tokens,http,10.128.2.18:3000,tgis-bam,fmaas-monitoring,llama3-mig3g-40gb,openshift-user-workload-monitoring/user-workload,1,tgis-bam,10436.0
2024-05-20 15:31:24.285000086,tgi_batch_next_tokens,http,10.128.2.18:3000,tgis-bam,fmaas-monitoring,llama3-mig3g-40gb,openshift-user-workload-monitoring/user-workload,1,tgis-bam,10436.0
2024-05-20 15:31:29.285000086,tgi_batch_next_tokens,http,10.128.2.18:3000,tgis-bam,fmaas-monitoring,llama3-mig3g-40gb,openshift-user-workload-monitoring/user-workload,1,tgis-bam,8748.0
2024-05-20 15:31:34.285000086,tgi_batch_next_tokens,http,10.128.2.18:3000,tgis-bam,fmaas-monitoring,llama3-mig3g-40gb,openshift-user-workload-monitoring/user-workload,1,tgis-bam,8748.0
2024-05-20 15:31:39.285000086,tgi_batch_next_tokens,http,10.128.2.18:3000,tgis-bam,fmaas-monitoring,llama3-mig3g-40gb,openshift-user-workload-monitoring/user-workload,1,tgis-bam,10772.0
2024-05-20 15:31:44.285000086,tgi_batch_next_tokens,http,10.128.2.18:3000,tgis-bam,fmaas-monitoring,llama3-mig3g-40gb,openshift-user-workload-monitoring/user-workload,1,tgis-bam,10772.0
2024-05-20 15:31:49.285000086,tgi_batch_next_tokens,http,10.128.2.18:3000,tgis-bam,fmaas-monitoring,llama3-mig3g-40gb,openshift-user-workload-monitoring/user-workload,1,tgis-bam,10772.0
2024-05-20 15:31:54.285000086,tgi_batch_next_tokens,http,10.128.2.18:3000,tgis-bam,fmaas-monitoring,llama3-mig3g-40gb,openshift-user-workload-monitoring/user-workload,1,tgis-bam,10772.0
2024-05-20 15:31:59.305999994,tgi_batch_next_tokens,http,10.128.2.18:3000,tgis-bam,fmaas-monitoring,llama3-mig3g-40gb,openshift-user-workload-monitoring/user-workload,1,tgis-bam,10772.0
2024-05-20 15:32:04.285000086,tgi_batch_next_tokens,http,10.128.2.18:3000,tgis-bam,fmaas-monitoring,llama3-mig3g-40gb,openshift-user-workload-monitoring/user-workload,1,tgis-bam,10772.0
2024-05-20 15:32:09.285000086,tgi_batch_next_tokens,http,10.128.2.18:3000,tgis-bam,fmaas-monitoring,llama3-mig3g-40gb,openshift-user-workload-monitoring/user-workload,1,tgis-bam,10772.0
2024-05-20 15:32:14.285000086,tgi_batch_next_tokens,http,10.128.2.18:3000,tgis-bam,fmaas-monitoring,llama3-mig3g-40gb,openshift-user-workload-monitoring/user-workload,1,tgis-bam,10772.0
2024-05-20 15:32:19.285000086,tgi_batch_next_tokens,http,10.128.2.18:3000,tgis-bam,fmaas-monitoring,llama3-mig3g-40gb,openshift-user-workload-monitoring/user-workload,1,tgis-bam,10772.0
2024-05-20 15:32:24.285000086,tgi_batch_next_tokens,http,10.128.2.18:3000,tgis-bam,fmaas-monitoring,llama3-mig3g-40gb,openshift-user-workload-monitoring/user-workload,1,tgis-bam,10772.0
2024-05-20 15:32:29.285000086,tgi_batch_next_tokens,http,10.128.2.18:3000,tgis-bam,fmaas-monitoring,llama3-mig3g-40gb,openshift-user-workload-monitoring/user-workload,1,tgis-bam,9832.0
2024-05-20 15:32:34.285000086,tgi_batch_next_tokens,http,10.128.2.18:3000,tgis-bam,fmaas-monitoring,llama3-mig3g-40gb,openshift-user-workload-monitoring/user-workload,1,tgis-bam,9832.0
2024-05-20 15:32:39.285000086,tgi_batch_next_tokens,http,10.128.2.18:3000,tgis-bam,fmaas-monitoring,llama3-mig3g-40gb,openshift-user-workload-monitoring/user-workload,1,tgis-bam,9832.0
2024-05-20 15:32:44.285000086,tgi_batch_next_tokens,http,10.128.2.18:3000,tgis-bam,fmaas-monitoring,llama3-mig3g-40gb,openshift-user-workload-monitoring/user-workload,1,tgis-bam,9832.0
2024-05-20 15:32:49.285000086,tgi_batch_next_tokens,http,10.128.2.18:3000,tgis-bam,fmaas-monitoring,llama3-mig3g-40gb,openshift-user-workload-monitoring/user-workload,1,tgis-bam,9168.0
2024-05-20 15:32:54.285000086,tgi_batch_next_tokens,http,10.128.2.18:3000,tgis-bam,fmaas-monitoring,llama3-mig3g-40gb,openshift-user-workload-monitoring/user-workload,1,tgis-bam,9168.0
2024-05-20 15:32:59.285000086,tgi_batch_next_tokens,http,10.128.2.18:3000,tgis-bam,fmaas-monitoring,llama3-mig3g-40gb,openshift-user-workload-monitoring/user-workload,1,tgis-bam,9168.0
2024-05-20 15:33:04.285000086,tgi_batch_next_tokens,http,10.128.2.18:3000,tgis-bam,fmaas-monitoring,llama3-mig3g-40gb,openshift-user-workload-monitoring/user-workload,1,tgis-bam,9168.0
2024-05-20 15:33:09.285000086,tgi_batch_next_tokens,http,10.128.2.18:3000,tgis-bam,fmaas-monitoring,llama3-mig3g-40gb,openshift-user-workload-monitoring/user-workload,1,tgis-bam,9168.0
2024-05-20 15:33:14.285000086,tgi_batch_next_tokens,http,10.128.2.18:3000,tgis-bam,fmaas-monitoring,llama3-mig3g-40gb,openshift-user-workload-monitoring/user-workload,1,tgis-bam,9168.0
2024-05-20 15:33:19.285000086,tgi_batch_next_tokens,http,10.128.2.18:3000,tgis-bam,fmaas-monitoring,llama3-mig3g-40gb,openshift-user-workload-monitoring/user-workload,1,tgis-bam,9168.0
2024-05-20 15:33:24.285000086,tgi_batch_next_tokens,http,10.128.2.18:3000,tgis-bam,fmaas-monitoring,llama3-mig3g-40gb,openshift-user-workload-monitoring/user-workload,1,tgis-bam,9168.0
