timestamp,__name__,endpoint,instance,job,namespace,pod,prometheus,service,value
2024-05-14 16:09:38.617000103,tgi_request_input_length_sum,http,10.128.4.63:3000,tgis-bam,fmaas-monitoring,llama3,openshift-user-workload-monitoring/user-workload,tgis-bam,90932.0
2024-05-14 16:09:43.617000103,tgi_request_input_length_sum,http,10.128.4.63:3000,tgis-bam,fmaas-monitoring,llama3,openshift-user-workload-monitoring/user-workload,tgis-bam,91008.0
2024-05-14 16:09:48.617000103,tgi_request_input_length_sum,http,10.128.4.63:3000,tgis-bam,fmaas-monitoring,llama3,openshift-user-workload-monitoring/user-workload,tgis-bam,91152.0
2024-05-14 16:09:53.617000103,tgi_request_input_length_sum,http,10.128.4.63:3000,tgis-bam,fmaas-monitoring,llama3,openshift-user-workload-monitoring/user-workload,tgis-bam,91327.0
2024-05-14 16:09:58.622999907,tgi_request_input_length_sum,http,10.128.4.63:3000,tgis-bam,fmaas-monitoring,llama3,openshift-user-workload-monitoring/user-workload,tgis-bam,91615.0
2024-05-14 16:10:03.617000103,tgi_request_input_length_sum,http,10.128.4.63:3000,tgis-bam,fmaas-monitoring,llama3,openshift-user-workload-monitoring/user-workload,tgis-bam,91644.0
2024-05-14 16:10:08.617000103,tgi_request_input_length_sum,http,10.128.4.63:3000,tgis-bam,fmaas-monitoring,llama3,openshift-user-workload-monitoring/user-workload,tgis-bam,91842.0
2024-05-14 16:10:13.617000103,tgi_request_input_length_sum,http,10.128.4.63:3000,tgis-bam,fmaas-monitoring,llama3,openshift-user-workload-monitoring/user-workload,tgis-bam,91842.0
2024-05-14 16:10:18.617000103,tgi_request_input_length_sum,http,10.128.4.63:3000,tgis-bam,fmaas-monitoring,llama3,openshift-user-workload-monitoring/user-workload,tgis-bam,91842.0
2024-05-14 16:10:23.617000103,tgi_request_input_length_sum,http,10.128.4.63:3000,tgis-bam,fmaas-monitoring,llama3,openshift-user-workload-monitoring/user-workload,tgis-bam,91842.0
2024-05-14 16:10:28.617000103,tgi_request_input_length_sum,http,10.128.4.63:3000,tgis-bam,fmaas-monitoring,llama3,openshift-user-workload-monitoring/user-workload,tgis-bam,91842.0
2024-05-14 16:10:33.676000118,tgi_request_input_length_sum,http,10.128.4.63:3000,tgis-bam,fmaas-monitoring,llama3,openshift-user-workload-monitoring/user-workload,tgis-bam,91842.0
2024-05-14 16:10:38.617000103,tgi_request_input_length_sum,http,10.128.4.63:3000,tgis-bam,fmaas-monitoring,llama3,openshift-user-workload-monitoring/user-workload,tgis-bam,91842.0
2024-05-14 16:10:43.617000103,tgi_request_input_length_sum,http,10.128.4.63:3000,tgis-bam,fmaas-monitoring,llama3,openshift-user-workload-monitoring/user-workload,tgis-bam,92051.0
2024-05-14 16:10:48.617000103,tgi_request_input_length_sum,http,10.128.4.63:3000,tgis-bam,fmaas-monitoring,llama3,openshift-user-workload-monitoring/user-workload,tgis-bam,92198.0
2024-05-14 16:10:53.617000103,tgi_request_input_length_sum,http,10.128.4.63:3000,tgis-bam,fmaas-monitoring,llama3,openshift-user-workload-monitoring/user-workload,tgis-bam,92279.0
2024-05-14 16:10:58.617000103,tgi_request_input_length_sum,http,10.128.4.63:3000,tgis-bam,fmaas-monitoring,llama3,openshift-user-workload-monitoring/user-workload,tgis-bam,92412.0
2024-05-14 16:11:03.617000103,tgi_request_input_length_sum,http,10.128.4.63:3000,tgis-bam,fmaas-monitoring,llama3,openshift-user-workload-monitoring/user-workload,tgis-bam,92526.0
2024-05-14 16:11:08.617000103,tgi_request_input_length_sum,http,10.128.4.63:3000,tgis-bam,fmaas-monitoring,llama3,openshift-user-workload-monitoring/user-workload,tgis-bam,92568.0
2024-05-14 16:11:13.631000042,tgi_request_input_length_sum,http,10.128.4.63:3000,tgis-bam,fmaas-monitoring,llama3,openshift-user-workload-monitoring/user-workload,tgis-bam,92775.0
2024-05-14 16:11:18.617000103,tgi_request_input_length_sum,http,10.128.4.63:3000,tgis-bam,fmaas-monitoring,llama3,openshift-user-workload-monitoring/user-workload,tgis-bam,92775.0
2024-05-14 16:11:23.617000103,tgi_request_input_length_sum,http,10.128.4.63:3000,tgis-bam,fmaas-monitoring,llama3,openshift-user-workload-monitoring/user-workload,tgis-bam,92775.0
2024-05-14 16:11:28.617000103,tgi_request_input_length_sum,http,10.128.4.63:3000,tgis-bam,fmaas-monitoring,llama3,openshift-user-workload-monitoring/user-workload,tgis-bam,92775.0
2024-05-14 16:11:33.617000103,tgi_request_input_length_sum,http,10.128.4.63:3000,tgis-bam,fmaas-monitoring,llama3,openshift-user-workload-monitoring/user-workload,tgis-bam,92775.0
2024-05-14 16:11:38.617000103,tgi_request_input_length_sum,http,10.128.4.63:3000,tgis-bam,fmaas-monitoring,llama3,openshift-user-workload-monitoring/user-workload,tgis-bam,92775.0
2024-05-14 16:11:43.617000103,tgi_request_input_length_sum,http,10.128.4.63:3000,tgis-bam,fmaas-monitoring,llama3,openshift-user-workload-monitoring/user-workload,tgis-bam,92817.0
2024-05-14 16:11:48.617000103,tgi_request_input_length_sum,http,10.128.4.63:3000,tgis-bam,fmaas-monitoring,llama3,openshift-user-workload-monitoring/user-workload,tgis-bam,92881.0
2024-05-14 16:11:53.617000103,tgi_request_input_length_sum,http,10.128.4.63:3000,tgis-bam,fmaas-monitoring,llama3,openshift-user-workload-monitoring/user-workload,tgis-bam,92992.0
2024-05-14 16:11:58.617000103,tgi_request_input_length_sum,http,10.128.4.63:3000,tgis-bam,fmaas-monitoring,llama3,openshift-user-workload-monitoring/user-workload,tgis-bam,93082.0
2024-05-14 16:12:03.617000103,tgi_request_input_length_sum,http,10.128.4.63:3000,tgis-bam,fmaas-monitoring,llama3,openshift-user-workload-monitoring/user-workload,tgis-bam,93271.0
2024-05-14 16:12:08.617000103,tgi_request_input_length_sum,http,10.128.4.63:3000,tgis-bam,fmaas-monitoring,llama3,openshift-user-workload-monitoring/user-workload,tgis-bam,93392.0
2024-05-14 16:12:13.617000103,tgi_request_input_length_sum,http,10.128.4.63:3000,tgis-bam,fmaas-monitoring,llama3,openshift-user-workload-monitoring/user-workload,tgis-bam,93515.0
2024-05-14 16:12:18.617000103,tgi_request_input_length_sum,http,10.128.4.63:3000,tgis-bam,fmaas-monitoring,llama3,openshift-user-workload-monitoring/user-workload,tgis-bam,93590.0
2024-05-14 16:12:23.617000103,tgi_request_input_length_sum,http,10.128.4.63:3000,tgis-bam,fmaas-monitoring,llama3,openshift-user-workload-monitoring/user-workload,tgis-bam,93590.0
2024-05-14 16:12:28.631000042,tgi_request_input_length_sum,http,10.128.4.63:3000,tgis-bam,fmaas-monitoring,llama3,openshift-user-workload-monitoring/user-workload,tgis-bam,93590.0
2024-05-14 16:12:33.617000103,tgi_request_input_length_sum,http,10.128.4.63:3000,tgis-bam,fmaas-monitoring,llama3,openshift-user-workload-monitoring/user-workload,tgis-bam,93590.0
2024-05-14 16:12:38.617000103,tgi_request_input_length_sum,http,10.128.4.63:3000,tgis-bam,fmaas-monitoring,llama3,openshift-user-workload-monitoring/user-workload,tgis-bam,93590.0
2024-05-14 16:12:43.617000103,tgi_request_input_length_sum,http,10.128.4.63:3000,tgis-bam,fmaas-monitoring,llama3,openshift-user-workload-monitoring/user-workload,tgis-bam,93697.0
2024-05-14 16:12:48.617000103,tgi_request_input_length_sum,http,10.128.4.63:3000,tgis-bam,fmaas-monitoring,llama3,openshift-user-workload-monitoring/user-workload,tgis-bam,93748.0
2024-05-14 16:12:53.617000103,tgi_request_input_length_sum,http,10.128.4.63:3000,tgis-bam,fmaas-monitoring,llama3,openshift-user-workload-monitoring/user-workload,tgis-bam,93822.0
2024-05-14 16:12:58.617000103,tgi_request_input_length_sum,http,10.128.4.63:3000,tgis-bam,fmaas-monitoring,llama3,openshift-user-workload-monitoring/user-workload,tgis-bam,93860.0
2024-05-14 16:13:03.617000103,tgi_request_input_length_sum,http,10.128.4.63:3000,tgis-bam,fmaas-monitoring,llama3,openshift-user-workload-monitoring/user-workload,tgis-bam,93932.0
2024-05-14 16:13:08.617000103,tgi_request_input_length_sum,http,10.128.4.63:3000,tgis-bam,fmaas-monitoring,llama3,openshift-user-workload-monitoring/user-workload,tgis-bam,94067.0
2024-05-14 16:13:13.617000103,tgi_request_input_length_sum,http,10.128.4.63:3000,tgis-bam,fmaas-monitoring,llama3,openshift-user-workload-monitoring/user-workload,tgis-bam,94142.0
2024-05-14 16:13:18.617000103,tgi_request_input_length_sum,http,10.128.4.63:3000,tgis-bam,fmaas-monitoring,llama3,openshift-user-workload-monitoring/user-workload,tgis-bam,94231.0
2024-05-14 16:13:23.617000103,tgi_request_input_length_sum,http,10.128.4.63:3000,tgis-bam,fmaas-monitoring,llama3,openshift-user-workload-monitoring/user-workload,tgis-bam,94241.0
2024-05-14 16:13:28.617000103,tgi_request_input_length_sum,http,10.128.4.63:3000,tgis-bam,fmaas-monitoring,llama3,openshift-user-workload-monitoring/user-workload,tgis-bam,94241.0
2024-05-14 16:13:33.617000103,tgi_request_input_length_sum,http,10.128.4.63:3000,tgis-bam,fmaas-monitoring,llama3,openshift-user-workload-monitoring/user-workload,tgis-bam,94241.0
2024-05-14 16:13:38.617000103,tgi_request_input_length_sum,http,10.128.4.63:3000,tgis-bam,fmaas-monitoring,llama3,openshift-user-workload-monitoring/user-workload,tgis-bam,94241.0
2024-05-14 16:13:43.617000103,tgi_request_input_length_sum,http,10.128.4.63:3000,tgis-bam,fmaas-monitoring,llama3,openshift-user-workload-monitoring/user-workload,tgis-bam,94299.0
2024-05-14 16:13:48.617000103,tgi_request_input_length_sum,http,10.128.4.63:3000,tgis-bam,fmaas-monitoring,llama3,openshift-user-workload-monitoring/user-workload,tgis-bam,94308.0
2024-05-14 16:13:53.617000103,tgi_request_input_length_sum,http,10.128.4.63:3000,tgis-bam,fmaas-monitoring,llama3,openshift-user-workload-monitoring/user-workload,tgis-bam,94426.0
2024-05-14 16:13:58.617000103,tgi_request_input_length_sum,http,10.128.4.63:3000,tgis-bam,fmaas-monitoring,llama3,openshift-user-workload-monitoring/user-workload,tgis-bam,94460.0
2024-05-14 16:14:03.617000103,tgi_request_input_length_sum,http,10.128.4.63:3000,tgis-bam,fmaas-monitoring,llama3,openshift-user-workload-monitoring/user-workload,tgis-bam,94470.0
2024-05-14 16:14:08.617000103,tgi_request_input_length_sum,http,10.128.4.63:3000,tgis-bam,fmaas-monitoring,llama3,openshift-user-workload-monitoring/user-workload,tgis-bam,94577.0
2024-05-14 16:14:13.617000103,tgi_request_input_length_sum,http,10.128.4.63:3000,tgis-bam,fmaas-monitoring,llama3,openshift-user-workload-monitoring/user-workload,tgis-bam,94581.0
2024-05-14 16:14:18.617000103,tgi_request_input_length_sum,http,10.128.4.63:3000,tgis-bam,fmaas-monitoring,llama3,openshift-user-workload-monitoring/user-workload,tgis-bam,94707.0
2024-05-14 16:14:23.617000103,tgi_request_input_length_sum,http,10.128.4.63:3000,tgis-bam,fmaas-monitoring,llama3,openshift-user-workload-monitoring/user-workload,tgis-bam,94762.0
2024-05-14 16:14:28.617000103,tgi_request_input_length_sum,http,10.128.4.63:3000,tgis-bam,fmaas-monitoring,llama3,openshift-user-workload-monitoring/user-workload,tgis-bam,94842.0
2024-05-14 16:14:33.617000103,tgi_request_input_length_sum,http,10.128.4.63:3000,tgis-bam,fmaas-monitoring,llama3,openshift-user-workload-monitoring/user-workload,tgis-bam,94916.0
2024-05-14 16:14:38.632999897,tgi_request_input_length_sum,http,10.128.4.63:3000,tgis-bam,fmaas-monitoring,llama3,openshift-user-workload-monitoring/user-workload,tgis-bam,94932.0
2024-05-14 16:14:43.617000103,tgi_request_input_length_sum,http,10.128.4.63:3000,tgis-bam,fmaas-monitoring,llama3,openshift-user-workload-monitoring/user-workload,tgis-bam,95124.0
2024-05-14 16:14:48.617000103,tgi_request_input_length_sum,http,10.128.4.63:3000,tgis-bam,fmaas-monitoring,llama3,openshift-user-workload-monitoring/user-workload,tgis-bam,95261.0
2024-05-14 16:14:53.617000103,tgi_request_input_length_sum,http,10.128.4.63:3000,tgis-bam,fmaas-monitoring,llama3,openshift-user-workload-monitoring/user-workload,tgis-bam,95368.0
2024-05-14 16:14:58.617000103,tgi_request_input_length_sum,http,10.128.4.63:3000,tgis-bam,fmaas-monitoring,llama3,openshift-user-workload-monitoring/user-workload,tgis-bam,95449.0
2024-05-14 16:15:03.617000103,tgi_request_input_length_sum,http,10.128.4.63:3000,tgis-bam,fmaas-monitoring,llama3,openshift-user-workload-monitoring/user-workload,tgis-bam,95613.0
2024-05-14 16:15:08.617000103,tgi_request_input_length_sum,http,10.128.4.63:3000,tgis-bam,fmaas-monitoring,llama3,openshift-user-workload-monitoring/user-workload,tgis-bam,95613.0
2024-05-14 16:15:13.617000103,tgi_request_input_length_sum,http,10.128.4.63:3000,tgis-bam,fmaas-monitoring,llama3,openshift-user-workload-monitoring/user-workload,tgis-bam,95613.0
2024-05-14 16:15:18.617000103,tgi_request_input_length_sum,http,10.128.4.63:3000,tgis-bam,fmaas-monitoring,llama3,openshift-user-workload-monitoring/user-workload,tgis-bam,95613.0
2024-05-14 16:15:23.617000103,tgi_request_input_length_sum,http,10.128.4.63:3000,tgis-bam,fmaas-monitoring,llama3,openshift-user-workload-monitoring/user-workload,tgis-bam,95613.0
2024-05-14 16:15:28.617000103,tgi_request_input_length_sum,http,10.128.4.63:3000,tgis-bam,fmaas-monitoring,llama3,openshift-user-workload-monitoring/user-workload,tgis-bam,95613.0
2024-05-14 16:15:33.617000103,tgi_request_input_length_sum,http,10.128.4.63:3000,tgis-bam,fmaas-monitoring,llama3,openshift-user-workload-monitoring/user-workload,tgis-bam,95613.0
2024-05-14 16:15:38.617000103,tgi_request_input_length_sum,http,10.128.4.63:3000,tgis-bam,fmaas-monitoring,llama3,openshift-user-workload-monitoring/user-workload,tgis-bam,95613.0
2024-05-14 16:15:43.617000103,tgi_request_input_length_sum,http,10.128.4.63:3000,tgis-bam,fmaas-monitoring,llama3,openshift-user-workload-monitoring/user-workload,tgis-bam,95740.0
2024-05-14 16:15:48.617000103,tgi_request_input_length_sum,http,10.128.4.63:3000,tgis-bam,fmaas-monitoring,llama3,openshift-user-workload-monitoring/user-workload,tgis-bam,95850.0
2024-05-14 16:15:53.617000103,tgi_request_input_length_sum,http,10.128.4.63:3000,tgis-bam,fmaas-monitoring,llama3,openshift-user-workload-monitoring/user-workload,tgis-bam,96078.0
2024-05-14 16:15:58.617000103,tgi_request_input_length_sum,http,10.128.4.63:3000,tgis-bam,fmaas-monitoring,llama3,openshift-user-workload-monitoring/user-workload,tgis-bam,96284.0
2024-05-14 16:16:03.617000103,tgi_request_input_length_sum,http,10.128.4.63:3000,tgis-bam,fmaas-monitoring,llama3,openshift-user-workload-monitoring/user-workload,tgis-bam,96485.0
2024-05-14 16:16:08.617000103,tgi_request_input_length_sum,http,10.128.4.63:3000,tgis-bam,fmaas-monitoring,llama3,openshift-user-workload-monitoring/user-workload,tgis-bam,96579.0
2024-05-14 16:16:13.617000103,tgi_request_input_length_sum,http,10.128.4.63:3000,tgis-bam,fmaas-monitoring,llama3,openshift-user-workload-monitoring/user-workload,tgis-bam,96684.0
2024-05-14 16:16:18.617000103,tgi_request_input_length_sum,http,10.128.4.63:3000,tgis-bam,fmaas-monitoring,llama3,openshift-user-workload-monitoring/user-workload,tgis-bam,96684.0
2024-05-14 16:16:23.617000103,tgi_request_input_length_sum,http,10.128.4.63:3000,tgis-bam,fmaas-monitoring,llama3,openshift-user-workload-monitoring/user-workload,tgis-bam,96684.0
2024-05-14 16:16:28.617000103,tgi_request_input_length_sum,http,10.128.4.63:3000,tgis-bam,fmaas-monitoring,llama3,openshift-user-workload-monitoring/user-workload,tgis-bam,96684.0
2024-05-14 16:16:33.617000103,tgi_request_input_length_sum,http,10.128.4.63:3000,tgis-bam,fmaas-monitoring,llama3,openshift-user-workload-monitoring/user-workload,tgis-bam,96684.0
2024-05-14 16:16:38.617000103,tgi_request_input_length_sum,http,10.128.4.63:3000,tgis-bam,fmaas-monitoring,llama3,openshift-user-workload-monitoring/user-workload,tgis-bam,96684.0
2024-05-14 16:16:43.617000103,tgi_request_input_length_sum,http,10.128.4.63:3000,tgis-bam,fmaas-monitoring,llama3,openshift-user-workload-monitoring/user-workload,tgis-bam,96741.0
2024-05-14 16:16:48.617000103,tgi_request_input_length_sum,http,10.128.4.63:3000,tgis-bam,fmaas-monitoring,llama3,openshift-user-workload-monitoring/user-workload,tgis-bam,96876.0
2024-05-14 16:16:53.617000103,tgi_request_input_length_sum,http,10.128.4.63:3000,tgis-bam,fmaas-monitoring,llama3,openshift-user-workload-monitoring/user-workload,tgis-bam,96941.0
2024-05-14 16:16:58.617000103,tgi_request_input_length_sum,http,10.128.4.63:3000,tgis-bam,fmaas-monitoring,llama3,openshift-user-workload-monitoring/user-workload,tgis-bam,97032.0
2024-05-14 16:17:03.617000103,tgi_request_input_length_sum,http,10.128.4.63:3000,tgis-bam,fmaas-monitoring,llama3,openshift-user-workload-monitoring/user-workload,tgis-bam,97249.0
2024-05-14 16:17:08.617000103,tgi_request_input_length_sum,http,10.128.4.63:3000,tgis-bam,fmaas-monitoring,llama3,openshift-user-workload-monitoring/user-workload,tgis-bam,97254.0
2024-05-14 16:17:13.617000103,tgi_request_input_length_sum,http,10.128.4.63:3000,tgis-bam,fmaas-monitoring,llama3,openshift-user-workload-monitoring/user-workload,tgis-bam,97308.0
2024-05-14 16:17:18.617000103,tgi_request_input_length_sum,http,10.128.4.63:3000,tgis-bam,fmaas-monitoring,llama3,openshift-user-workload-monitoring/user-workload,tgis-bam,97321.0
2024-05-14 16:17:23.617000103,tgi_request_input_length_sum,http,10.128.4.63:3000,tgis-bam,fmaas-monitoring,llama3,openshift-user-workload-monitoring/user-workload,tgis-bam,97321.0
2024-05-14 16:17:28.617000103,tgi_request_input_length_sum,http,10.128.4.63:3000,tgis-bam,fmaas-monitoring,llama3,openshift-user-workload-monitoring/user-workload,tgis-bam,97321.0
2024-05-14 16:17:33.617000103,tgi_request_input_length_sum,http,10.128.4.63:3000,tgis-bam,fmaas-monitoring,llama3,openshift-user-workload-monitoring/user-workload,tgis-bam,97321.0
2024-05-14 16:17:38.617000103,tgi_request_input_length_sum,http,10.128.4.63:3000,tgis-bam,fmaas-monitoring,llama3,openshift-user-workload-monitoring/user-workload,tgis-bam,97321.0
2024-05-14 16:17:43.617000103,tgi_request_input_length_sum,http,10.128.4.63:3000,tgis-bam,fmaas-monitoring,llama3,openshift-user-workload-monitoring/user-workload,tgis-bam,97359.0
2024-05-14 16:17:48.617000103,tgi_request_input_length_sum,http,10.128.4.63:3000,tgis-bam,fmaas-monitoring,llama3,openshift-user-workload-monitoring/user-workload,tgis-bam,97447.0
2024-05-14 16:17:53.617000103,tgi_request_input_length_sum,http,10.128.4.63:3000,tgis-bam,fmaas-monitoring,llama3,openshift-user-workload-monitoring/user-workload,tgis-bam,97511.0
2024-05-14 16:17:58.617000103,tgi_request_input_length_sum,http,10.128.4.63:3000,tgis-bam,fmaas-monitoring,llama3,openshift-user-workload-monitoring/user-workload,tgis-bam,97540.0
2024-05-14 16:18:03.617000103,tgi_request_input_length_sum,http,10.128.4.63:3000,tgis-bam,fmaas-monitoring,llama3,openshift-user-workload-monitoring/user-workload,tgis-bam,97600.0
2024-05-14 16:18:08.617000103,tgi_request_input_length_sum,http,10.128.4.63:3000,tgis-bam,fmaas-monitoring,llama3,openshift-user-workload-monitoring/user-workload,tgis-bam,97671.0
2024-05-14 16:18:13.617000103,tgi_request_input_length_sum,http,10.128.4.63:3000,tgis-bam,fmaas-monitoring,llama3,openshift-user-workload-monitoring/user-workload,tgis-bam,97738.0
2024-05-14 16:18:18.617000103,tgi_request_input_length_sum,http,10.128.4.63:3000,tgis-bam,fmaas-monitoring,llama3,openshift-user-workload-monitoring/user-workload,tgis-bam,97758.0
2024-05-14 16:18:23.617000103,tgi_request_input_length_sum,http,10.128.4.63:3000,tgis-bam,fmaas-monitoring,llama3,openshift-user-workload-monitoring/user-workload,tgis-bam,97773.0
2024-05-14 16:18:28.617000103,tgi_request_input_length_sum,http,10.128.4.63:3000,tgis-bam,fmaas-monitoring,llama3,openshift-user-workload-monitoring/user-workload,tgis-bam,97806.0
2024-05-14 16:18:33.617000103,tgi_request_input_length_sum,http,10.128.4.63:3000,tgis-bam,fmaas-monitoring,llama3,openshift-user-workload-monitoring/user-workload,tgis-bam,97845.0
2024-05-14 16:18:38.617000103,tgi_request_input_length_sum,http,10.128.4.63:3000,tgis-bam,fmaas-monitoring,llama3,openshift-user-workload-monitoring/user-workload,tgis-bam,97845.0
2024-05-14 16:18:43.617000103,tgi_request_input_length_sum,http,10.128.4.63:3000,tgis-bam,fmaas-monitoring,llama3,openshift-user-workload-monitoring/user-workload,tgis-bam,97953.0
2024-05-14 16:18:48.617000103,tgi_request_input_length_sum,http,10.128.4.63:3000,tgis-bam,fmaas-monitoring,llama3,openshift-user-workload-monitoring/user-workload,tgis-bam,98238.0
2024-05-14 16:18:53.617000103,tgi_request_input_length_sum,http,10.128.4.63:3000,tgis-bam,fmaas-monitoring,llama3,openshift-user-workload-monitoring/user-workload,tgis-bam,98244.0
2024-05-14 16:18:58.644000053,tgi_request_input_length_sum,http,10.128.4.63:3000,tgis-bam,fmaas-monitoring,llama3,openshift-user-workload-monitoring/user-workload,tgis-bam,98309.0
2024-05-14 16:19:03.617000103,tgi_request_input_length_sum,http,10.128.4.63:3000,tgis-bam,fmaas-monitoring,llama3,openshift-user-workload-monitoring/user-workload,tgis-bam,98410.0
2024-05-14 16:19:08.617000103,tgi_request_input_length_sum,http,10.128.4.63:3000,tgis-bam,fmaas-monitoring,llama3,openshift-user-workload-monitoring/user-workload,tgis-bam,98474.0
2024-05-14 16:19:13.617000103,tgi_request_input_length_sum,http,10.128.4.63:3000,tgis-bam,fmaas-monitoring,llama3,openshift-user-workload-monitoring/user-workload,tgis-bam,98698.0
2024-05-14 16:19:18.618999958,tgi_request_input_length_sum,http,10.128.4.63:3000,tgis-bam,fmaas-monitoring,llama3,openshift-user-workload-monitoring/user-workload,tgis-bam,98711.0
2024-05-14 16:19:23.617000103,tgi_request_input_length_sum,http,10.128.4.63:3000,tgis-bam,fmaas-monitoring,llama3,openshift-user-workload-monitoring/user-workload,tgis-bam,98711.0
2024-05-14 16:19:28.617000103,tgi_request_input_length_sum,http,10.128.4.63:3000,tgis-bam,fmaas-monitoring,llama3,openshift-user-workload-monitoring/user-workload,tgis-bam,98711.0
2024-05-14 16:19:33.625999928,tgi_request_input_length_sum,http,10.128.4.63:3000,tgis-bam,fmaas-monitoring,llama3,openshift-user-workload-monitoring/user-workload,tgis-bam,98711.0
2024-05-14 16:19:38.617000103,tgi_request_input_length_sum,http,10.128.4.63:3000,tgis-bam,fmaas-monitoring,llama3,openshift-user-workload-monitoring/user-workload,tgis-bam,98711.0
2024-05-14 16:19:43.617000103,tgi_request_input_length_sum,http,10.128.4.63:3000,tgis-bam,fmaas-monitoring,llama3,openshift-user-workload-monitoring/user-workload,tgis-bam,98924.0
2024-05-14 16:19:48.617000103,tgi_request_input_length_sum,http,10.128.4.63:3000,tgis-bam,fmaas-monitoring,llama3,openshift-user-workload-monitoring/user-workload,tgis-bam,99083.0
2024-05-14 16:19:53.617000103,tgi_request_input_length_sum,http,10.128.4.63:3000,tgis-bam,fmaas-monitoring,llama3,openshift-user-workload-monitoring/user-workload,tgis-bam,99193.0
2024-05-14 16:19:58.617000103,tgi_request_input_length_sum,http,10.128.4.63:3000,tgis-bam,fmaas-monitoring,llama3,openshift-user-workload-monitoring/user-workload,tgis-bam,99311.0
2024-05-14 16:20:03.617000103,tgi_request_input_length_sum,http,10.128.4.63:3000,tgis-bam,fmaas-monitoring,llama3,openshift-user-workload-monitoring/user-workload,tgis-bam,99388.0
2024-05-14 16:20:08.617000103,tgi_request_input_length_sum,http,10.128.4.63:3000,tgis-bam,fmaas-monitoring,llama3,openshift-user-workload-monitoring/user-workload,tgis-bam,99503.0
2024-05-14 16:20:13.617000103,tgi_request_input_length_sum,http,10.128.4.63:3000,tgis-bam,fmaas-monitoring,llama3,openshift-user-workload-monitoring/user-workload,tgis-bam,99603.0
2024-05-14 16:20:18.617000103,tgi_request_input_length_sum,http,10.128.4.63:3000,tgis-bam,fmaas-monitoring,llama3,openshift-user-workload-monitoring/user-workload,tgis-bam,99603.0
2024-05-14 16:20:23.617000103,tgi_request_input_length_sum,http,10.128.4.63:3000,tgis-bam,fmaas-monitoring,llama3,openshift-user-workload-monitoring/user-workload,tgis-bam,99603.0
2024-05-14 16:20:28.617000103,tgi_request_input_length_sum,http,10.128.4.63:3000,tgis-bam,fmaas-monitoring,llama3,openshift-user-workload-monitoring/user-workload,tgis-bam,99603.0
2024-05-14 16:20:33.617000103,tgi_request_input_length_sum,http,10.128.4.63:3000,tgis-bam,fmaas-monitoring,llama3,openshift-user-workload-monitoring/user-workload,tgis-bam,99603.0
2024-05-14 16:20:38.617000103,tgi_request_input_length_sum,http,10.128.4.63:3000,tgis-bam,fmaas-monitoring,llama3,openshift-user-workload-monitoring/user-workload,tgis-bam,99603.0
2024-05-14 16:20:43.617000103,tgi_request_input_length_sum,http,10.128.4.63:3000,tgis-bam,fmaas-monitoring,llama3,openshift-user-workload-monitoring/user-workload,tgis-bam,99684.0
2024-05-14 16:20:48.617000103,tgi_request_input_length_sum,http,10.128.4.63:3000,tgis-bam,fmaas-monitoring,llama3,openshift-user-workload-monitoring/user-workload,tgis-bam,99697.0
2024-05-14 16:20:53.617000103,tgi_request_input_length_sum,http,10.128.4.63:3000,tgis-bam,fmaas-monitoring,llama3,openshift-user-workload-monitoring/user-workload,tgis-bam,99727.0
2024-05-14 16:20:58.617000103,tgi_request_input_length_sum,http,10.128.4.63:3000,tgis-bam,fmaas-monitoring,llama3,openshift-user-workload-monitoring/user-workload,tgis-bam,99871.0
2024-05-14 16:21:03.617000103,tgi_request_input_length_sum,http,10.128.4.63:3000,tgis-bam,fmaas-monitoring,llama3,openshift-user-workload-monitoring/user-workload,tgis-bam,99958.0
2024-05-14 16:21:08.617000103,tgi_request_input_length_sum,http,10.128.4.63:3000,tgis-bam,fmaas-monitoring,llama3,openshift-user-workload-monitoring/user-workload,tgis-bam,100118.0
2024-05-14 16:21:13.617000103,tgi_request_input_length_sum,http,10.128.4.63:3000,tgis-bam,fmaas-monitoring,llama3,openshift-user-workload-monitoring/user-workload,tgis-bam,100234.0
2024-05-14 16:21:18.617000103,tgi_request_input_length_sum,http,10.128.4.63:3000,tgis-bam,fmaas-monitoring,llama3,openshift-user-workload-monitoring/user-workload,tgis-bam,100315.0
2024-05-14 16:21:23.617000103,tgi_request_input_length_sum,http,10.128.4.63:3000,tgis-bam,fmaas-monitoring,llama3,openshift-user-workload-monitoring/user-workload,tgis-bam,100423.0
2024-05-14 16:21:28.617000103,tgi_request_input_length_sum,http,10.128.4.63:3000,tgis-bam,fmaas-monitoring,llama3,openshift-user-workload-monitoring/user-workload,tgis-bam,100462.0
2024-05-14 16:21:33.617000103,tgi_request_input_length_sum,http,10.128.4.63:3000,tgis-bam,fmaas-monitoring,llama3,openshift-user-workload-monitoring/user-workload,tgis-bam,100462.0
2024-05-14 16:21:38.617000103,tgi_request_input_length_sum,http,10.128.4.63:3000,tgis-bam,fmaas-monitoring,llama3,openshift-user-workload-monitoring/user-workload,tgis-bam,100462.0
2024-05-14 16:21:43.617000103,tgi_request_input_length_sum,http,10.128.4.63:3000,tgis-bam,fmaas-monitoring,llama3,openshift-user-workload-monitoring/user-workload,tgis-bam,100630.0
2024-05-14 16:21:48.617000103,tgi_request_input_length_sum,http,10.128.4.63:3000,tgis-bam,fmaas-monitoring,llama3,openshift-user-workload-monitoring/user-workload,tgis-bam,100676.0
2024-05-14 16:21:53.617000103,tgi_request_input_length_sum,http,10.128.4.63:3000,tgis-bam,fmaas-monitoring,llama3,openshift-user-workload-monitoring/user-workload,tgis-bam,100720.0
2024-05-14 16:21:58.617000103,tgi_request_input_length_sum,http,10.128.4.63:3000,tgis-bam,fmaas-monitoring,llama3,openshift-user-workload-monitoring/user-workload,tgis-bam,100814.0
2024-05-14 16:22:03.617000103,tgi_request_input_length_sum,http,10.128.4.63:3000,tgis-bam,fmaas-monitoring,llama3,openshift-user-workload-monitoring/user-workload,tgis-bam,100900.0
2024-05-14 16:22:08.617000103,tgi_request_input_length_sum,http,10.128.4.63:3000,tgis-bam,fmaas-monitoring,llama3,openshift-user-workload-monitoring/user-workload,tgis-bam,100961.0
2024-05-14 16:22:13.617000103,tgi_request_input_length_sum,http,10.128.4.63:3000,tgis-bam,fmaas-monitoring,llama3,openshift-user-workload-monitoring/user-workload,tgis-bam,101106.0
2024-05-14 16:22:18.617000103,tgi_request_input_length_sum,http,10.128.4.63:3000,tgis-bam,fmaas-monitoring,llama3,openshift-user-workload-monitoring/user-workload,tgis-bam,101215.0
2024-05-14 16:22:23.617000103,tgi_request_input_length_sum,http,10.128.4.63:3000,tgis-bam,fmaas-monitoring,llama3,openshift-user-workload-monitoring/user-workload,tgis-bam,101258.0
2024-05-14 16:22:28.617000103,tgi_request_input_length_sum,http,10.128.4.63:3000,tgis-bam,fmaas-monitoring,llama3,openshift-user-workload-monitoring/user-workload,tgis-bam,101287.0
2024-05-14 16:22:33.617000103,tgi_request_input_length_sum,http,10.128.4.63:3000,tgis-bam,fmaas-monitoring,llama3,openshift-user-workload-monitoring/user-workload,tgis-bam,101287.0
2024-05-14 16:22:38.617000103,tgi_request_input_length_sum,http,10.128.4.63:3000,tgis-bam,fmaas-monitoring,llama3,openshift-user-workload-monitoring/user-workload,tgis-bam,101287.0
2024-05-14 16:22:43.724999905,tgi_request_input_length_sum,http,10.128.4.63:3000,tgis-bam,fmaas-monitoring,llama3,openshift-user-workload-monitoring/user-workload,tgis-bam,101429.0
2024-05-14 16:22:48.617000103,tgi_request_input_length_sum,http,10.128.4.63:3000,tgis-bam,fmaas-monitoring,llama3,openshift-user-workload-monitoring/user-workload,tgis-bam,101464.0
2024-05-14 16:22:53.617000103,tgi_request_input_length_sum,http,10.128.4.63:3000,tgis-bam,fmaas-monitoring,llama3,openshift-user-workload-monitoring/user-workload,tgis-bam,101563.0
2024-05-14 16:22:58.617000103,tgi_request_input_length_sum,http,10.128.4.63:3000,tgis-bam,fmaas-monitoring,llama3,openshift-user-workload-monitoring/user-workload,tgis-bam,101662.0
2024-05-14 16:23:03.617000103,tgi_request_input_length_sum,http,10.128.4.63:3000,tgis-bam,fmaas-monitoring,llama3,openshift-user-workload-monitoring/user-workload,tgis-bam,101749.0
2024-05-14 16:23:08.617000103,tgi_request_input_length_sum,http,10.128.4.63:3000,tgis-bam,fmaas-monitoring,llama3,openshift-user-workload-monitoring/user-workload,tgis-bam,101776.0
2024-05-14 16:23:13.617000103,tgi_request_input_length_sum,http,10.128.4.63:3000,tgis-bam,fmaas-monitoring,llama3,openshift-user-workload-monitoring/user-workload,tgis-bam,101878.0
2024-05-14 16:23:18.617000103,tgi_request_input_length_sum,http,10.128.4.63:3000,tgis-bam,fmaas-monitoring,llama3,openshift-user-workload-monitoring/user-workload,tgis-bam,101982.0
2024-05-14 16:23:23.617000103,tgi_request_input_length_sum,http,10.128.4.63:3000,tgis-bam,fmaas-monitoring,llama3,openshift-user-workload-monitoring/user-workload,tgis-bam,101982.0
2024-05-14 16:23:28.617000103,tgi_request_input_length_sum,http,10.128.4.63:3000,tgis-bam,fmaas-monitoring,llama3,openshift-user-workload-monitoring/user-workload,tgis-bam,101982.0
2024-05-14 16:23:33.617000103,tgi_request_input_length_sum,http,10.128.4.63:3000,tgis-bam,fmaas-monitoring,llama3,openshift-user-workload-monitoring/user-workload,tgis-bam,101982.0
2024-05-14 16:23:38.617000103,tgi_request_input_length_sum,http,10.128.4.63:3000,tgis-bam,fmaas-monitoring,llama3,openshift-user-workload-monitoring/user-workload,tgis-bam,101982.0
2024-05-14 16:23:43.617000103,tgi_request_input_length_sum,http,10.128.4.63:3000,tgis-bam,fmaas-monitoring,llama3,openshift-user-workload-monitoring/user-workload,tgis-bam,102185.0
2024-05-14 16:23:48.617000103,tgi_request_input_length_sum,http,10.128.4.63:3000,tgis-bam,fmaas-monitoring,llama3,openshift-user-workload-monitoring/user-workload,tgis-bam,102304.0
2024-05-14 16:23:53.617000103,tgi_request_input_length_sum,http,10.128.4.63:3000,tgis-bam,fmaas-monitoring,llama3,openshift-user-workload-monitoring/user-workload,tgis-bam,102437.0
2024-05-14 16:23:58.624000072,tgi_request_input_length_sum,http,10.128.4.63:3000,tgis-bam,fmaas-monitoring,llama3,openshift-user-workload-monitoring/user-workload,tgis-bam,102527.0
2024-05-14 16:24:03.617000103,tgi_request_input_length_sum,http,10.128.4.63:3000,tgis-bam,fmaas-monitoring,llama3,openshift-user-workload-monitoring/user-workload,tgis-bam,102557.0
2024-05-14 16:24:08.617000103,tgi_request_input_length_sum,http,10.128.4.63:3000,tgis-bam,fmaas-monitoring,llama3,openshift-user-workload-monitoring/user-workload,tgis-bam,102595.0
2024-05-14 16:24:13.617000103,tgi_request_input_length_sum,http,10.128.4.63:3000,tgis-bam,fmaas-monitoring,llama3,openshift-user-workload-monitoring/user-workload,tgis-bam,102694.0
2024-05-14 16:24:18.617000103,tgi_request_input_length_sum,http,10.128.4.63:3000,tgis-bam,fmaas-monitoring,llama3,openshift-user-workload-monitoring/user-workload,tgis-bam,102716.0
2024-05-14 16:24:23.617000103,tgi_request_input_length_sum,http,10.128.4.63:3000,tgis-bam,fmaas-monitoring,llama3,openshift-user-workload-monitoring/user-workload,tgis-bam,102821.0
2024-05-14 16:24:28.617000103,tgi_request_input_length_sum,http,10.128.4.63:3000,tgis-bam,fmaas-monitoring,llama3,openshift-user-workload-monitoring/user-workload,tgis-bam,102893.0
2024-05-14 16:24:33.617000103,tgi_request_input_length_sum,http,10.128.4.63:3000,tgis-bam,fmaas-monitoring,llama3,openshift-user-workload-monitoring/user-workload,tgis-bam,102893.0
2024-05-14 16:24:38.617000103,tgi_request_input_length_sum,http,10.128.4.63:3000,tgis-bam,fmaas-monitoring,llama3,openshift-user-workload-monitoring/user-workload,tgis-bam,102893.0
2024-05-14 16:24:43.617000103,tgi_request_input_length_sum,http,10.128.4.63:3000,tgis-bam,fmaas-monitoring,llama3,openshift-user-workload-monitoring/user-workload,tgis-bam,103010.0
2024-05-14 16:24:48.617000103,tgi_request_input_length_sum,http,10.128.4.63:3000,tgis-bam,fmaas-monitoring,llama3,openshift-user-workload-monitoring/user-workload,tgis-bam,103088.0
2024-05-14 16:24:53.617000103,tgi_request_input_length_sum,http,10.128.4.63:3000,tgis-bam,fmaas-monitoring,llama3,openshift-user-workload-monitoring/user-workload,tgis-bam,103105.0
2024-05-14 16:24:58.617000103,tgi_request_input_length_sum,http,10.128.4.63:3000,tgis-bam,fmaas-monitoring,llama3,openshift-user-workload-monitoring/user-workload,tgis-bam,103199.0
2024-05-14 16:25:03.617000103,tgi_request_input_length_sum,http,10.128.4.63:3000,tgis-bam,fmaas-monitoring,llama3,openshift-user-workload-monitoring/user-workload,tgis-bam,103288.0
2024-05-14 16:25:08.617000103,tgi_request_input_length_sum,http,10.128.4.63:3000,tgis-bam,fmaas-monitoring,llama3,openshift-user-workload-monitoring/user-workload,tgis-bam,103416.0
2024-05-14 16:25:13.617000103,tgi_request_input_length_sum,http,10.128.4.63:3000,tgis-bam,fmaas-monitoring,llama3,openshift-user-workload-monitoring/user-workload,tgis-bam,103470.0
2024-05-14 16:25:18.617000103,tgi_request_input_length_sum,http,10.128.4.63:3000,tgis-bam,fmaas-monitoring,llama3,openshift-user-workload-monitoring/user-workload,tgis-bam,103632.0
2024-05-14 16:25:23.617000103,tgi_request_input_length_sum,http,10.128.4.63:3000,tgis-bam,fmaas-monitoring,llama3,openshift-user-workload-monitoring/user-workload,tgis-bam,103639.0
2024-05-14 16:25:28.617000103,tgi_request_input_length_sum,http,10.128.4.63:3000,tgis-bam,fmaas-monitoring,llama3,openshift-user-workload-monitoring/user-workload,tgis-bam,103639.0
2024-05-14 16:25:33.617000103,tgi_request_input_length_sum,http,10.128.4.63:3000,tgis-bam,fmaas-monitoring,llama3,openshift-user-workload-monitoring/user-workload,tgis-bam,103639.0
2024-05-14 16:25:38.617000103,tgi_request_input_length_sum,http,10.128.4.63:3000,tgis-bam,fmaas-monitoring,llama3,openshift-user-workload-monitoring/user-workload,tgis-bam,103639.0
2024-05-14 16:25:43.617000103,tgi_request_input_length_sum,http,10.128.4.63:3000,tgis-bam,fmaas-monitoring,llama3,openshift-user-workload-monitoring/user-workload,tgis-bam,103737.0
2024-05-14 16:25:48.617000103,tgi_request_input_length_sum,http,10.128.4.63:3000,tgis-bam,fmaas-monitoring,llama3,openshift-user-workload-monitoring/user-workload,tgis-bam,103835.0
2024-05-14 16:25:53.617000103,tgi_request_input_length_sum,http,10.128.4.63:3000,tgis-bam,fmaas-monitoring,llama3,openshift-user-workload-monitoring/user-workload,tgis-bam,103835.0
2024-05-14 16:25:58.617000103,tgi_request_input_length_sum,http,10.128.4.63:3000,tgis-bam,fmaas-monitoring,llama3,openshift-user-workload-monitoring/user-workload,tgis-bam,104064.0
2024-05-14 16:26:03.617000103,tgi_request_input_length_sum,http,10.128.4.63:3000,tgis-bam,fmaas-monitoring,llama3,openshift-user-workload-monitoring/user-workload,tgis-bam,104223.0
2024-05-14 16:26:08.617000103,tgi_request_input_length_sum,http,10.128.4.63:3000,tgis-bam,fmaas-monitoring,llama3,openshift-user-workload-monitoring/user-workload,tgis-bam,104245.0
2024-05-14 16:26:13.617000103,tgi_request_input_length_sum,http,10.128.4.63:3000,tgis-bam,fmaas-monitoring,llama3,openshift-user-workload-monitoring/user-workload,tgis-bam,104347.0
2024-05-14 16:26:18.617000103,tgi_request_input_length_sum,http,10.128.4.63:3000,tgis-bam,fmaas-monitoring,llama3,openshift-user-workload-monitoring/user-workload,tgis-bam,104389.0
2024-05-14 16:26:23.617000103,tgi_request_input_length_sum,http,10.128.4.63:3000,tgis-bam,fmaas-monitoring,llama3,openshift-user-workload-monitoring/user-workload,tgis-bam,104389.0
2024-05-14 16:26:28.617000103,tgi_request_input_length_sum,http,10.128.4.63:3000,tgis-bam,fmaas-monitoring,llama3,openshift-user-workload-monitoring/user-workload,tgis-bam,104389.0
2024-05-14 16:26:33.617000103,tgi_request_input_length_sum,http,10.128.4.63:3000,tgis-bam,fmaas-monitoring,llama3,openshift-user-workload-monitoring/user-workload,tgis-bam,104389.0
2024-05-14 16:26:38.617000103,tgi_request_input_length_sum,http,10.128.4.63:3000,tgis-bam,fmaas-monitoring,llama3,openshift-user-workload-monitoring/user-workload,tgis-bam,104389.0
2024-05-14 16:26:43.617000103,tgi_request_input_length_sum,http,10.128.4.63:3000,tgis-bam,fmaas-monitoring,llama3,openshift-user-workload-monitoring/user-workload,tgis-bam,104471.0
2024-05-14 16:26:48.671999931,tgi_request_input_length_sum,http,10.128.4.63:3000,tgis-bam,fmaas-monitoring,llama3,openshift-user-workload-monitoring/user-workload,tgis-bam,104758.0
2024-05-14 16:26:53.617000103,tgi_request_input_length_sum,http,10.128.4.63:3000,tgis-bam,fmaas-monitoring,llama3,openshift-user-workload-monitoring/user-workload,tgis-bam,104926.0
2024-05-14 16:26:58.617000103,tgi_request_input_length_sum,http,10.128.4.63:3000,tgis-bam,fmaas-monitoring,llama3,openshift-user-workload-monitoring/user-workload,tgis-bam,105169.0
2024-05-14 16:27:03.617000103,tgi_request_input_length_sum,http,10.128.4.63:3000,tgis-bam,fmaas-monitoring,llama3,openshift-user-workload-monitoring/user-workload,tgis-bam,105238.0
2024-05-14 16:27:08.617000103,tgi_request_input_length_sum,http,10.128.4.63:3000,tgis-bam,fmaas-monitoring,llama3,openshift-user-workload-monitoring/user-workload,tgis-bam,105356.0
2024-05-14 16:27:13.617000103,tgi_request_input_length_sum,http,10.128.4.63:3000,tgis-bam,fmaas-monitoring,llama3,openshift-user-workload-monitoring/user-workload,tgis-bam,105356.0
2024-05-14 16:27:18.617000103,tgi_request_input_length_sum,http,10.128.4.63:3000,tgis-bam,fmaas-monitoring,llama3,openshift-user-workload-monitoring/user-workload,tgis-bam,105356.0
2024-05-14 16:27:23.617000103,tgi_request_input_length_sum,http,10.128.4.63:3000,tgis-bam,fmaas-monitoring,llama3,openshift-user-workload-monitoring/user-workload,tgis-bam,105356.0
2024-05-14 16:27:28.617000103,tgi_request_input_length_sum,http,10.128.4.63:3000,tgis-bam,fmaas-monitoring,llama3,openshift-user-workload-monitoring/user-workload,tgis-bam,105356.0
2024-05-14 16:27:33.617000103,tgi_request_input_length_sum,http,10.128.4.63:3000,tgis-bam,fmaas-monitoring,llama3,openshift-user-workload-monitoring/user-workload,tgis-bam,105356.0
2024-05-14 16:27:38.617000103,tgi_request_input_length_sum,http,10.128.4.63:3000,tgis-bam,fmaas-monitoring,llama3,openshift-user-workload-monitoring/user-workload,tgis-bam,105356.0
2024-05-14 16:27:43.617000103,tgi_request_input_length_sum,http,10.128.4.63:3000,tgis-bam,fmaas-monitoring,llama3,openshift-user-workload-monitoring/user-workload,tgis-bam,105559.0
2024-05-14 16:27:48.617000103,tgi_request_input_length_sum,http,10.128.4.63:3000,tgis-bam,fmaas-monitoring,llama3,openshift-user-workload-monitoring/user-workload,tgis-bam,105684.0
2024-05-14 16:27:53.617000103,tgi_request_input_length_sum,http,10.128.4.63:3000,tgis-bam,fmaas-monitoring,llama3,openshift-user-workload-monitoring/user-workload,tgis-bam,105895.0
2024-05-14 16:27:58.617000103,tgi_request_input_length_sum,http,10.128.4.63:3000,tgis-bam,fmaas-monitoring,llama3,openshift-user-workload-monitoring/user-workload,tgis-bam,105990.0
2024-05-14 16:28:03.617000103,tgi_request_input_length_sum,http,10.128.4.63:3000,tgis-bam,fmaas-monitoring,llama3,openshift-user-workload-monitoring/user-workload,tgis-bam,106260.0
2024-05-14 16:28:08.617000103,tgi_request_input_length_sum,http,10.128.4.63:3000,tgis-bam,fmaas-monitoring,llama3,openshift-user-workload-monitoring/user-workload,tgis-bam,106361.0
2024-05-14 16:28:13.617000103,tgi_request_input_length_sum,http,10.128.4.63:3000,tgis-bam,fmaas-monitoring,llama3,openshift-user-workload-monitoring/user-workload,tgis-bam,106361.0
2024-05-14 16:28:18.617000103,tgi_request_input_length_sum,http,10.128.4.63:3000,tgis-bam,fmaas-monitoring,llama3,openshift-user-workload-monitoring/user-workload,tgis-bam,106361.0
2024-05-14 16:28:23.617000103,tgi_request_input_length_sum,http,10.128.4.63:3000,tgis-bam,fmaas-monitoring,llama3,openshift-user-workload-monitoring/user-workload,tgis-bam,106361.0
2024-05-14 16:28:28.617000103,tgi_request_input_length_sum,http,10.128.4.63:3000,tgis-bam,fmaas-monitoring,llama3,openshift-user-workload-monitoring/user-workload,tgis-bam,106361.0
2024-05-14 16:28:33.617000103,tgi_request_input_length_sum,http,10.128.4.63:3000,tgis-bam,fmaas-monitoring,llama3,openshift-user-workload-monitoring/user-workload,tgis-bam,106361.0
2024-05-14 16:28:38.617000103,tgi_request_input_length_sum,http,10.128.4.63:3000,tgis-bam,fmaas-monitoring,llama3,openshift-user-workload-monitoring/user-workload,tgis-bam,106361.0
2024-05-14 16:28:43.617000103,tgi_request_input_length_sum,http,10.128.4.63:3000,tgis-bam,fmaas-monitoring,llama3,openshift-user-workload-monitoring/user-workload,tgis-bam,106580.0
2024-05-14 16:28:48.617000103,tgi_request_input_length_sum,http,10.128.4.63:3000,tgis-bam,fmaas-monitoring,llama3,openshift-user-workload-monitoring/user-workload,tgis-bam,106621.0
2024-05-14 16:28:53.617000103,tgi_request_input_length_sum,http,10.128.4.63:3000,tgis-bam,fmaas-monitoring,llama3,openshift-user-workload-monitoring/user-workload,tgis-bam,106819.0
2024-05-14 16:28:58.617000103,tgi_request_input_length_sum,http,10.128.4.63:3000,tgis-bam,fmaas-monitoring,llama3,openshift-user-workload-monitoring/user-workload,tgis-bam,106831.0
2024-05-14 16:29:03.617000103,tgi_request_input_length_sum,http,10.128.4.63:3000,tgis-bam,fmaas-monitoring,llama3,openshift-user-workload-monitoring/user-workload,tgis-bam,106977.0
2024-05-14 16:29:08.617000103,tgi_request_input_length_sum,http,10.128.4.63:3000,tgis-bam,fmaas-monitoring,llama3,openshift-user-workload-monitoring/user-workload,tgis-bam,107069.0
2024-05-14 16:29:13.617000103,tgi_request_input_length_sum,http,10.128.4.63:3000,tgis-bam,fmaas-monitoring,llama3,openshift-user-workload-monitoring/user-workload,tgis-bam,107127.0
2024-05-14 16:29:18.617000103,tgi_request_input_length_sum,http,10.128.4.63:3000,tgis-bam,fmaas-monitoring,llama3,openshift-user-workload-monitoring/user-workload,tgis-bam,107196.0
2024-05-14 16:29:23.617000103,tgi_request_input_length_sum,http,10.128.4.63:3000,tgis-bam,fmaas-monitoring,llama3,openshift-user-workload-monitoring/user-workload,tgis-bam,107196.0
2024-05-14 16:29:28.617000103,tgi_request_input_length_sum,http,10.128.4.63:3000,tgis-bam,fmaas-monitoring,llama3,openshift-user-workload-monitoring/user-workload,tgis-bam,107196.0
2024-05-14 16:29:33.617000103,tgi_request_input_length_sum,http,10.128.4.63:3000,tgis-bam,fmaas-monitoring,llama3,openshift-user-workload-monitoring/user-workload,tgis-bam,107196.0
2024-05-14 16:29:38.621999979,tgi_request_input_length_sum,http,10.128.4.63:3000,tgis-bam,fmaas-monitoring,llama3,openshift-user-workload-monitoring/user-workload,tgis-bam,107196.0
2024-05-14 16:29:43.617000103,tgi_request_input_length_sum,http,10.128.4.63:3000,tgis-bam,fmaas-monitoring,llama3,openshift-user-workload-monitoring/user-workload,tgis-bam,107369.0
2024-05-14 16:29:48.617000103,tgi_request_input_length_sum,http,10.128.4.63:3000,tgis-bam,fmaas-monitoring,llama3,openshift-user-workload-monitoring/user-workload,tgis-bam,107506.0
2024-05-14 16:29:53.617000103,tgi_request_input_length_sum,http,10.128.4.63:3000,tgis-bam,fmaas-monitoring,llama3,openshift-user-workload-monitoring/user-workload,tgis-bam,107738.0
2024-05-14 16:29:58.617000103,tgi_request_input_length_sum,http,10.128.4.63:3000,tgis-bam,fmaas-monitoring,llama3,openshift-user-workload-monitoring/user-workload,tgis-bam,107830.0
2024-05-14 16:30:03.617000103,tgi_request_input_length_sum,http,10.128.4.63:3000,tgis-bam,fmaas-monitoring,llama3,openshift-user-workload-monitoring/user-workload,tgis-bam,107946.0
2024-05-14 16:30:08.617000103,tgi_request_input_length_sum,http,10.128.4.63:3000,tgis-bam,fmaas-monitoring,llama3,openshift-user-workload-monitoring/user-workload,tgis-bam,108090.0
2024-05-14 16:30:13.617000103,tgi_request_input_length_sum,http,10.128.4.63:3000,tgis-bam,fmaas-monitoring,llama3,openshift-user-workload-monitoring/user-workload,tgis-bam,108090.0
2024-05-14 16:30:18.617000103,tgi_request_input_length_sum,http,10.128.4.63:3000,tgis-bam,fmaas-monitoring,llama3,openshift-user-workload-monitoring/user-workload,tgis-bam,108090.0
2024-05-14 16:30:23.617000103,tgi_request_input_length_sum,http,10.128.4.63:3000,tgis-bam,fmaas-monitoring,llama3,openshift-user-workload-monitoring/user-workload,tgis-bam,108090.0
2024-05-14 16:30:28.617000103,tgi_request_input_length_sum,http,10.128.4.63:3000,tgis-bam,fmaas-monitoring,llama3,openshift-user-workload-monitoring/user-workload,tgis-bam,108090.0
2024-05-14 16:30:33.617000103,tgi_request_input_length_sum,http,10.128.4.63:3000,tgis-bam,fmaas-monitoring,llama3,openshift-user-workload-monitoring/user-workload,tgis-bam,108090.0
2024-05-14 16:30:38.625000000,tgi_request_input_length_sum,http,10.128.4.63:3000,tgis-bam,fmaas-monitoring,llama3,openshift-user-workload-monitoring/user-workload,tgis-bam,108090.0
2024-05-14 16:30:43.617000103,tgi_request_input_length_sum,http,10.128.4.63:3000,tgis-bam,fmaas-monitoring,llama3,openshift-user-workload-monitoring/user-workload,tgis-bam,108162.0
2024-05-14 16:30:48.617000103,tgi_request_input_length_sum,http,10.128.4.63:3000,tgis-bam,fmaas-monitoring,llama3,openshift-user-workload-monitoring/user-workload,tgis-bam,108420.0
2024-05-14 16:30:53.617000103,tgi_request_input_length_sum,http,10.128.4.63:3000,tgis-bam,fmaas-monitoring,llama3,openshift-user-workload-monitoring/user-workload,tgis-bam,108567.0
2024-05-14 16:30:58.617000103,tgi_request_input_length_sum,http,10.128.4.63:3000,tgis-bam,fmaas-monitoring,llama3,openshift-user-workload-monitoring/user-workload,tgis-bam,108683.0
2024-05-14 16:31:03.617000103,tgi_request_input_length_sum,http,10.128.4.63:3000,tgis-bam,fmaas-monitoring,llama3,openshift-user-workload-monitoring/user-workload,tgis-bam,108805.0
2024-05-14 16:31:08.617000103,tgi_request_input_length_sum,http,10.128.4.63:3000,tgis-bam,fmaas-monitoring,llama3,openshift-user-workload-monitoring/user-workload,tgis-bam,108923.0
2024-05-14 16:31:13.645999908,tgi_request_input_length_sum,http,10.128.4.63:3000,tgis-bam,fmaas-monitoring,llama3,openshift-user-workload-monitoring/user-workload,tgis-bam,109036.0
2024-05-14 16:31:18.617000103,tgi_request_input_length_sum,http,10.128.4.63:3000,tgis-bam,fmaas-monitoring,llama3,openshift-user-workload-monitoring/user-workload,tgis-bam,109252.0
2024-05-14 16:31:23.617000103,tgi_request_input_length_sum,http,10.128.4.63:3000,tgis-bam,fmaas-monitoring,llama3,openshift-user-workload-monitoring/user-workload,tgis-bam,109252.0
2024-05-14 16:31:28.617000103,tgi_request_input_length_sum,http,10.128.4.63:3000,tgis-bam,fmaas-monitoring,llama3,openshift-user-workload-monitoring/user-workload,tgis-bam,109252.0
2024-05-14 16:31:33.617000103,tgi_request_input_length_sum,http,10.128.4.63:3000,tgis-bam,fmaas-monitoring,llama3,openshift-user-workload-monitoring/user-workload,tgis-bam,109252.0
2024-05-14 16:31:38.617000103,tgi_request_input_length_sum,http,10.128.4.63:3000,tgis-bam,fmaas-monitoring,llama3,openshift-user-workload-monitoring/user-workload,tgis-bam,109252.0
2024-05-14 16:31:43.617000103,tgi_request_input_length_sum,http,10.128.4.63:3000,tgis-bam,fmaas-monitoring,llama3,openshift-user-workload-monitoring/user-workload,tgis-bam,109366.0
2024-05-14 16:31:48.617000103,tgi_request_input_length_sum,http,10.128.4.63:3000,tgis-bam,fmaas-monitoring,llama3,openshift-user-workload-monitoring/user-workload,tgis-bam,109500.0
2024-05-14 16:31:53.617000103,tgi_request_input_length_sum,http,10.128.4.63:3000,tgis-bam,fmaas-monitoring,llama3,openshift-user-workload-monitoring/user-workload,tgis-bam,109604.0
2024-05-14 16:31:58.617000103,tgi_request_input_length_sum,http,10.128.4.63:3000,tgis-bam,fmaas-monitoring,llama3,openshift-user-workload-monitoring/user-workload,tgis-bam,109649.0
2024-05-14 16:32:03.617000103,tgi_request_input_length_sum,http,10.128.4.63:3000,tgis-bam,fmaas-monitoring,llama3,openshift-user-workload-monitoring/user-workload,tgis-bam,109740.0
2024-05-14 16:32:08.617000103,tgi_request_input_length_sum,http,10.128.4.63:3000,tgis-bam,fmaas-monitoring,llama3,openshift-user-workload-monitoring/user-workload,tgis-bam,109920.0
2024-05-14 16:32:13.617000103,tgi_request_input_length_sum,http,10.128.4.63:3000,tgis-bam,fmaas-monitoring,llama3,openshift-user-workload-monitoring/user-workload,tgis-bam,110006.0
2024-05-14 16:32:18.617000103,tgi_request_input_length_sum,http,10.128.4.63:3000,tgis-bam,fmaas-monitoring,llama3,openshift-user-workload-monitoring/user-workload,tgis-bam,110097.0
2024-05-14 16:32:23.617000103,tgi_request_input_length_sum,http,10.128.4.63:3000,tgis-bam,fmaas-monitoring,llama3,openshift-user-workload-monitoring/user-workload,tgis-bam,110097.0
2024-05-14 16:32:28.617000103,tgi_request_input_length_sum,http,10.128.4.63:3000,tgis-bam,fmaas-monitoring,llama3,openshift-user-workload-monitoring/user-workload,tgis-bam,110097.0
2024-05-14 16:32:33.617000103,tgi_request_input_length_sum,http,10.128.4.63:3000,tgis-bam,fmaas-monitoring,llama3,openshift-user-workload-monitoring/user-workload,tgis-bam,110097.0
2024-05-14 16:32:38.617000103,tgi_request_input_length_sum,http,10.128.4.63:3000,tgis-bam,fmaas-monitoring,llama3,openshift-user-workload-monitoring/user-workload,tgis-bam,110097.0
2024-05-14 16:32:43.637000084,tgi_request_input_length_sum,http,10.128.4.63:3000,tgis-bam,fmaas-monitoring,llama3,openshift-user-workload-monitoring/user-workload,tgis-bam,110417.0
2024-05-14 16:32:48.642999887,tgi_request_input_length_sum,http,10.128.4.63:3000,tgis-bam,fmaas-monitoring,llama3,openshift-user-workload-monitoring/user-workload,tgis-bam,110485.0
2024-05-14 16:32:53.617000103,tgi_request_input_length_sum,http,10.128.4.63:3000,tgis-bam,fmaas-monitoring,llama3,openshift-user-workload-monitoring/user-workload,tgis-bam,110821.0
2024-05-14 16:32:58.617000103,tgi_request_input_length_sum,http,10.128.4.63:3000,tgis-bam,fmaas-monitoring,llama3,openshift-user-workload-monitoring/user-workload,tgis-bam,110909.0
2024-05-14 16:33:03.617000103,tgi_request_input_length_sum,http,10.128.4.63:3000,tgis-bam,fmaas-monitoring,llama3,openshift-user-workload-monitoring/user-workload,tgis-bam,110909.0
2024-05-14 16:33:08.617000103,tgi_request_input_length_sum,http,10.128.4.63:3000,tgis-bam,fmaas-monitoring,llama3,openshift-user-workload-monitoring/user-workload,tgis-bam,110909.0
2024-05-14 16:33:13.617000103,tgi_request_input_length_sum,http,10.128.4.63:3000,tgis-bam,fmaas-monitoring,llama3,openshift-user-workload-monitoring/user-workload,tgis-bam,110909.0
2024-05-14 16:33:18.617000103,tgi_request_input_length_sum,http,10.128.4.63:3000,tgis-bam,fmaas-monitoring,llama3,openshift-user-workload-monitoring/user-workload,tgis-bam,110909.0
2024-05-14 16:33:23.630000114,tgi_request_input_length_sum,http,10.128.4.63:3000,tgis-bam,fmaas-monitoring,llama3,openshift-user-workload-monitoring/user-workload,tgis-bam,110909.0
2024-05-14 16:33:28.617000103,tgi_request_input_length_sum,http,10.128.4.63:3000,tgis-bam,fmaas-monitoring,llama3,openshift-user-workload-monitoring/user-workload,tgis-bam,110909.0
2024-05-14 16:33:33.617000103,tgi_request_input_length_sum,http,10.128.4.63:3000,tgis-bam,fmaas-monitoring,llama3,openshift-user-workload-monitoring/user-workload,tgis-bam,110909.0
2024-05-14 16:33:38.617000103,tgi_request_input_length_sum,http,10.128.4.63:3000,tgis-bam,fmaas-monitoring,llama3,openshift-user-workload-monitoring/user-workload,tgis-bam,110909.0
2024-05-14 16:33:43.617000103,tgi_request_input_length_sum,http,10.128.4.63:3000,tgis-bam,fmaas-monitoring,llama3,openshift-user-workload-monitoring/user-workload,tgis-bam,111035.0
2024-05-14 16:33:48.617000103,tgi_request_input_length_sum,http,10.128.4.63:3000,tgis-bam,fmaas-monitoring,llama3,openshift-user-workload-monitoring/user-workload,tgis-bam,111209.0
2024-05-14 16:33:53.617000103,tgi_request_input_length_sum,http,10.128.4.63:3000,tgis-bam,fmaas-monitoring,llama3,openshift-user-workload-monitoring/user-workload,tgis-bam,111257.0
2024-05-14 16:33:58.617000103,tgi_request_input_length_sum,http,10.128.4.63:3000,tgis-bam,fmaas-monitoring,llama3,openshift-user-workload-monitoring/user-workload,tgis-bam,111308.0
2024-05-14 16:34:03.617000103,tgi_request_input_length_sum,http,10.128.4.63:3000,tgis-bam,fmaas-monitoring,llama3,openshift-user-workload-monitoring/user-workload,tgis-bam,111611.0
2024-05-14 16:34:08.617000103,tgi_request_input_length_sum,http,10.128.4.63:3000,tgis-bam,fmaas-monitoring,llama3,openshift-user-workload-monitoring/user-workload,tgis-bam,111873.0
2024-05-14 16:34:13.617000103,tgi_request_input_length_sum,http,10.128.4.63:3000,tgis-bam,fmaas-monitoring,llama3,openshift-user-workload-monitoring/user-workload,tgis-bam,111915.0
2024-05-14 16:34:18.617000103,tgi_request_input_length_sum,http,10.128.4.63:3000,tgis-bam,fmaas-monitoring,llama3,openshift-user-workload-monitoring/user-workload,tgis-bam,111915.0
2024-05-14 16:34:23.617000103,tgi_request_input_length_sum,http,10.128.4.63:3000,tgis-bam,fmaas-monitoring,llama3,openshift-user-workload-monitoring/user-workload,tgis-bam,111915.0
2024-05-14 16:34:28.617000103,tgi_request_input_length_sum,http,10.128.4.63:3000,tgis-bam,fmaas-monitoring,llama3,openshift-user-workload-monitoring/user-workload,tgis-bam,111915.0
2024-05-14 16:34:33.617000103,tgi_request_input_length_sum,http,10.128.4.63:3000,tgis-bam,fmaas-monitoring,llama3,openshift-user-workload-monitoring/user-workload,tgis-bam,111915.0
2024-05-14 16:34:38.617000103,tgi_request_input_length_sum,http,10.128.4.63:3000,tgis-bam,fmaas-monitoring,llama3,openshift-user-workload-monitoring/user-workload,tgis-bam,111915.0
2024-05-14 16:34:43.617000103,tgi_request_input_length_sum,http,10.128.4.63:3000,tgis-bam,fmaas-monitoring,llama3,openshift-user-workload-monitoring/user-workload,tgis-bam,112006.0
2024-05-14 16:34:48.617000103,tgi_request_input_length_sum,http,10.128.4.63:3000,tgis-bam,fmaas-monitoring,llama3,openshift-user-workload-monitoring/user-workload,tgis-bam,112110.0
2024-05-14 16:34:53.617000103,tgi_request_input_length_sum,http,10.128.4.63:3000,tgis-bam,fmaas-monitoring,llama3,openshift-user-workload-monitoring/user-workload,tgis-bam,112300.0
2024-05-14 16:34:58.617000103,tgi_request_input_length_sum,http,10.128.4.63:3000,tgis-bam,fmaas-monitoring,llama3,openshift-user-workload-monitoring/user-workload,tgis-bam,112492.0
2024-05-14 16:35:03.617000103,tgi_request_input_length_sum,http,10.128.4.63:3000,tgis-bam,fmaas-monitoring,llama3,openshift-user-workload-monitoring/user-workload,tgis-bam,112623.0
2024-05-14 16:35:08.617000103,tgi_request_input_length_sum,http,10.128.4.63:3000,tgis-bam,fmaas-monitoring,llama3,openshift-user-workload-monitoring/user-workload,tgis-bam,112825.0
2024-05-14 16:35:13.617000103,tgi_request_input_length_sum,http,10.128.4.63:3000,tgis-bam,fmaas-monitoring,llama3,openshift-user-workload-monitoring/user-workload,tgis-bam,113017.0
2024-05-14 16:35:18.617000103,tgi_request_input_length_sum,http,10.128.4.63:3000,tgis-bam,fmaas-monitoring,llama3,openshift-user-workload-monitoring/user-workload,tgis-bam,113088.0
2024-05-14 16:35:23.617000103,tgi_request_input_length_sum,http,10.128.4.63:3000,tgis-bam,fmaas-monitoring,llama3,openshift-user-workload-monitoring/user-workload,tgis-bam,113088.0
2024-05-14 16:35:28.617000103,tgi_request_input_length_sum,http,10.128.4.63:3000,tgis-bam,fmaas-monitoring,llama3,openshift-user-workload-monitoring/user-workload,tgis-bam,113088.0
2024-05-14 16:35:33.617000103,tgi_request_input_length_sum,http,10.128.4.63:3000,tgis-bam,fmaas-monitoring,llama3,openshift-user-workload-monitoring/user-workload,tgis-bam,113088.0
2024-05-14 16:35:38.617000103,tgi_request_input_length_sum,http,10.128.4.63:3000,tgis-bam,fmaas-monitoring,llama3,openshift-user-workload-monitoring/user-workload,tgis-bam,113088.0
2024-05-14 16:35:43.644000053,tgi_request_input_length_sum,http,10.128.4.63:3000,tgis-bam,fmaas-monitoring,llama3,openshift-user-workload-monitoring/user-workload,tgis-bam,113424.0
2024-05-14 16:35:48.617000103,tgi_request_input_length_sum,http,10.128.4.63:3000,tgis-bam,fmaas-monitoring,llama3,openshift-user-workload-monitoring/user-workload,tgis-bam,113571.0
2024-05-14 16:35:53.617000103,tgi_request_input_length_sum,http,10.128.4.63:3000,tgis-bam,fmaas-monitoring,llama3,openshift-user-workload-monitoring/user-workload,tgis-bam,113687.0
2024-05-14 16:35:58.617000103,tgi_request_input_length_sum,http,10.128.4.63:3000,tgis-bam,fmaas-monitoring,llama3,openshift-user-workload-monitoring/user-workload,tgis-bam,113794.0
2024-05-14 16:36:03.617000103,tgi_request_input_length_sum,http,10.128.4.63:3000,tgis-bam,fmaas-monitoring,llama3,openshift-user-workload-monitoring/user-workload,tgis-bam,113948.0
2024-05-14 16:36:08.617000103,tgi_request_input_length_sum,http,10.128.4.63:3000,tgis-bam,fmaas-monitoring,llama3,openshift-user-workload-monitoring/user-workload,tgis-bam,114019.0
2024-05-14 16:36:13.617000103,tgi_request_input_length_sum,http,10.128.4.63:3000,tgis-bam,fmaas-monitoring,llama3,openshift-user-workload-monitoring/user-workload,tgis-bam,114019.0
2024-05-14 16:36:18.617000103,tgi_request_input_length_sum,http,10.128.4.63:3000,tgis-bam,fmaas-monitoring,llama3,openshift-user-workload-monitoring/user-workload,tgis-bam,114019.0
2024-05-14 16:36:23.617000103,tgi_request_input_length_sum,http,10.128.4.63:3000,tgis-bam,fmaas-monitoring,llama3,openshift-user-workload-monitoring/user-workload,tgis-bam,114019.0
2024-05-14 16:36:28.617000103,tgi_request_input_length_sum,http,10.128.4.63:3000,tgis-bam,fmaas-monitoring,llama3,openshift-user-workload-monitoring/user-workload,tgis-bam,114019.0
2024-05-14 16:36:33.617000103,tgi_request_input_length_sum,http,10.128.4.63:3000,tgis-bam,fmaas-monitoring,llama3,openshift-user-workload-monitoring/user-workload,tgis-bam,114019.0
2024-05-14 16:36:38.617000103,tgi_request_input_length_sum,http,10.128.4.63:3000,tgis-bam,fmaas-monitoring,llama3,openshift-user-workload-monitoring/user-workload,tgis-bam,114019.0
2024-05-14 16:36:43.617000103,tgi_request_input_length_sum,http,10.128.4.63:3000,tgis-bam,fmaas-monitoring,llama3,openshift-user-workload-monitoring/user-workload,tgis-bam,114117.0
2024-05-14 16:36:48.617000103,tgi_request_input_length_sum,http,10.128.4.63:3000,tgis-bam,fmaas-monitoring,llama3,openshift-user-workload-monitoring/user-workload,tgis-bam,114178.0
2024-05-14 16:36:53.617000103,tgi_request_input_length_sum,http,10.128.4.63:3000,tgis-bam,fmaas-monitoring,llama3,openshift-user-workload-monitoring/user-workload,tgis-bam,114426.0
2024-05-14 16:36:58.617000103,tgi_request_input_length_sum,http,10.128.4.63:3000,tgis-bam,fmaas-monitoring,llama3,openshift-user-workload-monitoring/user-workload,tgis-bam,114536.0
2024-05-14 16:37:03.617000103,tgi_request_input_length_sum,http,10.128.4.63:3000,tgis-bam,fmaas-monitoring,llama3,openshift-user-workload-monitoring/user-workload,tgis-bam,114764.0
2024-05-14 16:37:08.617000103,tgi_request_input_length_sum,http,10.128.4.63:3000,tgis-bam,fmaas-monitoring,llama3,openshift-user-workload-monitoring/user-workload,tgis-bam,114931.0
2024-05-14 16:37:13.617000103,tgi_request_input_length_sum,http,10.128.4.63:3000,tgis-bam,fmaas-monitoring,llama3,openshift-user-workload-monitoring/user-workload,tgis-bam,114931.0
2024-05-14 16:37:18.617000103,tgi_request_input_length_sum,http,10.128.4.63:3000,tgis-bam,fmaas-monitoring,llama3,openshift-user-workload-monitoring/user-workload,tgis-bam,114931.0
2024-05-14 16:37:23.617000103,tgi_request_input_length_sum,http,10.128.4.63:3000,tgis-bam,fmaas-monitoring,llama3,openshift-user-workload-monitoring/user-workload,tgis-bam,114931.0
2024-05-14 16:37:28.617000103,tgi_request_input_length_sum,http,10.128.4.63:3000,tgis-bam,fmaas-monitoring,llama3,openshift-user-workload-monitoring/user-workload,tgis-bam,114931.0
2024-05-14 16:37:33.617000103,tgi_request_input_length_sum,http,10.128.4.63:3000,tgis-bam,fmaas-monitoring,llama3,openshift-user-workload-monitoring/user-workload,tgis-bam,114931.0
2024-05-14 16:37:38.617000103,tgi_request_input_length_sum,http,10.128.4.63:3000,tgis-bam,fmaas-monitoring,llama3,openshift-user-workload-monitoring/user-workload,tgis-bam,114931.0
2024-05-14 16:37:43.617000103,tgi_request_input_length_sum,http,10.128.4.63:3000,tgis-bam,fmaas-monitoring,llama3,openshift-user-workload-monitoring/user-workload,tgis-bam,114962.0
2024-05-14 16:37:48.617000103,tgi_request_input_length_sum,http,10.128.4.63:3000,tgis-bam,fmaas-monitoring,llama3,openshift-user-workload-monitoring/user-workload,tgis-bam,115091.0
2024-05-14 16:37:53.617000103,tgi_request_input_length_sum,http,10.128.4.63:3000,tgis-bam,fmaas-monitoring,llama3,openshift-user-workload-monitoring/user-workload,tgis-bam,115236.0
2024-05-14 16:37:58.617000103,tgi_request_input_length_sum,http,10.128.4.63:3000,tgis-bam,fmaas-monitoring,llama3,openshift-user-workload-monitoring/user-workload,tgis-bam,115325.0
2024-05-14 16:38:03.617000103,tgi_request_input_length_sum,http,10.128.4.63:3000,tgis-bam,fmaas-monitoring,llama3,openshift-user-workload-monitoring/user-workload,tgis-bam,115386.0
2024-05-14 16:38:08.617000103,tgi_request_input_length_sum,http,10.128.4.63:3000,tgis-bam,fmaas-monitoring,llama3,openshift-user-workload-monitoring/user-workload,tgis-bam,115489.0
2024-05-14 16:38:13.617000103,tgi_request_input_length_sum,http,10.128.4.63:3000,tgis-bam,fmaas-monitoring,llama3,openshift-user-workload-monitoring/user-workload,tgis-bam,115553.0
2024-05-14 16:38:18.617000103,tgi_request_input_length_sum,http,10.128.4.63:3000,tgis-bam,fmaas-monitoring,llama3,openshift-user-workload-monitoring/user-workload,tgis-bam,115633.0
2024-05-14 16:38:23.617000103,tgi_request_input_length_sum,http,10.128.4.63:3000,tgis-bam,fmaas-monitoring,llama3,openshift-user-workload-monitoring/user-workload,tgis-bam,115643.0
2024-05-14 16:38:28.617000103,tgi_request_input_length_sum,http,10.128.4.63:3000,tgis-bam,fmaas-monitoring,llama3,openshift-user-workload-monitoring/user-workload,tgis-bam,115643.0
2024-05-14 16:38:33.617000103,tgi_request_input_length_sum,http,10.128.4.63:3000,tgis-bam,fmaas-monitoring,llama3,openshift-user-workload-monitoring/user-workload,tgis-bam,115643.0
2024-05-14 16:38:38.617000103,tgi_request_input_length_sum,http,10.128.4.63:3000,tgis-bam,fmaas-monitoring,llama3,openshift-user-workload-monitoring/user-workload,tgis-bam,115643.0
2024-05-14 16:38:43.617000103,tgi_request_input_length_sum,http,10.128.4.63:3000,tgis-bam,fmaas-monitoring,llama3,openshift-user-workload-monitoring/user-workload,tgis-bam,115740.0
2024-05-14 16:38:48.617000103,tgi_request_input_length_sum,http,10.128.4.63:3000,tgis-bam,fmaas-monitoring,llama3,openshift-user-workload-monitoring/user-workload,tgis-bam,115776.0
2024-05-14 16:38:53.644000053,tgi_request_input_length_sum,http,10.128.4.63:3000,tgis-bam,fmaas-monitoring,llama3,openshift-user-workload-monitoring/user-workload,tgis-bam,115878.0
2024-05-14 16:38:58.617000103,tgi_request_input_length_sum,http,10.128.4.63:3000,tgis-bam,fmaas-monitoring,llama3,openshift-user-workload-monitoring/user-workload,tgis-bam,116008.0
2024-05-14 16:39:03.617000103,tgi_request_input_length_sum,http,10.128.4.63:3000,tgis-bam,fmaas-monitoring,llama3,openshift-user-workload-monitoring/user-workload,tgis-bam,116046.0
2024-05-14 16:39:08.617000103,tgi_request_input_length_sum,http,10.128.4.63:3000,tgis-bam,fmaas-monitoring,llama3,openshift-user-workload-monitoring/user-workload,tgis-bam,116088.0
2024-05-14 16:39:13.617000103,tgi_request_input_length_sum,http,10.128.4.63:3000,tgis-bam,fmaas-monitoring,llama3,openshift-user-workload-monitoring/user-workload,tgis-bam,116289.0
2024-05-14 16:39:18.617000103,tgi_request_input_length_sum,http,10.128.4.63:3000,tgis-bam,fmaas-monitoring,llama3,openshift-user-workload-monitoring/user-workload,tgis-bam,116369.0
2024-05-14 16:39:23.617000103,tgi_request_input_length_sum,http,10.128.4.63:3000,tgis-bam,fmaas-monitoring,llama3,openshift-user-workload-monitoring/user-workload,tgis-bam,116369.0
2024-05-14 16:39:28.617000103,tgi_request_input_length_sum,http,10.128.4.63:3000,tgis-bam,fmaas-monitoring,llama3,openshift-user-workload-monitoring/user-workload,tgis-bam,116369.0
2024-05-14 16:39:33.617000103,tgi_request_input_length_sum,http,10.128.4.63:3000,tgis-bam,fmaas-monitoring,llama3,openshift-user-workload-monitoring/user-workload,tgis-bam,116369.0
2024-05-14 16:39:38.617000103,tgi_request_input_length_sum,http,10.128.4.63:3000,tgis-bam,fmaas-monitoring,llama3,openshift-user-workload-monitoring/user-workload,tgis-bam,116369.0
2024-05-14 16:39:43.617000103,tgi_request_input_length_sum,http,10.128.4.63:3000,tgis-bam,fmaas-monitoring,llama3,openshift-user-workload-monitoring/user-workload,tgis-bam,116453.0
2024-05-14 16:39:48.617000103,tgi_request_input_length_sum,http,10.128.4.63:3000,tgis-bam,fmaas-monitoring,llama3,openshift-user-workload-monitoring/user-workload,tgis-bam,116558.0
2024-05-14 16:39:53.617000103,tgi_request_input_length_sum,http,10.128.4.63:3000,tgis-bam,fmaas-monitoring,llama3,openshift-user-workload-monitoring/user-workload,tgis-bam,116674.0
2024-05-14 16:39:58.617000103,tgi_request_input_length_sum,http,10.128.4.63:3000,tgis-bam,fmaas-monitoring,llama3,openshift-user-workload-monitoring/user-workload,tgis-bam,116734.0
2024-05-14 16:40:03.617000103,tgi_request_input_length_sum,http,10.128.4.63:3000,tgis-bam,fmaas-monitoring,llama3,openshift-user-workload-monitoring/user-workload,tgis-bam,116773.0
2024-05-14 16:40:08.617000103,tgi_request_input_length_sum,http,10.128.4.63:3000,tgis-bam,fmaas-monitoring,llama3,openshift-user-workload-monitoring/user-workload,tgis-bam,116908.0
2024-05-14 16:40:13.617000103,tgi_request_input_length_sum,http,10.128.4.63:3000,tgis-bam,fmaas-monitoring,llama3,openshift-user-workload-monitoring/user-workload,tgis-bam,117076.0
2024-05-14 16:40:18.617000103,tgi_request_input_length_sum,http,10.128.4.63:3000,tgis-bam,fmaas-monitoring,llama3,openshift-user-workload-monitoring/user-workload,tgis-bam,117080.0
2024-05-14 16:40:23.617000103,tgi_request_input_length_sum,http,10.128.4.63:3000,tgis-bam,fmaas-monitoring,llama3,openshift-user-workload-monitoring/user-workload,tgis-bam,117094.0
2024-05-14 16:40:28.617000103,tgi_request_input_length_sum,http,10.128.4.63:3000,tgis-bam,fmaas-monitoring,llama3,openshift-user-workload-monitoring/user-workload,tgis-bam,117094.0
2024-05-14 16:40:33.617000103,tgi_request_input_length_sum,http,10.128.4.63:3000,tgis-bam,fmaas-monitoring,llama3,openshift-user-workload-monitoring/user-workload,tgis-bam,117094.0
2024-05-14 16:40:38.617000103,tgi_request_input_length_sum,http,10.128.4.63:3000,tgis-bam,fmaas-monitoring,llama3,openshift-user-workload-monitoring/user-workload,tgis-bam,117094.0
2024-05-14 16:40:43.617000103,tgi_request_input_length_sum,http,10.128.4.63:3000,tgis-bam,fmaas-monitoring,llama3,openshift-user-workload-monitoring/user-workload,tgis-bam,117328.0
2024-05-14 16:40:48.617000103,tgi_request_input_length_sum,http,10.128.4.63:3000,tgis-bam,fmaas-monitoring,llama3,openshift-user-workload-monitoring/user-workload,tgis-bam,117386.0
2024-05-14 16:40:53.617000103,tgi_request_input_length_sum,http,10.128.4.63:3000,tgis-bam,fmaas-monitoring,llama3,openshift-user-workload-monitoring/user-workload,tgis-bam,117601.0
2024-05-14 16:40:58.617000103,tgi_request_input_length_sum,http,10.128.4.63:3000,tgis-bam,fmaas-monitoring,llama3,openshift-user-workload-monitoring/user-workload,tgis-bam,117794.0
2024-05-14 16:41:03.617000103,tgi_request_input_length_sum,http,10.128.4.63:3000,tgis-bam,fmaas-monitoring,llama3,openshift-user-workload-monitoring/user-workload,tgis-bam,117969.0
2024-05-14 16:41:08.617000103,tgi_request_input_length_sum,http,10.128.4.63:3000,tgis-bam,fmaas-monitoring,llama3,openshift-user-workload-monitoring/user-workload,tgis-bam,118085.0
2024-05-14 16:41:13.617000103,tgi_request_input_length_sum,http,10.128.4.63:3000,tgis-bam,fmaas-monitoring,llama3,openshift-user-workload-monitoring/user-workload,tgis-bam,118112.0
2024-05-14 16:41:18.617000103,tgi_request_input_length_sum,http,10.128.4.63:3000,tgis-bam,fmaas-monitoring,llama3,openshift-user-workload-monitoring/user-workload,tgis-bam,118249.0
2024-05-14 16:41:23.617000103,tgi_request_input_length_sum,http,10.128.4.63:3000,tgis-bam,fmaas-monitoring,llama3,openshift-user-workload-monitoring/user-workload,tgis-bam,118249.0
2024-05-14 16:41:28.617000103,tgi_request_input_length_sum,http,10.128.4.63:3000,tgis-bam,fmaas-monitoring,llama3,openshift-user-workload-monitoring/user-workload,tgis-bam,118249.0
2024-05-14 16:41:33.617000103,tgi_request_input_length_sum,http,10.128.4.63:3000,tgis-bam,fmaas-monitoring,llama3,openshift-user-workload-monitoring/user-workload,tgis-bam,118249.0
2024-05-14 16:41:38.617000103,tgi_request_input_length_sum,http,10.128.4.63:3000,tgis-bam,fmaas-monitoring,llama3,openshift-user-workload-monitoring/user-workload,tgis-bam,118249.0
2024-05-14 16:41:43.617000103,tgi_request_input_length_sum,http,10.128.4.63:3000,tgis-bam,fmaas-monitoring,llama3,openshift-user-workload-monitoring/user-workload,tgis-bam,118326.0
2024-05-14 16:41:48.617000103,tgi_request_input_length_sum,http,10.128.4.63:3000,tgis-bam,fmaas-monitoring,llama3,openshift-user-workload-monitoring/user-workload,tgis-bam,118378.0
2024-05-14 16:41:53.617000103,tgi_request_input_length_sum,http,10.128.4.63:3000,tgis-bam,fmaas-monitoring,llama3,openshift-user-workload-monitoring/user-workload,tgis-bam,118489.0
2024-05-14 16:41:58.617000103,tgi_request_input_length_sum,http,10.128.4.63:3000,tgis-bam,fmaas-monitoring,llama3,openshift-user-workload-monitoring/user-workload,tgis-bam,118566.0
2024-05-14 16:42:03.617000103,tgi_request_input_length_sum,http,10.128.4.63:3000,tgis-bam,fmaas-monitoring,llama3,openshift-user-workload-monitoring/user-workload,tgis-bam,118662.0
2024-05-14 16:42:08.617000103,tgi_request_input_length_sum,http,10.128.4.63:3000,tgis-bam,fmaas-monitoring,llama3,openshift-user-workload-monitoring/user-workload,tgis-bam,118884.0
2024-05-14 16:42:13.617000103,tgi_request_input_length_sum,http,10.128.4.63:3000,tgis-bam,fmaas-monitoring,llama3,openshift-user-workload-monitoring/user-workload,tgis-bam,118949.0
2024-05-14 16:42:18.617000103,tgi_request_input_length_sum,http,10.128.4.63:3000,tgis-bam,fmaas-monitoring,llama3,openshift-user-workload-monitoring/user-workload,tgis-bam,119111.0
2024-05-14 16:42:23.617000103,tgi_request_input_length_sum,http,10.128.4.63:3000,tgis-bam,fmaas-monitoring,llama3,openshift-user-workload-monitoring/user-workload,tgis-bam,119237.0
2024-05-14 16:42:28.617000103,tgi_request_input_length_sum,http,10.128.4.63:3000,tgis-bam,fmaas-monitoring,llama3,openshift-user-workload-monitoring/user-workload,tgis-bam,119237.0
2024-05-14 16:42:33.617000103,tgi_request_input_length_sum,http,10.128.4.63:3000,tgis-bam,fmaas-monitoring,llama3,openshift-user-workload-monitoring/user-workload,tgis-bam,119237.0
2024-05-14 16:42:38.617000103,tgi_request_input_length_sum,http,10.128.4.63:3000,tgis-bam,fmaas-monitoring,llama3,openshift-user-workload-monitoring/user-workload,tgis-bam,119237.0
2024-05-14 16:42:43.617000103,tgi_request_input_length_sum,http,10.128.4.63:3000,tgis-bam,fmaas-monitoring,llama3,openshift-user-workload-monitoring/user-workload,tgis-bam,119721.0
2024-05-14 16:42:48.617000103,tgi_request_input_length_sum,http,10.128.4.63:3000,tgis-bam,fmaas-monitoring,llama3,openshift-user-workload-monitoring/user-workload,tgis-bam,119808.0
2024-05-14 16:42:53.617000103,tgi_request_input_length_sum,http,10.128.4.63:3000,tgis-bam,fmaas-monitoring,llama3,openshift-user-workload-monitoring/user-workload,tgis-bam,119927.0
2024-05-14 16:42:58.617000103,tgi_request_input_length_sum,http,10.128.4.63:3000,tgis-bam,fmaas-monitoring,llama3,openshift-user-workload-monitoring/user-workload,tgis-bam,120077.0
2024-05-14 16:43:03.617000103,tgi_request_input_length_sum,http,10.128.4.63:3000,tgis-bam,fmaas-monitoring,llama3,openshift-user-workload-monitoring/user-workload,tgis-bam,120318.0
2024-05-14 16:43:08.617000103,tgi_request_input_length_sum,http,10.128.4.63:3000,tgis-bam,fmaas-monitoring,llama3,openshift-user-workload-monitoring/user-workload,tgis-bam,120318.0
2024-05-14 16:43:13.617000103,tgi_request_input_length_sum,http,10.128.4.63:3000,tgis-bam,fmaas-monitoring,llama3,openshift-user-workload-monitoring/user-workload,tgis-bam,120318.0
2024-05-14 16:43:18.617000103,tgi_request_input_length_sum,http,10.128.4.63:3000,tgis-bam,fmaas-monitoring,llama3,openshift-user-workload-monitoring/user-workload,tgis-bam,120318.0
2024-05-14 16:43:23.617000103,tgi_request_input_length_sum,http,10.128.4.63:3000,tgis-bam,fmaas-monitoring,llama3,openshift-user-workload-monitoring/user-workload,tgis-bam,120318.0
2024-05-14 16:43:28.617000103,tgi_request_input_length_sum,http,10.128.4.63:3000,tgis-bam,fmaas-monitoring,llama3,openshift-user-workload-monitoring/user-workload,tgis-bam,120318.0
2024-05-14 16:43:33.617000103,tgi_request_input_length_sum,http,10.128.4.63:3000,tgis-bam,fmaas-monitoring,llama3,openshift-user-workload-monitoring/user-workload,tgis-bam,120318.0
2024-05-14 16:43:38.617000103,tgi_request_input_length_sum,http,10.128.4.63:3000,tgis-bam,fmaas-monitoring,llama3,openshift-user-workload-monitoring/user-workload,tgis-bam,120318.0
2024-05-14 16:43:43.617000103,tgi_request_input_length_sum,http,10.128.4.63:3000,tgis-bam,fmaas-monitoring,llama3,openshift-user-workload-monitoring/user-workload,tgis-bam,120489.0
2024-05-14 16:43:48.617000103,tgi_request_input_length_sum,http,10.128.4.63:3000,tgis-bam,fmaas-monitoring,llama3,openshift-user-workload-monitoring/user-workload,tgis-bam,120736.0
2024-05-14 16:43:53.617000103,tgi_request_input_length_sum,http,10.128.4.63:3000,tgis-bam,fmaas-monitoring,llama3,openshift-user-workload-monitoring/user-workload,tgis-bam,120789.0
2024-05-14 16:43:58.617000103,tgi_request_input_length_sum,http,10.128.4.63:3000,tgis-bam,fmaas-monitoring,llama3,openshift-user-workload-monitoring/user-workload,tgis-bam,120860.0
2024-05-14 16:44:03.617000103,tgi_request_input_length_sum,http,10.128.4.63:3000,tgis-bam,fmaas-monitoring,llama3,openshift-user-workload-monitoring/user-workload,tgis-bam,120963.0
2024-05-14 16:44:08.617000103,tgi_request_input_length_sum,http,10.128.4.63:3000,tgis-bam,fmaas-monitoring,llama3,openshift-user-workload-monitoring/user-workload,tgis-bam,121011.0
2024-05-14 16:44:13.617000103,tgi_request_input_length_sum,http,10.128.4.63:3000,tgis-bam,fmaas-monitoring,llama3,openshift-user-workload-monitoring/user-workload,tgis-bam,121011.0
2024-05-14 16:44:18.617000103,tgi_request_input_length_sum,http,10.128.4.63:3000,tgis-bam,fmaas-monitoring,llama3,openshift-user-workload-monitoring/user-workload,tgis-bam,121105.0
2024-05-14 16:44:23.617000103,tgi_request_input_length_sum,http,10.128.4.63:3000,tgis-bam,fmaas-monitoring,llama3,openshift-user-workload-monitoring/user-workload,tgis-bam,121170.0
2024-05-14 16:44:28.617000103,tgi_request_input_length_sum,http,10.128.4.63:3000,tgis-bam,fmaas-monitoring,llama3,openshift-user-workload-monitoring/user-workload,tgis-bam,121170.0
2024-05-14 16:44:33.617000103,tgi_request_input_length_sum,http,10.128.4.63:3000,tgis-bam,fmaas-monitoring,llama3,openshift-user-workload-monitoring/user-workload,tgis-bam,121170.0
2024-05-14 16:44:38.617000103,tgi_request_input_length_sum,http,10.128.4.63:3000,tgis-bam,fmaas-monitoring,llama3,openshift-user-workload-monitoring/user-workload,tgis-bam,121170.0
2024-05-14 16:44:43.617000103,tgi_request_input_length_sum,http,10.128.4.63:3000,tgis-bam,fmaas-monitoring,llama3,openshift-user-workload-monitoring/user-workload,tgis-bam,121524.0
2024-05-14 16:44:48.617000103,tgi_request_input_length_sum,http,10.128.4.63:3000,tgis-bam,fmaas-monitoring,llama3,openshift-user-workload-monitoring/user-workload,tgis-bam,121572.0
2024-05-14 16:44:53.617000103,tgi_request_input_length_sum,http,10.128.4.63:3000,tgis-bam,fmaas-monitoring,llama3,openshift-user-workload-monitoring/user-workload,tgis-bam,121754.0
2024-05-14 16:44:58.617000103,tgi_request_input_length_sum,http,10.128.4.63:3000,tgis-bam,fmaas-monitoring,llama3,openshift-user-workload-monitoring/user-workload,tgis-bam,121924.0
2024-05-14 16:45:03.631999969,tgi_request_input_length_sum,http,10.128.4.63:3000,tgis-bam,fmaas-monitoring,llama3,openshift-user-workload-monitoring/user-workload,tgis-bam,122055.0
2024-05-14 16:45:08.622999907,tgi_request_input_length_sum,http,10.128.4.63:3000,tgis-bam,fmaas-monitoring,llama3,openshift-user-workload-monitoring/user-workload,tgis-bam,122213.0
2024-05-14 16:45:13.617000103,tgi_request_input_length_sum,http,10.128.4.63:3000,tgis-bam,fmaas-monitoring,llama3,openshift-user-workload-monitoring/user-workload,tgis-bam,122213.0
2024-05-14 16:45:18.617000103,tgi_request_input_length_sum,http,10.128.4.63:3000,tgis-bam,fmaas-monitoring,llama3,openshift-user-workload-monitoring/user-workload,tgis-bam,122213.0
2024-05-14 16:45:23.726000071,tgi_request_input_length_sum,http,10.128.4.63:3000,tgis-bam,fmaas-monitoring,llama3,openshift-user-workload-monitoring/user-workload,tgis-bam,122213.0
2024-05-14 16:45:28.617000103,tgi_request_input_length_sum,http,10.128.4.63:3000,tgis-bam,fmaas-monitoring,llama3,openshift-user-workload-monitoring/user-workload,tgis-bam,122213.0
2024-05-14 16:45:33.617000103,tgi_request_input_length_sum,http,10.128.4.63:3000,tgis-bam,fmaas-monitoring,llama3,openshift-user-workload-monitoring/user-workload,tgis-bam,122213.0
2024-05-14 16:45:38.617000103,tgi_request_input_length_sum,http,10.128.4.63:3000,tgis-bam,fmaas-monitoring,llama3,openshift-user-workload-monitoring/user-workload,tgis-bam,122213.0
2024-05-14 16:45:43.617000103,tgi_request_input_length_sum,http,10.128.4.63:3000,tgis-bam,fmaas-monitoring,llama3,openshift-user-workload-monitoring/user-workload,tgis-bam,122335.0
2024-05-14 16:45:48.617000103,tgi_request_input_length_sum,http,10.128.4.63:3000,tgis-bam,fmaas-monitoring,llama3,openshift-user-workload-monitoring/user-workload,tgis-bam,122355.0
2024-05-14 16:45:53.617000103,tgi_request_input_length_sum,http,10.128.4.63:3000,tgis-bam,fmaas-monitoring,llama3,openshift-user-workload-monitoring/user-workload,tgis-bam,122433.0
2024-05-14 16:45:58.617000103,tgi_request_input_length_sum,http,10.128.4.63:3000,tgis-bam,fmaas-monitoring,llama3,openshift-user-workload-monitoring/user-workload,tgis-bam,122472.0
2024-05-14 16:46:03.617000103,tgi_request_input_length_sum,http,10.128.4.63:3000,tgis-bam,fmaas-monitoring,llama3,openshift-user-workload-monitoring/user-workload,tgis-bam,122569.0
2024-05-14 16:46:08.617000103,tgi_request_input_length_sum,http,10.128.4.63:3000,tgis-bam,fmaas-monitoring,llama3,openshift-user-workload-monitoring/user-workload,tgis-bam,122861.0
2024-05-14 16:46:13.617000103,tgi_request_input_length_sum,http,10.128.4.63:3000,tgis-bam,fmaas-monitoring,llama3,openshift-user-workload-monitoring/user-workload,tgis-bam,122932.0
2024-05-14 16:46:18.617000103,tgi_request_input_length_sum,http,10.128.4.63:3000,tgis-bam,fmaas-monitoring,llama3,openshift-user-workload-monitoring/user-workload,tgis-bam,122984.0
2024-05-14 16:46:23.617000103,tgi_request_input_length_sum,http,10.128.4.63:3000,tgis-bam,fmaas-monitoring,llama3,openshift-user-workload-monitoring/user-workload,tgis-bam,122984.0
2024-05-14 16:46:28.617000103,tgi_request_input_length_sum,http,10.128.4.63:3000,tgis-bam,fmaas-monitoring,llama3,openshift-user-workload-monitoring/user-workload,tgis-bam,122984.0
2024-05-14 16:46:33.617000103,tgi_request_input_length_sum,http,10.128.4.63:3000,tgis-bam,fmaas-monitoring,llama3,openshift-user-workload-monitoring/user-workload,tgis-bam,122984.0
2024-05-14 16:46:38.617000103,tgi_request_input_length_sum,http,10.128.4.63:3000,tgis-bam,fmaas-monitoring,llama3,openshift-user-workload-monitoring/user-workload,tgis-bam,122984.0
2024-05-14 16:46:43.617000103,tgi_request_input_length_sum,http,10.128.4.63:3000,tgis-bam,fmaas-monitoring,llama3,openshift-user-workload-monitoring/user-workload,tgis-bam,123460.0
2024-05-14 16:46:48.617000103,tgi_request_input_length_sum,http,10.128.4.63:3000,tgis-bam,fmaas-monitoring,llama3,openshift-user-workload-monitoring/user-workload,tgis-bam,123631.0
2024-05-14 16:46:53.617000103,tgi_request_input_length_sum,http,10.128.4.63:3000,tgis-bam,fmaas-monitoring,llama3,openshift-user-workload-monitoring/user-workload,tgis-bam,123863.0
2024-05-14 16:46:58.617000103,tgi_request_input_length_sum,http,10.128.4.63:3000,tgis-bam,fmaas-monitoring,llama3,openshift-user-workload-monitoring/user-workload,tgis-bam,123965.0
2024-05-14 16:47:03.617000103,tgi_request_input_length_sum,http,10.128.4.63:3000,tgis-bam,fmaas-monitoring,llama3,openshift-user-workload-monitoring/user-workload,tgis-bam,124037.0
2024-05-14 16:47:08.617000103,tgi_request_input_length_sum,http,10.128.4.63:3000,tgis-bam,fmaas-monitoring,llama3,openshift-user-workload-monitoring/user-workload,tgis-bam,124037.0
2024-05-14 16:47:13.628000021,tgi_request_input_length_sum,http,10.128.4.63:3000,tgis-bam,fmaas-monitoring,llama3,openshift-user-workload-monitoring/user-workload,tgis-bam,124037.0
2024-05-14 16:47:18.617000103,tgi_request_input_length_sum,http,10.128.4.63:3000,tgis-bam,fmaas-monitoring,llama3,openshift-user-workload-monitoring/user-workload,tgis-bam,124037.0
2024-05-14 16:47:23.617000103,tgi_request_input_length_sum,http,10.128.4.63:3000,tgis-bam,fmaas-monitoring,llama3,openshift-user-workload-monitoring/user-workload,tgis-bam,124037.0
2024-05-14 16:47:28.617000103,tgi_request_input_length_sum,http,10.128.4.63:3000,tgis-bam,fmaas-monitoring,llama3,openshift-user-workload-monitoring/user-workload,tgis-bam,124037.0
2024-05-14 16:47:33.694999933,tgi_request_input_length_sum,http,10.128.4.63:3000,tgis-bam,fmaas-monitoring,llama3,openshift-user-workload-monitoring/user-workload,tgis-bam,124037.0
2024-05-14 16:47:38.617000103,tgi_request_input_length_sum,http,10.128.4.63:3000,tgis-bam,fmaas-monitoring,llama3,openshift-user-workload-monitoring/user-workload,tgis-bam,124037.0
2024-05-14 16:47:43.617000103,tgi_request_input_length_sum,http,10.128.4.63:3000,tgis-bam,fmaas-monitoring,llama3,openshift-user-workload-monitoring/user-workload,tgis-bam,124265.0
2024-05-14 16:47:48.617000103,tgi_request_input_length_sum,http,10.128.4.63:3000,tgis-bam,fmaas-monitoring,llama3,openshift-user-workload-monitoring/user-workload,tgis-bam,124359.0
2024-05-14 16:47:53.617000103,tgi_request_input_length_sum,http,10.128.4.63:3000,tgis-bam,fmaas-monitoring,llama3,openshift-user-workload-monitoring/user-workload,tgis-bam,124482.0
2024-05-14 16:47:58.617000103,tgi_request_input_length_sum,http,10.128.4.63:3000,tgis-bam,fmaas-monitoring,llama3,openshift-user-workload-monitoring/user-workload,tgis-bam,124495.0
2024-05-14 16:48:03.617000103,tgi_request_input_length_sum,http,10.128.4.63:3000,tgis-bam,fmaas-monitoring,llama3,openshift-user-workload-monitoring/user-workload,tgis-bam,124830.0
2024-05-14 16:48:08.617000103,tgi_request_input_length_sum,http,10.128.4.63:3000,tgis-bam,fmaas-monitoring,llama3,openshift-user-workload-monitoring/user-workload,tgis-bam,124987.0
2024-05-14 16:48:13.617000103,tgi_request_input_length_sum,http,10.128.4.63:3000,tgis-bam,fmaas-monitoring,llama3,openshift-user-workload-monitoring/user-workload,tgis-bam,125067.0
2024-05-14 16:48:18.617000103,tgi_request_input_length_sum,http,10.128.4.63:3000,tgis-bam,fmaas-monitoring,llama3,openshift-user-workload-monitoring/user-workload,tgis-bam,125067.0
2024-05-14 16:48:23.617000103,tgi_request_input_length_sum,http,10.128.4.63:3000,tgis-bam,fmaas-monitoring,llama3,openshift-user-workload-monitoring/user-workload,tgis-bam,125067.0
2024-05-14 16:48:28.617000103,tgi_request_input_length_sum,http,10.128.4.63:3000,tgis-bam,fmaas-monitoring,llama3,openshift-user-workload-monitoring/user-workload,tgis-bam,125067.0
2024-05-14 16:48:33.617000103,tgi_request_input_length_sum,http,10.128.4.63:3000,tgis-bam,fmaas-monitoring,llama3,openshift-user-workload-monitoring/user-workload,tgis-bam,125067.0
2024-05-14 16:48:38.617000103,tgi_request_input_length_sum,http,10.128.4.63:3000,tgis-bam,fmaas-monitoring,llama3,openshift-user-workload-monitoring/user-workload,tgis-bam,125067.0
2024-05-14 16:48:43.617000103,tgi_request_input_length_sum,http,10.128.4.63:3000,tgis-bam,fmaas-monitoring,llama3,openshift-user-workload-monitoring/user-workload,tgis-bam,125129.0
2024-05-14 16:48:48.617000103,tgi_request_input_length_sum,http,10.128.4.63:3000,tgis-bam,fmaas-monitoring,llama3,openshift-user-workload-monitoring/user-workload,tgis-bam,125211.0
2024-05-14 16:48:53.617000103,tgi_request_input_length_sum,http,10.128.4.63:3000,tgis-bam,fmaas-monitoring,llama3,openshift-user-workload-monitoring/user-workload,tgis-bam,125413.0
2024-05-14 16:48:58.617000103,tgi_request_input_length_sum,http,10.128.4.63:3000,tgis-bam,fmaas-monitoring,llama3,openshift-user-workload-monitoring/user-workload,tgis-bam,125451.0
2024-05-14 16:49:03.617000103,tgi_request_input_length_sum,http,10.128.4.63:3000,tgis-bam,fmaas-monitoring,llama3,openshift-user-workload-monitoring/user-workload,tgis-bam,125498.0
2024-05-14 16:49:08.617000103,tgi_request_input_length_sum,http,10.128.4.63:3000,tgis-bam,fmaas-monitoring,llama3,openshift-user-workload-monitoring/user-workload,tgis-bam,125715.0
2024-05-14 16:49:13.617000103,tgi_request_input_length_sum,http,10.128.4.63:3000,tgis-bam,fmaas-monitoring,llama3,openshift-user-workload-monitoring/user-workload,tgis-bam,125803.0
2024-05-14 16:49:18.617000103,tgi_request_input_length_sum,http,10.128.4.63:3000,tgis-bam,fmaas-monitoring,llama3,openshift-user-workload-monitoring/user-workload,tgis-bam,125839.0
2024-05-14 16:49:23.743999958,tgi_request_input_length_sum,http,10.128.4.63:3000,tgis-bam,fmaas-monitoring,llama3,openshift-user-workload-monitoring/user-workload,tgis-bam,125839.0
2024-05-14 16:49:28.617000103,tgi_request_input_length_sum,http,10.128.4.63:3000,tgis-bam,fmaas-monitoring,llama3,openshift-user-workload-monitoring/user-workload,tgis-bam,125839.0
2024-05-14 16:49:33.617000103,tgi_request_input_length_sum,http,10.128.4.63:3000,tgis-bam,fmaas-monitoring,llama3,openshift-user-workload-monitoring/user-workload,tgis-bam,125839.0
